12 20
block_4_1.txt
block_4_2.txt
block_4_3.txt
block_4_4.txt
block_4_5.txt
block_4_6.txt
block_4_7.txt
block_4_8.txt
block_4_9.txt
block_4_10.txt
block_4_11.txt
block_4_12.txt
7 1 6622
6 13 8187
12 6 3496
5 7 3317
3 6 6158
9 3 3153
1 5 8696
7 2 9096
4 10 7529
12 11 2094
1 12 6690
8 2 6216
3 11 3811
7 6 5859
6 5 3709
1 6 1256
6 4 5727
8 10 8349
10 10 3382
6 16 6477
9 3 2040
5 4 1337
5 4 7682
9 9 1464
2 6 6911
5 12 9339
8 10 9979
7 8 3445
3 12 4236
9 7 8119
7 9 6099
4 9 6570
2 13 1980
3 13 6417
4 5 1593
2 5 2825
6 7 8900
9 16 7237
11 10 4539
6 2 9086
