14 25
block_5_1.txt
block_5_2.txt
block_5_3.txt
block_5_4.txt
block_5_5.txt
block_5_6.txt
block_5_7.txt
block_5_8.txt
block_5_9.txt
block_5_10.txt
block_5_11.txt
block_5_12.txt
block_5_13.txt
block_5_14.txt
9 8 15451
6 10 94586
3 14 46967
9 14 12599
9 7 28496
5 20 81452
2 18 29761
8 6 95341
7 14 41425
14 9 85684
2 5 61040
11 18 59603
3 20 99031
13 13 27825
13 10 36050
10 18 86306
14 16 57081
12 17 88652
14 10 95924
12 4 52400
10 16 81148
5 2 28466
12 7 58185
3 6 46867
7 21 12128
11 19 42827
5 20 45045
7 17 58923
7 15 60311
6 6 64745
7 9 68616
13 11 70567
6 3 22267
7 13 26287
9 22 90753
7 15 84141
6 11 98750
6 2 43315
13 17 71464
6 1 25038
13 15 95864
9 21 23421
1 11 36726
2 12 88590
8 21 55957
4 22 76083
2 10 58190
1 2 32811
13 11 77545
5 19 47237
