16 500
block_6_1.txt
block_6_2.txt
block_6_3.txt
block_6_4.txt
block_6_5.txt
block_6_6.txt
block_6_7.txt
block_6_8.txt
block_6_9.txt
block_6_10.txt
block_6_11.txt
block_6_12.txt
block_6_13.txt
block_6_14.txt
block_6_15.txt
block_6_16.txt
1 190 598366
9 233 426853
14 22 685539
2 140 770066
1 185 674020
1 259 683152
4 33 510242
2 93 209497
2 179 710962
13 99 287065
3 198 751679
10 253 293403
1 208 283073
11 20 941316
1 266 931239
3 112 195522
2 225 408461
10 8 111609
4 92 216350
14 238 783100
6 21 737516
3 154 567571
6 84 248325
13 60 249861
9 113 733561
7 240 462785
13 236 333742
12 235 653879
4 250 372503
5 217 250031
14 179 378978
5 126 118207
3 173 318447
4 214 737437
3 215 470151
8 238 236953
3 108 808245
8 13 996221
2 126 148961
15 159 178676
10 74 337520
8 159 268841
13 178 717827
15 259 386170
15 147 704789
7 197 218952
9 192 101764
15 51 558446
8 231 216815
6 99 371286
12 189 837768
5 203 784582
5 158 849823
11 233 144587
2 128 146429
14 216 142060
12 153 829776
9 261 489942
12 9 520166
4 56 468096
10 30 883104
10 111 897056
12 70 451600
12 294 422492
10 207 854537
8 85 839655
5 236 583755
13 232 368776
14 41 229256
8 55 237498
2 94 758433
3 248 727641
9 244 297168
9 36 298007
6 28 971505
4 265 403147
12 107 128775
3 134 148235
14 157 560020
9 204 653903
7 187 875950
10 55 192664
5 137 193392
7 144 219769
4 230 923453
5 35 858156
9 102 602810
11 6 542182
2 129 167611
13 125 579280
15 211 929031
9 203 550255
11 144 697797
12 102 342380
3 254 297123
6 5 904401
9 111 216003
8 141 764922
5 155 422044
1 75 501052
11 56 407800
4 11 564202
8 160 791961
1 25 966765
14 103 940168
7 251 469188
9 146 326663
5 185 569544
1 55 751801
2 180 994261
8 142 200600
15 128 135173
8 154 539029
13 62 440272
13 93 717904
11 129 111907
13 109 727917
7 163 710776
5 81 440551
2 221 839914
7 88 111093
10 156 231209
12 50 554707
14 182 263822
9 254 180842
6 163 143138
14 4 175983
10 106 484072
13 119 629752
15 111 545363
13 92 944265
12 195 702190
1 5 650995
1 6 660596
4 189 646082
5 215 639614
9 5 763790
2 115 114309
14 252 122626
11 126 529855
1 154 108577
9 214 144958
4 1 653664
3 258 690629
10 73 627300
3 262 419092
5 232 494374
1 67 308151
14 17 458178
12 118 838534
12 284 290005
4 120 605625
3 162 798617
6 69 425362
9 97 672902
12 226 309777
14 157 208399
9 132 725512
8 25 305521
13 166 329440
5 59 833984
14 157 306542
8 114 367470
13 36 820442
11 243 120702
5 12 575486
4 239 621331
9 249 883168
12 283 117921
8 104 939540
10 53 577005
6 247 553195
11 239 358422
8 136 841605
9 43 511159
15 52 889602
13 250 347434
12 86 191137
9 217 153172
13 81 733063
14 164 781578
15 83 879364
10 249 179739
11 257 764174
13 136 804687
10 7 983319
5 23 467383
12 32 605424
13 234 348885
3 90 634185
10 163 279553
12 115 491175
6 93 392591
7 4 519245
11 264 241597
4 40 712501
4 229 814956
8 202 863874
1 23 658253
6 118 622992
2 72 713728
9 217 125594
12 115 447359
4 140 658960
13 60 521251
14 124 802994
10 158 777737
4 233 723634
13 222 784507
7 181 375032
1 249 720596
11 220 121190
3 153 208913
2 185 706664
6 70 853207
11 233 468380
8 155 217318
4 14 812085
13 189 514911
10 5 584817
15 237 380547
10 161 181551
13 103 110028
7 49 242666
1 55 474712
6 156 465870
15 109 542503
13 125 753627
11 151 749891
10 123 236750
9 133 583339
15 25 898454
3 10 940318
12 231 751885
8 29 370281
14 105 174469
5 100 696909
4 237 899145
13 89 761605
13 177 629906
6 166 428000
12 9 267741
5 97 894756
3 158 504727
5 111 234205
10 91 883521
15 139 501844
4 290 896846
7 81 105864
11 117 587827
9 85 777826
9 23 670667
9 236 941165
3 28 993301
14 156 858618
11 27 934264
7 115 485894
5 121 322136
4 87 586589
5 227 846623
1 98 540350
2 121 323515
13 64 752983
4 207 673752
14 5 880766
15 49 157053
12 161 803621
5 4 739710
5 31 689704
2 110 381299
5 124 567833
2 97 206030
12 178 830788
15 151 586206
8 209 359839
4 174 367590
5 146 112456
13 146 462889
10 128 748854
7 274 536703
4 101 613574
9 205 436044
2 168 366619
11 82 331423
14 199 646504
12 13 967868
3 154 163295
1 40 199932
3 263 268089
11 133 743650
2 73 921930
13 119 644436
10 260 200978
3 100 519405
10 205 593646
6 148 833986
2 21 459564
10 68 919754
7 243 362548
6 79 927841
9 207 798008
3 214 646969
9 259 400359
13 119 807703
8 227 116089
11 62 482377
8 204 648069
9 219 821249
13 31 397709
14 179 936703
8 136 486198
2 128 317841
13 184 727717
2 123 249240
15 12 314202
4 31 108422
15 142 380734
12 84 662888
12 273 218173
10 264 934292
10 158 898136
9 208 219195
3 27 445393
2 219 600724
15 189 257765
10 200 908635
7 221 501011
7 169 674143
8 236 622115
5 171 527309
11 16 190302
13 227 559685
15 119 622237
11 217 247102
7 252 880601
8 194 313826
5 21 556699
3 181 287104
14 98 952174
1 86 922119
3 252 321504
11 209 991981
13 243 910863
9 71 775092
13 61 330883
2 97 214685
5 152 809021
6 46 795318
9 83 488288
3 194 818329
8 107 588722
3 146 224505
11 14 313551
10 35 429491
15 218 773278
4 107 224745
5 252 943902
1 102 869489
3 64 479652
9 203 972007
7 219 336537
11 29 780296
12 269 576102
10 104 853728
6 136 590104
9 36 109006
1 112 377406
7 188 465293
7 247 698774
13 136 113793
10 54 396782
1 161 952626
13 25 152103
9 97 943196
8 119 248312
5 33 977755
10 33 110524
13 107 487751
4 199 275216
14 182 137532
15 25 233738
14 66 814547
14 92 605858
4 243 224293
7 41 699938
6 256 260062
5 42 796747
2 98 164148
7 7 379390
10 43 347810
2 218 443981
5 237 796739
7 3 502428
2 206 726348
15 76 703111
2 98 676207
10 34 117500
7 121 289485
15 120 779782
12 37 970651
5 22 953155
11 69 205729
7 205 905024
15 135 213989
5 241 134390
11 135 380964
13 52 356991
13 229 657631
2 185 407549
11 105 627894
13 166 112042
7 13 305920
9 35 698632
15 207 487867
9 227 246192
7 217 795995
10 5 217561
14 179 302957
15 75 680750
15 111 978172
1 223 133510
11 254 674227
8 217 716530
9 149 127258
4 264 916479
12 172 317441
4 128 243957
2 172 454307
8 256 338796
14 165 491365
10 89 401915
1 137 877942
15 198 712018
8 3 828049
5 89 486891
14 136 313961
3 139 677876
4 148 869283
15 189 823330
15 191 899750
11 214 843054
12 75 802491
4 75 653109
13 118 677270
8 143 640909
12 290 582064
11 170 751024
15 240 478949
14 36 453413
12 231 388549
14 179 934323
1 65 223195
4 271 406106
3 109 581892
13 97 780455
11 193 896521
14 198 704941
1 75 696066
6 131 687373
8 76 381168
6 222 197986
5 182 979957
1 68 860685
15 197 173498
6 30 653349
15 124 804376
7 210 969273
11 194 121613
11 159 368585
9 49 605225
5 215 655788
12 186 601164
8 61 716705
15 266 990990
6 2 938047
8 240 966461
11 250 231685
12 135 815591
2 240 313595
3 79 233239
10 224 100243
14 34 867021
5 252 727952
7 179 298326
12 70 572633
4 195 531871
14 153 977427
5 51 306958
15 73 135243
3 63 838176
13 60 964987
6 221 448236
13 234 297889
14 118 585729
12 142 920589
8 130 342945
6 177 509284
3 130 571204
10 145 318622
2 47 409454
