18 1000
block_7_1.txt
block_7_2.txt
block_7_3.txt
block_7_4.txt
block_7_5.txt
block_7_6.txt
block_7_7.txt
block_7_8.txt
block_7_9.txt
block_7_10.txt
block_7_11.txt
block_7_12.txt
block_7_13.txt
block_7_14.txt
block_7_15.txt
block_7_16.txt
block_7_17.txt
block_7_18.txt
14 63 4461952
11 318 6724125
17 223 4120171
7 245 7598548
14 51 9774242
2 191 8991448
14 71 6543249
16 122 6902239
9 63 4345698
3 318 6418778
12 324 7686449
9 36 7331722
3 142 3972680
14 400 4156312
15 51 6603947
7 392 4670231
11 153 8122241
10 332 1235580
15 137 1438219
4 335 5172662
5 3 5394970
8 196 2452013
8 190 3452047
2 85 6194910
7 78 9201490
11 214 5258432
4 153 2566117
3 15 6043588
3 134 6351724
8 56 4260009
16 227 8162567
6 314 4363359
4 86 5997002
5 165 2684903
17 184 4391117
16 439 5403745
9 170 7099113
9 227 3912206
1 264 9859012
6 446 6464967
13 419 1164324
1 425 6167400
7 125 2469365
10 20 1171471
4 314 1329228
1 269 8224677
14 26 4385373
10 119 5011004
4 266 1947448
15 142 5299651
10 8 5380112
5 42 1261354
6 242 8406846
11 269 8319328
13 250 1661819
16 100 9518217
16 273 8229029
17 178 8762450
15 185 5558895
16 226 3282606
7 185 4459489
2 266 5532582
3 73 2181853
10 90 7596996
17 206 7566214
3 347 8512430
4 49 2395076
14 228 5377992
7 309 5096004
11 222 6328547
12 177 4244426
14 437 7995715
9 273 9738696
4 10 7250582
11 17 8686664
9 115 5710284
16 120 6931200
2 202 5711012
3 154 2422273
6 277 7490314
1 224 7083382
8 183 8207217
10 156 5708611
17 144 4788055
17 66 2758061
13 328 9874842
8 281 9670266
16 49 3903264
6 310 9871519
1 39 4019332
12 53 5270878
1 405 1838865
9 213 2059510
13 8 4983524
11 263 9033810
15 138 7169049
8 11 1609989
17 49 7787527
5 124 9482733
6 381 9459546
16 26 5687984
9 305 4801222
1 53 1862038
7 88 5362192
15 54 1937211
6 365 2829111
4 4 1759233
16 182 4826565
11 335 4129970
6 410 3098979
9 405 7389938
1 11 3427780
15 5 5369665
4 111 3631773
16 278 7252941
6 191 6879352
9 335 2800152
9 303 5261261
4 116 8933355
1 172 6458342
10 178 1735014
13 170 5925934
8 178 7562512
4 319 9459062
12 238 8984350
4 251 2212516
2 358 4394651
4 92 1937102
15 247 6594001
11 167 7149089
10 163 1837562
1 239 9446038
15 153 2450669
2 410 5584542
1 230 5267924
10 45 1688610
9 26 5479227
1 138 7094188
17 170 5806443
16 110 1351282
14 271 2028252
12 246 8166135
7 304 2769633
17 229 2106660
16 414 9780922
1 58 6377216
10 278 1837143
9 369 6114306
2 456 3674921
2 218 6573372
7 317 4730393
8 170 1480152
9 423 8021604
6 362 9771497
3 188 8747527
16 183 9102482
12 368 8737270
6 324 9616622
17 148 7820908
10 360 4158945
15 352 1160925
3 251 2750833
5 203 1839665
16 199 6306505
4 333 1194480
10 118 3717922
12 82 3035318
2 310 8622710
6 61 3272962
3 156 2655171
9 69 5909318
17 161 5024271
7 60 6691209
13 77 3450581
15 20 6698675
3 313 7160081
1 385 6266001
4 288 8074300
5 228 4344643
2 418 2119603
13 166 5300151
3 143 5611173
4 222 2910164
4 198 6240562
2 91 3590383
17 243 3927106
17 259 7787354
12 272 2309065
6 350 3763394
14 469 6378217
8 47 4301919
14 381 6189805
2 322 8307084
6 397 8547360
3 330 6152391
7 174 8998323
4 69 8068847
7 147 2368916
15 233 2443042
11 253 8722881
3 267 7936808
3 53 9009140
14 147 4561290
10 220 1328173
6 197 1370378
4 44 1465805
10 262 6595776
12 183 7099226
6 50 7699692
3 435 8713069
8 187 3017854
1 112 3934763
6 220 7575651
16 269 4495321
7 173 7351509
3 466 9625555
17 88 2727810
8 35 1653748
7 408 4703712
15 104 2988997
13 283 2979935
11 106 5764921
10 9 8458928
13 410 2152975
6 325 3510420
12 307 2168075
7 414 2854990
15 210 4783024
3 102 4954442
2 39 7641182
2 341 9307719
13 412 6217831
11 139 5283066
13 446 6938380
14 332 5019728
4 322 1255559
10 256 7057880
17 177 8648410
15 135 8107360
7 345 8366046
8 61 2318207
16 374 7078694
11 249 2971537
7 18 4131814
14 124 6346914
4 339 2567063
13 351 2377325
16 146 3265495
11 232 4685896
7 59 7730458
11 262 7222647
4 337 1842986
15 304 2659645
10 366 2120330
15 314 9600892
16 481 6283709
7 149 9950408
8 68 4624148
7 68 7991074
2 348 7590135
16 211 4074836
10 170 2434227
2 25 5552006
7 349 2491550
4 295 6552345
8 211 3244648
1 248 1113588
14 178 8761456
1 3 7509664
10 212 7791410
4 194 4574309
1 46 1234663
5 291 6131631
13 183 7022443
2 3 2988103
3 355 1737922
8 362 1305013
8 140 2646904
10 321 5021127
12 264 8549963
6 55 9111821
10 249 2965248
14 274 5324644
6 71 4768030
11 263 8287142
15 333 2881246
9 166 8004056
4 174 9970651
12 213 2612159
2 260 4338213
16 490 9678314
10 195 5270977
17 272 3666899
4 267 9879990
4 222 5890017
1 216 3681425
1 139 4470541
16 203 2164879
12 234 4538447
6 303 3561703
7 354 6542855
3 92 2192283
10 38 4449494
6 354 6809213
3 28 7377112
9 1 4832549
16 347 3220398
4 312 9984476
9 401 3933514
15 313 2159129
13 404 2596208
14 150 4666151
8 238 5362189
15 143 6937893
5 142 2180655
17 193 6163562
2 176 5877306
2 148 8354309
13 316 2692702
10 186 1289367
8 122 5615531
8 272 2380035
4 98 3660365
15 175 8198269
5 281 1570999
5 99 8475591
2 303 4193372
3 430 9802210
17 138 2009476
7 188 1886588
4 79 2189527
3 396 8143801
13 201 7323696
11 33 5487451
3 128 4741258
14 62 6904944
5 78 7212753
9 44 6937884
2 263 1045575
17 180 4658747
3 233 9294916
7 111 5942175
4 89 7235698
12 237 2537833
4 23 7655033
1 176 6910758
6 443 7159144
7 146 3089918
15 56 1072705
9 320 9037503
1 362 7057572
10 218 6141075
12 141 9319270
8 147 3010651
10 161 2740853
4 309 6459815
3 239 6848776
5 205 2720233
6 389 8171749
9 161 8618453
1 361 5416549
11 309 4779865
9 110 4414978
6 221 4065016
17 307 2321129
12 338 8214587
14 126 8686834
7 238 7003030
17 69 5702530
9 14 3589668
9 33 9429267
2 108 6417831
8 55 8573596
8 244 1426263
12 155 4703254
13 123 9420369
6 217 4776728
2 62 4719893
5 233 1372169
15 136 7586992
1 74 3011336
3 149 6950467
2 202 3478360
2 313 5237225
8 194 5408487
12 202 3453164
10 335 6745047
14 8 5476571
13 253 7181327
5 421 7353525
15 278 3859973
16 298 6309166
15 77 4957420
6 70 8261772
3 53 3529999
9 176 3287914
12 115 5260404
1 262 1151499
5 162 3384426
15 11 9565383
10 73 6336136
4 175 3737553
7 209 3009512
7 143 1393347
5 143 9833095
11 164 9167116
4 302 9566357
10 348 5056412
11 127 3421296
8 174 9072848
4 77 7077699
15 56 5121426
7 167 7255928
10 36 6839144
3 59 4407463
4 115 9507598
17 191 8244945
4 3 7449498
17 47 9191442
17 3 1058718
1 395 1075183
15 29 8819655
15 143 5493852
5 80 4131385
15 61 9228268
5 242 8625823
9 403 8919929
3 456 9093436
6 189 8307885
5 135 5926523
9 241 3327427
4 87 3410162
9 83 6452424
14 216 2383110
13 401 1977099
8 338 3579904
5 298 5649564
5 346 5009443
16 246 6750866
7 439 1353306
3 107 9492054
17 285 3511915
8 205 2679940
3 295 4818989
3 375 2783163
15 147 9061527
7 412 9271665
10 209 6911927
15 342 1967194
11 175 3922190
13 342 5183398
9 336 1758629
7 35 2127680
6 337 4146984
5 57 6489946
17 255 2943962
15 166 3963386
1 131 9349309
5 28 5344860
1 48 5904030
17 267 2452247
2 273 9896735
4 14 4204632
1 348 4721028
14 435 7368531
4 258 2383772
10 11 6109333
13 19 9885884
4 20 2891652
14 396 6039499
13 198 4270350
6 38 5117485
3 78 5951851
16 103 4967552
11 229 1142175
11 110 9468332
15 50 2844063
2 296 1788617
3 415 8435760
15 63 9500789
15 350 2302552
10 149 7430323
9 142 5218827
6 71 6186257
4 75 7582679
9 309 2472109
16 276 8299469
17 135 1654009
7 263 5922507
5 200 7036666
4 79 1730469
11 93 6916215
6 205 5062919
1 398 2013697
11 59 9900153
9 409 9530876
2 146 9609311
9 311 6936044
11 163 9972910
1 326 6764229
14 445 6811856
2 93 6612073
4 66 3253029
14 119 3507580
16 127 8275349
4 41 3235651
4 291 1255419
14 187 9994037
14 411 2871551
10 124 4567910
4 269 5797453
2 368 2928073
14 260 5096835
11 315 7573884
11 123 5279056
5 61 4335139
10 295 5030997
10 219 6844215
11 143 2953423
17 161 1157115
8 371 8839947
8 185 2288344
7 268 1934425
8 192 8928551
17 17 3838153
4 313 8366242
1 288 3108127
1 14 5341249
17 221 9362977
16 59 8659176
17 52 8719388
10 41 6664779
5 42 8297398
17 107 7497468
11 164 3146371
11 220 1614388
12 173 7083368
10 233 7976790
12 230 7200975
13 79 3947285
10 315 2012498
9 258 5824956
1 12 7788756
16 173 5525930
10 258 6386224
1 13 4771742
1 271 4517315
12 371 9184331
7 376 5495420
5 202 1626485
1 212 3866263
3 411 6809729
17 73 5727220
17 289 7705731
7 31 1248888
9 393 7893292
4 53 1857556
13 451 4218028
2 180 2419592
7 38 3150932
2 299 5405189
4 2 4001608
5 248 8530589
10 101 8660501
2 7 7592105
4 294 3761906
5 165 2519063
17 220 2690681
8 130 2307488
12 254 8078016
15 94 2108873
9 63 8933620
13 133 7629255
12 49 3754896
9 272 5240896
3 369 8894062
6 438 9724902
8 357 3807666
13 134 5508537
15 13 2409750
11 49 9659148
15 97 5584448
5 240 1703367
6 133 4337115
1 4 8601717
17 165 2101382
2 387 3401913
15 68 6050175
13 306 1929129
9 396 4835065
13 400 3696478
1 143 1190307
16 408 7232930
11 144 5756771
3 294 8978462
2 36 9769141
13 355 7946776
2 413 1141211
14 92 4740490
8 226 1325297
8 356 9359287
7 350 4326919
3 136 1692674
5 127 2922705
11 209 9867657
17 31 2954128
8 234 3677136
13 45 7613627
8 312 6837814
15 112 7634175
1 189 6051820
3 74 8565332
15 41 6024962
5 105 1691472
9 407 3413225
16 2 5532225
15 114 8789162
1 354 6513201
14 194 6200918
14 167 9098294
2 97 5783767
12 391 7956753
16 483 4994258
1 418 8617933
5 389 8801817
1 103 6027856
13 17 6211937
12 307 2847162
10 303 5322906
6 387 2531032
17 295 1660254
12 85 8750435
9 289 3045629
8 270 6381776
3 423 3787625
16 474 5127493
12 114 6593947
14 233 5144472
15 39 9852341
13 269 2885758
6 291 1393146
13 54 1890341
6 371 5228735
8 250 8615876
8 106 3341753
9 5 3993942
1 356 2459572
11 276 7067209
14 306 8354344
14 338 9572576
9 290 2915853
13 122 3353799
4 190 1733945
11 231 6593348
9 363 5046761
6 412 5995577
12 136 5243292
12 159 8922332
12 161 3304327
12 126 8153794
4 187 9473435
12 133 7322684
1 232 5372800
10 114 2170782
9 255 9658420
15 194 1055844
5 130 7710686
11 62 7992115
1 315 9092051
5 130 2013867
17 112 3674559
11 124 4706694
8 404 2090226
5 293 2092554
8 371 6445663
14 468 8482861
16 199 2190793
6 36 1598502
1 161 5362762
6 143 1607565
14 292 2475340
6 241 4099586
13 126 6387363
16 367 1342404
14 25 9247060
12 377 9652933
13 356 1541669
10 330 5045546
9 69 6839253
4 52 8707693
12 168 7557822
15 66 7885195
14 84 1027358
10 253 5011759
1 212 5211987
6 8 7419940
1 44 2273064
10 152 7783571
1 245 5787053
13 74 1039752
1 94 5976535
9 99 5326442
11 247 5218483
11 5 2789498
14 346 3591091
10 119 9570858
4 160 5051577
16 84 8265992
11 250 2420954
15 32 2277131
10 284 8391897
5 261 2833124
16 195 2193684
7 71 5727538
7 143 7963036
8 246 2575170
5 17 3713086
11 193 4733771
12 319 8162193
12 92 2063544
4 82 8246988
4 257 9477453
17 75 2327788
7 293 5097419
11 46 1428851
15 90 2207696
11 331 2568283
2 156 8615557
17 201 7726107
6 357 4046283
3 62 1221644
11 103 8348022
16 14 5982673
11 22 7678174
9 14 4350487
16 264 1051643
2 133 7720181
8 186 5826972
7 234 2245947
12 285 2044959
7 263 8832329
9 213 8316838
10 166 5000741
9 35 5025335
7 286 8067117
2 407 8594847
9 61 2966283
12 139 5009216
8 349 8230730
6 12 7543436
14 421 1452263
13 240 9243073
15 82 2583117
3 85 7798298
4 229 3574704
11 298 2494222
11 24 8379254
16 272 7210527
5 385 9934451
1 219 3963432
11 216 5414996
3 207 3848504
17 183 1468197
5 326 1264939
5 317 6485318
12 116 9902777
13 68 6206234
1 217 7425529
5 158 7569869
8 150 9616417
5 262 7325675
7 186 9838987
16 442 6175257
7 3 2558551
11 199 5996928
12 243 1756653
4 222 4323886
13 385 1902733
7 383 7580407
12 22 9965170
14 373 8987897
15 207 9746443
4 77 8692975
10 82 8703743
7 336 1708157
14 97 6166221
17 274 1045615
2 221 3628456
17 265 6748129
8 239 3530266
1 235 2910939
15 290 4027832
7 6 4485276
16 96 4562324
16 65 8862928
11 126 1951949
1 462 8641757
7 318 3580921
4 112 8583033
17 203 6953234
5 270 1344165
6 75 4153260
8 248 1330107
12 253 7955431
2 304 3828022
11 114 9901368
17 115 2298536
12 175 2077992
2 130 5084951
3 192 3521725
15 93 2573437
3 86 7770544
9 151 4549014
2 204 8219265
5 220 4666772
17 278 8894336
10 119 2489521
5 353 2453728
16 150 1712552
13 83 2374067
11 107 3518274
7 344 8755428
12 174 9696091
17 72 2144466
16 296 2324870
17 40 9425434
10 245 6665590
12 131 7352985
5 385 9762580
1 121 6537703
10 64 1224347
15 335 6800880
5 143 5354818
7 76 9409099
1 143 6144622
1 454 7484825
7 436 4057923
9 116 8719741
10 339 1929532
7 253 8775962
2 380 8512715
12 371 5129941
1 453 8404788
12 229 3948603
11 265 6134412
13 240 6615863
5 185 3492419
12 345 8835487
8 296 8561883
6 170 7134263
6 38 6359893
14 145 2399402
11 138 1703274
11 43 3030896
17 73 8302990
2 125 3834944
17 211 1111384
17 264 3256591
3 404 9034129
2 278 4899151
10 276 8321750
11 51 1068355
8 208 4472992
15 112 7947770
12 219 7525581
3 189 2384026
9 26 4573142
2 224 4906576
7 343 5892428
17 304 9408365
12 177 3124870
8 153 7493071
17 253 4783186
2 194 1789669
17 302 6447358
16 437 9873182
3 432 9964402
1 192 4532290
5 314 5730954
15 324 6091849
14 311 3169999
15 122 2947966
3 204 9538164
5 210 2516597
8 230 3100604
13 215 2735290
4 312 9690468
12 210 5354549
11 107 4266755
5 401 7958196
17 191 7935267
14 297 5756254
4 69 1173484
15 70 4989845
8 331 9613422
10 315 3945444
5 7 4811508
15 93 5846638
16 106 6305691
12 99 3576411
9 376 4857434
16 469 8497297
11 114 7415933
3 385 1472659
13 404 1974687
13 140 8971398
1 333 6760250
5 281 9114053
2 319 5177087
17 219 6729758
5 91 3074981
7 87 9983560
12 46 4744001
7 158 3936452
8 212 7996817
7 296 1679780
3 276 5194943
3 289 1485120
5 96 6194025
10 98 5985813
14 87 7059957
11 104 6775797
4 319 3636086
13 127 5942811
4 329 7277121
2 430 6464787
17 261 5708261
7 166 8438171
12 213 4456173
12 189 3038806
2 378 3446114
17 94 7440312
12 272 9832374
4 174 6679699
17 288 6232790
11 282 5996907
2 61 4322829
16 106 3971010
5 48 8850284
8 155 2091051
1 370 2264304
2 433 9333089
4 125 7996852
10 207 1692005
10 284 2387836
13 400 2936973
7 413 5435739
17 121 6246026
8 333 4465907
4 188 7665178
2 211 7634698
3 356 4925937
9 124 5240071
3 370 1709365
16 52 7229481
6 255 7700456
1 461 6485152
4 281 6556886
16 487 3849467
14 95 5281588
12 276 8258440
5 137 6875062
12 187 9838820
11 168 4649244
15 170 5301725
7 278 9222276
13 41 5840381
5 396 1827847
4 342 9430190
13 6 8264893
8 67 9692925
16 208 7669628
15 155 3794446
12 165 4366220
15 52 3632875
5 130 2459506
12 321 9217053
4 289 7062259
3 127 1247792
2 56 1933561
8 154 3781220
11 81 5185684
17 41 4481731
4 152 5902106
4 216 7714152
14 326 6328997
3 96 6874516
2 381 8175797
9 242 2251912
1 237 4538812
3 160 2864274
17 179 5076827
4 226 9127338
15 154 4288243
4 60 5386699
6 202 5957699
3 166 1208312
14 120 8346732
8 104 8012872
2 328 6488020
