20 1000
block_8_1.txt
block_8_2.txt
block_8_3.txt
block_8_4.txt
block_8_5.txt
block_8_6.txt
block_8_7.txt
block_8_8.txt
block_8_9.txt
block_8_10.txt
block_8_11.txt
block_8_12.txt
block_8_13.txt
block_8_14.txt
block_8_15.txt
block_8_16.txt
block_8_17.txt
block_8_18.txt
block_8_19.txt
block_8_20.txt
19 640 21774115
12 925 98265430
1 1152 71747300
6 356 94816210
6 501 32191149
19 56 459937
7 206 75700715
12 427 64938555
18 775 12234409
6 860 66651085
3 100 54028241
20 1367 18317300
18 172 37560586
19 389 60437190
19 340 84169902
11 7 47793586
10 421 76135601
1 560 53758284
10 1277 97883546
3 1006 526756
13 720 57671903
8 24 23161529
19 1554 74076740
2 1684 0511615
9 918 70601072
13 520 23050037
1 1526 58623918
19 1179 02942587
2 1425 53947759
6 1792 56876322
9 785 7020086
12 194 50633802
2 925 25542954
7 1083 25316738
3 491 95355868
5 74 96312175
14 706 35127760
10 17 76242739
11 197 32071525
4 543 3161961
10 1215 38826120
3 962 28203921
8 710 34387316
5 828 32085330
1 1115 27253623
7 108 63471979
8 925 64364199
6 1498 75789036
6 924 84980283
13 1804 76708261
8 1138 5661485
8 1064 10906466
19 64 31370315
3 1066 29137522
9 765 42293645
2 358 58805154
9 1287 47339175
17 545 65991825
19 318 04261405
12 815 97440934
11 301 62755403
3 249 8568310
14 953 35011257
14 410 77943066
1 613 93646059
19 1799 37323199
3 27 99566675
3 1008 98736002
9 3 6625447
2 1569 14827141
8 785 56806186
17 123 59608934
5 1164 55143001
7 189 06608648
8 125 62529800
4 962 53100527
13 977 31552692
7 368 84425432
12 569 96621175
3 660 84604851
12 1124 76643513
5 367 67100054
13 665 31131833
6 1846 57087948
15 458 70714698
1 1134 1293323
12 841 05255624
13 719 37360364
2 1502 51022889
9 1114 41560129
15 449 45990461
18 1451 45832434
9 70 11659293
3 438 98519554
6 806 66627829
8 628 85533464
20 365 26466172
17 1175 58260081
6 819 21284728
5 656 06286037
5 1436 7130986
18 655 59828629
16 849 20761512
15 501 58284760
12 478 49712065
4 860 14813250
18 455 93377225
6 1308 13894719
1 1512 14179889
20 1218 5593042
3 150 3890994
17 1177 46290499
17 992 32162357
3 651 13997593
17 739 57875512
8 41 57439043
6 33 06881162
11 1552 06374898
2 1023 93809421
12 1117 40587982
5 877 17559924
5 1000 88864069
13 357 75778920
13 1192 67231273
9 1171 90696348
6 1439 29697097
1 1267 20089583
5 691 46606376
14 1152 60188499
17 429 22873707
5 65 87360003
9 1197 13027592
7 649 2308311
6 1273 84373780
14 783 59824403
9 1363 02419538
5 1089 96851239
8 969 79264046
8 106 4921236
3 1032 39168881
1 902 15372926
5 304 11163661
16 1267 41943799
16 821 68385905
10 1607 03668580
18 804 91494204
4 509 97888978
2 1414 10153593
5 1394 92164512
7 779 90315350
11 874 18698067
19 846 06803396
14 931 37878936
7 1057 63872057
1 550 8315042
20 296 15817938
16 1054 97372065
2 372 45044026
2 1509 32544372
1 318 52704483
8 215 7227425
6 349 31753204
12 854 19107121
6 319 37302323
13 986 7396498
11 1632 8342497
12 906 87828688
8 1140 92160397
6 333 10882539
2 671 17932070
5 1442 00601880
17 546 27408746
10 806 96058831
5 249 19617993
3 75 54817825
15 652 34984015
2 636 09956535
19 408 64690919
4 9 50122999
17 1033 04570043
14 1149 18509132
2 729 76295703
20 673 41477172
18 1283 78430109
14 1033 93698547
17 946 24117047
10 1481 59363144
18 828 3832328
13 332 31759720
16 711 24532456
14 594 05954517
17 946 35388843
7 1337 78985167
13 1061 80824841
2 314 08468881
15 505 99925209
14 255 55613325
15 669 20551581
4 864 58128170
11 569 1376486
5 951 38767746
6 1489 71179573
9 549 8849470
7 179 92833014
6 744 00529159
14 73 92762721
11 65 43632831
1 1446 3432240
15 773 53518434
8 901 05878450
1 1079 35707220
10 1784 96385447
5 1030 48302971
11 745 15878222
9 472 19846765
16 961 54232061
14 306 6631114
9 1201 37494569
14 406 54697753
7 246 4590676
5 1131 27402953
18 102 82078258
8 399 62750558
3 768 31732477
20 875 29916954
11 522 66362556
15 1095 64574857
2 378 21014425
18 257 92650903
16 1791 38350576
6 1840 86603505
1 1556 69222479
10 1324 09008184
20 1127 59705354
14 133 66864143
7 223 81051047
9 1235 78123591
18 710 52393614
13 148 30478881
18 1091 23985664
1 1646 86870877
20 395 84587255
4 426 00467369
4 401 48407882
16 1029 83903510
16 1138 9393731
1 789 72001123
1 276 47263280
7 67 56741523
14 199 32175565
10 87 33724261
9 955 37962387
4 702 35341677
17 598 56307270
20 1110 81573540
6 1387 44281546
20 388 7683282
15 106 39083121
8 153 079779
11 79 51911834
15 836 48209890
5 514 02485740
14 652 26834945
9 1002 49207876
12 1173 10236945
5 746 36627515
16 704 95981271
14 1050 38489649
20 1286 60257946
11 1135 51575241
9 1304 42251348
5 1210 08621958
19 1740 45236611
20 1154 99693708
20 334 04593569
12 123 41171131
12 382 89225542
3 212 92552059
9 1252 22112260
12 102 71969339
4 438 59596504
14 902 52790219
5 1077 57977593
14 528 68239844
12 604 71819285
14 979 4498506
5 250 37836624
7 43 68050097
11 1241 25021023
16 1580 64301122
18 75 22344680
9 149 62343226
1 1526 47923475
4 256 55416430
9 487 87034581
8 1076 44209610
15 652 57490751
15 48 91510074
11 844 40565641
4 808 66046693
9 455 63822346
6 603 56392522
8 733 068228
12 942 95666159
5 439 3980230
1 1157 90715175
14 876 33620454
9 553 54366199
12 696 51804610
14 643 45876036
6 225 08713973
16 1700 60931608
17 699 76027340
6 1317 14970322
11 1635 28990233
1 637 6782005
12 1083 09101978
19 1425 36575979
5 796 56555147
12 1092 20305264
5 1258 54536531
10 895 56318853
12 235 66413225
7 1153 54062735
2 530 91799468
20 862 62310367
6 246 45794231
2 1050 94137083
19 202 56517330
20 1426 64338491
11 1348 94174285
19 188 69548194
6 677 16071053
7 877 20366317
16 992 07254575
14 859 97221320
9 1236 60067227
13 954 82865522
19 31 84429612
3 734 47882177
2 429 35423588
12 904 42788130
19 510 36838054
3 427 99465992
12 337 56394917
10 369 05469715
20 256 49984780
16 1334 8344729
11 494 81110324
6 718 69141622
4 943 5178612
10 1711 06832974
1 160 4671466
9 623 26449404
12 227 84258234
20 824 99621825
4 881 04039119
12 982 8784326
13 891 81630180
10 1618 43520073
6 727 61498799
20 505 19308314
6 1737 69809965
11 1041 22369859
13 1471 47809216
9 347 63934200
5 433 98527288
3 143 03895240
5 1330 75392395
19 165 09405430
16 88 74989953
2 1842 65941464
2 779 18627708
14 184 19812719
15 515 05107448
15 1149 85454371
18 487 31022763
10 594 23824123
1 633 6012478
18 25 11302178
7 43 24042614
12 826 59686280
15 1009 56814124
8 889 49343902
20 647 38553533
1 374 99766469
13 1127 43694763
6 511 08180186
12 730 16666845
4 292 34160687
20 1255 57882533
2 1925 64196116
15 855 31445840
1 1214 37965591
11 1112 88094573
9 1175 21561737
12 299 7200720
19 1155 35648193
3 112 41496748
14 432 74226109
3 137 25117117
2 242 53458604
2 146 05669345
13 158 11751764
20 854 74147828
13 1212 00454873
5 1495 75207671
1 1105 12795216
16 808 76398725
13 766 13562134
17 299 80981476
6 1051 03324382
4 197 7282415
4 169 64701634
14 1169 21570081
13 1675 05052293
6 72 88668667
3 3 53331292
10 849 74740710
16 518 5200408
5 1184 66816602
19 470 27059979
18 696 96687870
8 954 84017886
15 263 17624602
10 1135 0206433
7 83 18029296
17 24 89009266
7 78 8585527
15 145 62459305
9 784 98024092
14 1172 87789896
3 614 50257026
11 842 03328142
7 830 61902816
19 627 6336979
12 624 55293375
14 1178 54625993
5 844 50129231
6 1493 52608411
7 117 89586590
9 1098 91884126
6 1887 19972180
11 848 55767642
1 1039 72334467
12 622 96748804
14 701 7000876
5 34 33632229
12 724 0473750
17 334 39215138
6 1931 47796495
17 1075 8701883
1 1692 50735959
12 1159 63317941
20 227 42389358
17 73 20116661
8 405 51162147
19 786 5510871
11 1346 60019091
9 180 07652649
6 1256 99482195
5 1574 38469103
13 108 5743349
10 804 27559079
4 41 34824417
14 459 31488313
1 1469 68720612
10 453 34151461
18 986 87795735
6 1551 05619036
2 1048 12721461
18 1738 33723321
7 148 32747555
4 420 55741421
10 286 23208139
4 589 01584726
2 1025 1500033
13 467 87725727
19 1010 226000
20 1113 25103192
6 630 46947560
15 1153 07495658
14 1158 52509694
6 994 72485736
18 1463 70383513
8 820 14287573
13 1612 98555990
1 894 64632860
6 1693 95313396
1 880 78417710
11 1148 31347604
17 1197 3795249
2 1968 34654511
13 114 53273319
4 463 20133983
14 391 47912957
9 383 79381104
18 1558 44585650
19 992 51187260
16 1412 4435852
5 777 87365741
11 1570 408944
6 193 51311251
19 1418 75191586
5 317 2718096
12 453 00046823
10 176 1129087
7 598 25187737
15 307 63083585
6 732 23374310
6 349 50366634
6 879 79604720
9 1101 1809811
11 618 75526839
17 184 90201669
20 656 36591712
10 211 30809368
1 677 5821221
8 100 1772204
5 1321 71741554
11 394 06226638
20 1142 87737055
9 1376 59828901
1 1342 81462268
20 20 1308437
12 381 98911564
17 599 02583479
10 1049 40769273
13 1795 05712999
1 871 12971922
6 184 85379112
9 249 33922093
4 20 89623439
3 682 9963331
5 218 55919487
18 102 48652496
15 379 42185215
13 1793 75096553
2 1892 26973201
9 1078 98934103
16 68 6063053
6 353 88850645
5 1309 18766520
18 656 09797451
3 320 69466295
13 31 5414835
11 627 13868323
7 1257 7633392
14 117 43827672
20 922 82935017
19 1797 58196515
2 1752 24123712
8 373 66265474
19 1269 6138637
16 855 24168579
6 457 01378481
20 385 03945288
14 1146 1412184
20 862 29897573
16 245 86202460
2 1110 65212151
11 276 58054196
3 195 00485280
17 142 68355203
14 407 41183656
3 930 11824103
3 590 16023330
10 718 644973
14 22 62302254
8 598 78691967
11 1298 90385885
2 1615 42773343
7 1335 76099802
1 24 83754191
20 1456 54114386
14 427 13009053
3 513 89416676
18 1487 76735699
18 263 51984852
15 484 5317353
15 1067 11453293
18 939 09920377
6 1201 34307524
12 490 62703882
10 90 98187305
16 383 11320451
11 930 77884165
20 1033 2701735
13 418 75177199
9 1119 27390324
5 1304 51500937
20 941 4638008
6 909 13656500
14 836 1541727
10 1945 93167922
6 336 86973551
12 861 8213675
10 1290 09445465
14 347 52838337
5 737 22296838
12 1159 08274182
3 1031 41195356
3 946 29977217
11 1652 27387091
14 1064 05045741
5 922 22777318
10 138 74085134
15 693 58831557
15 1138 74486286
4 41 20982944
6 907 63874847
15 382 09612692
9 19 8504701
3 91 98312218
3 413 01371531
5 1246 52094332
4 1149 41355001
3 732 68894117
1 560 82642279
4 859 24408553
7 639 89553097
14 849 10569826
4 450 96826199
6 1602 2484393
1 929 35826411
19 1530 00154702
4 354 71796038
12 6 25716497
11 1403 51032604
14 889 18692689
20 1118 88354077
1 527 18321555
2 1607 77092067
5 1254 42019625
15 534 46005038
7 434 25921518
7 479 69999948
16 509 13228996
4 808 97109397
1 1387 43630366
6 766 71670991
19 276 97013670
19 166 82074700
1 578 3791935
12 84 78022557
4 715 772391
11 290 39525707
7 1297 64077115
14 111 74107823
19 1063 10706578
16 1792 80315866
2 191 8528528
3 1090 73996223
10 1870 5602341
12 351 67591396
5 36 17117988
12 60 52782104
17 356 38776556
12 394 48296026
11 447 98260607
9 948 12603111
9 242 85827266
7 96 85710734
13 1345 6912712
1 1204 6044153
18 1567 23489202
6 1778 63772381
19 1873 14815792
13 875 89393622
3 971 43123398
8 1008 2937510
6 1672 69350351
17 431 63623161
13 71 05954041
4 275 23819880
5 510 79664832
15 686 98329294
1 850 60135664
20 25 37439419
13 1622 39200949
13 101 43652331
8 267 4223044
2 1235 46864491
11 195 74238922
11 832 25210101
5 1365 57760374
3 339 89407571
14 213 01970089
18 430 2159584
16 158 63909549
11 1444 03992686
2 91 48430734
17 635 48846099
3 157 9740421
12 1116 03148571
18 1702 62743062
12 1053 48278016
4 1181 64050786
10 1012 40663737
14 974 77012578
16 930 24498020
8 351 44515692
8 312 13437309
17 490 74494224
18 754 36531692
4 264 14769217
10 621 91477172
6 204 06756440
1 1456 25138241
14 399 61045043
18 1461 69470019
10 1350 83952887
13 868 51245659
19 235 81912566
10 492 75428336
9 172 07146855
12 1092 14764345
20 810 20862468
6 351 65268169
18 422 39655142
13 1667 56174342
19 332 88513798
8 405 94058808
18 976 12253233
17 154 34694467
15 828 19147919
3 21 08087468
11 1270 30582807
3 95 92654854
16 1195 82346822
19 359 67716521
17 811 60155942
16 1651 91789669
12 493 04709758
4 34 64219773
3 796 93816629
20 553 82999234
4 626 41744732
20 647 52215650
17 941 64034594
12 432 32328776
4 390 93712606
13 1058 17648865
15 1152 03019216
13 1604 2232686
3 718 37929580
10 529 42881175
13 1651 00640410
5 247 9947489
20 487 72065477
19 447 50223373
7 939 11001083
1 1572 66833101
3 737 09797705
20 964 30872162
6 58 25018496
11 1608 45141214
3 115 43053086
19 1325 24617041
7 441 31220291
12 477 10313504
1 812 4250830
18 530 79356216
13 244 27588282
1 204 04269957
15 405 22727119
3 235 94971230
2 1175 58369873
14 442 10732339
5 387 230539
10 1863 11060853
11 1489 12838447
7 1304 04216521
4 908 94384762
16 1660 62253565
13 1275 6806618
18 1117 15367112
8 1041 55728798
13 1549 00566773
17 967 76195422
20 1426 89909166
8 660 6368849
3 679 79093465
10 1195 33199398
9 1389 46592872
4 1179 62820327
4 732 48972834
4 1147 04568627
18 1401 62863918
12 490 23425545
1 1368 35532941
9 1314 41440174
20 1178 1105289
18 1659 36248649
5 196 8181099
3 830 74922295
7 530 26747417
3 224 53135595
15 1011 31509461
16 1151 11975350
19 454 10824792
7 1337 51507798
12 1176 29520119
10 1701 5589236
5 827 19992484
2 408 06695184
1 1349 95779850
12 81 74091077
5 761 89934213
15 281 65854573
14 669 03641709
4 28 1716584
12 114 4509383
19 705 49209713
19 1208 92296757
16 1392 35651040
18 922 04366898
5 333 39560828
13 1485 76407095
11 286 0721043
14 414 17521845
12 349 888322
19 679 70654721
5 1373 89712221
4 1147 45717470
15 418 85875852
18 291 3310650
9 837 88987394
8 1151 52090831
7 599 5477382
16 1756 52251888
5 63 71858992
18 115 34022568
20 350 28777372
1 507 70865562
8 964 72247357
6 1250 93599480
10 1885 68019765
13 260 72550338
14 394 75894702
14 53 16914562
12 327 86456431
13 164 30550031
2 1559 56251573
15 663 25524362
4 1151 32250421
17 1110 92105567
9 1266 0205452
11 1675 04083099
19 278 83513642
10 358 04879403
18 1565 31743890
9 489 89992352
12 977 32418393
18 1393 5012098
10 1408 4992875
15 1021 68906904
4 75 33240321
9 935 73015310
9 947 81369738
3 600 0966090
17 35 4456550
8 538 31416394
11 443 60199820
6 230 89846663
7 566 11250996
18 292 20151643
16 911 82875521
8 1042 74317658
6 141 76841888
12 559 50799576
9 213 0111792
17 153 73857829
4 585 49749225
12 742 23634873
17 990 48118814
11 1147 83016987
2 744 75469324
19 723 33071475
6 1459 18826523
9 33 80522063
4 127 38397706
15 786 79686132
12 1181 50077587
5 1402 81039810
9 182 16081294
18 1401 45210513
20 129 51880682
5 1533 17313642
19 75 50813182
19 1789 66765292
12 805 94975953
11 123 31784443
18 822 88301620
5 82 11143394
17 85 24696008
10 607 29800562
20 626 27480293
19 872 33179050
12 672 70700762
13 7 6659625
1 1269 95887758
10 168 41600123
1 570 47545840
10 1506 49846682
15 146 61609173
8 795 91134321
6 1834 80066622
10 959 72813711
1 841 53855728
1 687 69931581
19 818 10239674
6 615 62673893
11 1365 86128982
18 1562 74944736
1 724 80449720
1 1307 14544307
18 475 97513367
8 1162 54830143
5 95 22415236
2 793 38793351
8 1113 60510448
3 675 43188412
17 752 46346092
7 1366 11949419
9 766 26382169
2 678 88745625
15 131 39720947
13 963 63185554
17 485 87689312
1 1340 01830924
20 537 86103845
20 281 08444231
7 1295 09594568
3 675 75828841
15 199 24379537
9 347 16159716
13 548 06178891
14 1005 69504252
5 716 25816359
4 90 52603908
16 812 7044603
17 149 17063726
19 928 35355246
1 104 75116901
16 411 07448467
5 1287 86490276
3 256 26695039
12 1156 64862334
9 275 01711346
14 698 79573699
5 830 75592691
19 1307 5086790
4 57 8376706
14 354 65993396
9 1205 7611283
4 718 64026004
11 1419 11650265
15 69 18966448
4 161 71349363
4 783 46002892
16 177 9084646
1 1157 85948646
10 1245 82444725
4 243 34276476
6 1059 98756348
14 78 47174458
12 466 85548897
16 569 59254027
7 811 15986371
17 439 68732569
4 866 19456330
14 793 61439474
20 265 2803779
14 207 80763156
4 79 92236026
7 711 38009621
6 1467 88742300
11 1506 09152993
13 1018 1737327
18 1703 59503523
2 1053 7904931
17 525 971894
19 1789 32563708
3 1003 90323425
11 1488 38380058
12 566 69853207
1 500 50134718
14 518 23386848
10 1814 82083739
10 844 32324081
6 1463 90542593
4 1134 58935658
6 1154 95659876
20 459 57461418
13 312 06911952
12 174 48294883
19 1442 05239916
19 1071 14830757
11 1006 17838547
