20 1000
block_9_1.txt
block_9_2.txt
block_9_3.txt
block_9_4.txt
block_9_5.txt
block_9_6.txt
block_9_7.txt
block_9_8.txt
block_9_9.txt
block_9_10.txt
block_9_11.txt
block_9_12.txt
block_9_13.txt
block_9_14.txt
block_9_15.txt
block_9_16.txt
block_9_17.txt
block_9_18.txt
block_9_19.txt
block_9_20.txt
6 1692 583643637
18 1788 457673534
19 4550 623231589
17 4800 441382615
1 3256 406948562
3 3160 169253401
10 813 452813298
14 1129 459160626
19 4518 946322232
10 1142 886183828
5 1929 507163412
3 122 598340064
2 2652 767552581
1 496 744638209
1 3119 244404142
5 277 375497508
2 4071 854327448
4 3837 619865365
5 1935 248513194
5 1931 195415374
15 3883 710181347
10 4513 350612302
2 2160 302982595
11 1840 703929571
8 1507 258856734
10 1406 384537237
17 3641 435089676
19 1617 390885415
11 4331 907664157
15 3966 984940461
15 3612 357968799
11 2546 444466557
7 3466 926685050
9 772 205883751
11 4227 779233397
6 3408 165394567
11 2053 296410759
9 2204 545565512
9 3328 596603311
9 3195 844922942
7 774 132029562
9 69 804046797
11 1240 299216469
12 49 619721073
10 992 131773251
10 445 347836529
7 3150 682630709
2 318 420610762
13 343 972388063
11 2155 966562599
14 3770 977366390
18 3899 225396850
19 2643 245560535
3 3257 439388291
11 3296 361933783
11 1461 282870961
19 618 285755999
16 3016 837025569
10 3729 815787723
3 2640 231615574
18 2336 397256447
16 662 474550705
17 4955 770563851
9 2118 656686176
2 2836 751333593
5 4793 536752860
2 4133 709175515
12 3446 530583943
14 980 454074964
15 1400 738075651
5 986 593928401
7 2426 725561035
6 4540 503713441
6 1509 417024483
19 353 416673883
3 92 158776847
7 1087 331138730
3 1407 114153666
8 2363 633673787
17 631 107772241
4 187 781561109
1 2081 371802273
4 4198 337813960
17 1937 799035910
16 1277 133025420
17 3189 658268194
7 3050 572309736
14 716 327029549
9 4838 144203265
16 4744 492901796
2 1535 384297673
9 3132 882220723
19 1959 954893690
5 139 288440473
13 4449 124007115
14 2951 892101068
9 4301 400010063
1 17 140224290
1 2539 948109690
1 4911 356109086
13 227 237435830
13 2679 303771798
13 413 237632839
5 430 261202298
7 4830 191934193
13 297 564340101
3 1287 388017523
2 1449 899740528
19 4372 660699676
13 3895 736233042
11 1033 518727927
7 1151 765147929
12 1532 650057930
14 3940 964797186
8 3619 672485387
15 187 423867707
19 1483 240889955
10 2012 868294820
3 2645 504459550
13 2131 453896911
3 496 370867299
17 395 642011256
14 4646 972950524
5 1129 374856804
9 4205 338998415
8 4098 350758399
13 2502 364361350
6 2478 331832689
3 2844 319387042
6 4181 827894831
7 1229 545664525
9 1055 259688269
18 3811 476108129
17 1255 862721370
4 1816 170910811
12 295 413409257
15 2558 378763786
17 3397 122842980
12 4816 701278862
10 4189 226042865
9 4330 679517155
17 4280 918559094
12 1340 254269029
18 2030 946172871
16 1211 727527246
8 1536 600862214
1 1061 615176591
10 2917 547198504
14 1650 132097908
7 4131 216672383
16 4300 359076723
11 4504 723642748
4 3257 770247492
5 4493 349698667
5 3844 414868658
2 3700 988887586
7 3703 977184078
1 113 508682176
15 1718 364782644
2 3008 967206112
10 4130 274767404
7 4442 187348625
8 3593 451049254
17 4316 501795178
5 236 817030501
17 4687 623052481
16 961 259273477
7 424 311734897
2 4071 448678153
16 878 972581474
1 3761 272412665
8 4936 958804288
1 1841 819752618
15 1979 154596126
6 4010 130204672
4 4897 580188882
12 3705 937806808
15 2137 546203498
16 3446 489621840
2 956 934159328
10 340 949012626
14 4476 444725220
12 4853 358672092
14 2559 728531247
15 3477 432394270
8 4976 262265551
16 4581 203033511
2 895 506390732
14 4627 685927853
17 1259 684617317
8 4807 482424609
8 1900 871480119
14 2248 370226392
18 83 720768070
18 314 572903884
3 2637 994476065
16 4288 825497089
15 1662 155053173
1 675 334786676
14 117 189968149
5 3437 143673991
12 4895 621011675
10 2932 635016893
13 4583 259302596
14 2219 831177300
2 4995 444685805
10 671 315889198
1 398 509726438
3 3204 717244223
18 4288 375415957
4 1465 239132710
12 873 767185603
16 4700 465922740
2 3334 865406237
10 2774 480297865
8 1480 186224834
13 4549 549986807
10 4509 131282976
14 6 897202187
1 506 375543026
1 619 895283739
9 291 353984971
17 4359 290021009
3 4067 876604763
7 1226 522585589
12 733 566287008
11 2703 162073029
11 4806 455988191
19 1621 258869810
3 1710 935071563
15 3154 600238396
15 3154 410433740
4 4263 365706654
14 1537 314849675
1 458 662616901
5 1085 871124674
12 3470 243699368
3 3423 345783650
13 1844 759958988
6 937 279267696
16 3089 904355421
9 684 645315962
14 2754 185663567
1 2715 156872855
5 2840 759745273
19 1092 122752617
3 1046 852934743
4 2179 648281477
1 3318 627470161
5 4530 585584195
12 620 281407604
3 4818 337822531
13 4311 528623232
13 3229 203228028
9 2370 590261924
2 783 637299042
9 3273 362416211
5 2702 767291648
17 651 804740078
9 1688 734627431
8 1225 329659019
18 2987 328400245
12 3671 192501760
19 480 632901197
15 1920 372929397
6 1910 733371776
14 4798 904178856
6 3160 568873404
5 2561 289449611
2 3083 743323238
6 256 777245376
18 2502 124892724
18 4367 692778863
9 4574 668589428
6 4905 258572130
19 4200 396893823
12 215 550532774
12 2413 134155615
2 4498 567378369
4 1008 519372052
13 4265 801974064
1 700 221978818
18 1480 976904535
13 3283 121463489
3 4096 986402873
11 4693 218267561
9 4735 532892126
5 4731 165220981
3 807 416125204
18 2790 825460444
17 2358 568886307
19 4160 205693507
2 4508 718054565
13 4668 761889253
17 528 779632439
1 1308 349542199
18 3134 972833938
14 4149 404516669
15 929 976561646
3 2062 550527602
16 4572 416501974
19 4637 807795886
17 243 760850839
2 79 695065766
13 2451 810982627
4 2895 551711561
4 4478 380783192
5 2255 710802599
15 3549 109026507
17 2569 741782899
17 2248 627120609
19 728 157162600
19 779 838003445
15 3194 899851157
6 1768 601890787
19 911 322788251
5 1035 735175329
5 3395 569466182
10 4944 994166964
14 2835 975021549
11 656 521371105
15 1857 260555851
10 2717 588013576
16 20 358384345
10 4004 147943965
19 1205 968059134
8 790 503244132
6 3845 844249127
16 4743 510708984
15 3690 100188764
2 4556 704407235
16 2753 993287388
9 2512 788855643
10 3494 441795227
13 3822 234167280
13 2699 226316206
13 33 833985657
8 2893 114864955
8 2929 246744403
8 2876 311376243
3 3295 188226877
16 3835 230099828
8 153 410669505
17 1078 683797698
8 4280 273502500
3 2657 529339344
5 3596 748965564
17 2506 664112683
7 4364 526936239
3 2284 143995159
8 4297 921379876
14 1943 364077773
3 3250 188050923
12 2001 714609845
9 4448 392131524
10 149 649633262
18 2006 796015187
19 4340 966843260
4 555 359409993
12 624 659872462
15 2679 533946626
6 1420 187590336
9 3157 642998887
5 3312 694920506
2 2871 317987440
4 4266 393382571
14 1845 118665549
9 80 137390349
9 4836 906702854
10 2071 201260245
9 1548 187795174
19 4833 537247450
10 4123 955695650
18 2744 150189716
12 1076 589445695
14 3744 935258518
10 3306 460878798
6 2820 149140386
17 4704 416638048
7 1667 818837315
18 4906 482205485
1 4759 117692115
18 2748 209567574
13 3693 661716874
19 2187 893529227
11 2672 731485230
7 4884 467629714
10 2384 660163616
17 1251 414316246
10 4774 756926402
4 3349 301950021
9 4731 984659582
10 1010 467304761
7 2437 211460668
10 4995 797765228
8 1599 122202244
9 489 847314584
14 446 217407394
11 4209 413400161
14 2515 739279388
7 3814 709254701
7 1214 585384840
7 3832 481338397
2 2116 163781513
7 64 930752410
3 2334 305585885
10 1313 133023688
15 4843 652076363
10 2131 889771065
7 86 812344313
6 2503 536625042
13 2216 526030232
19 4148 113715215
8 3357 600901875
2 2507 688627095
9 1568 164152564
18 350 937066846
9 4932 647520033
6 3921 341494226
19 4205 112512844
17 4063 809998075
17 3294 858929571
11 3982 621411440
7 1055 691565850
1 1762 451953459
19 4598 965659799
19 2522 628923195
2 3171 792970459
10 2032 530754685
6 1470 246512479
11 868 696932681
10 2565 737180258
10 4973 548557743
6 3789 661390064
13 1650 978484608
16 2316 262034762
6 3792 369028715
14 4895 660619440
12 1177 221478578
4 4401 742753164
13 2512 338823026
9 1570 390898740
2 2493 382824783
6 4057 186544969
3 2291 550869480
15 1218 700169480
18 421 322713057
5 945 863811748
3 1929 755117737
9 4186 322380918
12 4747 426597381
11 124 420469468
5 2363 781023715
14 295 206803968
2 3984 266121571
7 3205 848373913
13 3713 867542326
5 3184 970502416
16 879 781976274
2 248 757668946
19 306 502359376
11 1662 136384445
4 2934 724446965
3 226 335734943
19 790 268932579
13 955 974673405
14 2729 985688951
6 302 137386710
16 2788 877651175
18 2033 889615897
7 1321 412996693
9 2629 731371625
10 1354 948817129
2 4734 534070489
19 3159 627254797
6 1110 875733319
11 4134 186820388
2 4056 523552911
4 919 319072716
9 318 211890440
2 1263 735874708
17 3327 801112744
18 663 552261428
18 2717 634406318
15 4405 412567787
2 204 288915279
8 891 312009385
7 111 568212550
1 2660 116770496
13 3552 495086249
13 4459 603010007
17 4474 676074605
18 172 396504795
18 1755 266548478
14 772 767558657
4 4089 925164133
8 4465 708504752
19 1986 807739898
16 712 741958787
19 3634 614961124
13 500 127656420
4 1582 781584866
9 3384 664088526
15 4383 318405301
17 1686 555036735
12 2322 512349592
17 2423 350528812
19 297 537286784
7 699 151856289
10 3890 545454606
16 4511 973885620
1 3632 471149465
8 4958 474865645
11 3887 425861470
5 2400 738942817
16 4954 257795025
2 898 836283510
14 582 887508057
16 754 182816360
7 3737 752337461
8 985 305157803
13 1820 923665497
7 1593 738549584
16 2365 481405188
4 3621 620363534
4 1646 136566777
6 2001 345365138
12 2424 777109306
16 2302 754056236
15 4847 540488546
16 4652 144519135
12 426 548206987
2 2241 851523724
3 1754 595274137
18 4207 370992342
13 2625 113950397
9 4971 775948552
7 1559 616027037
19 916 814227130
11 2307 442437595
19 538 322761821
13 3073 702940068
18 539 425106676
5 607 934834468
8 2996 177285108
2 2974 905934949
5 377 303179480
18 4406 928665716
18 857 258947265
10 1302 777731976
3 4381 638816278
8 664 869590293
17 4158 346806175
2 1239 957921214
4 3188 596171140
10 698 759192698
6 4189 519207883
13 3389 900091957
17 153 306379391
10 2216 201585857
15 520 646656164
7 4916 924494996
3 3462 868106582
17 3810 501327392
13 2497 859956681
9 280 494629075
19 4222 749040995
5 4375 480923600
7 2825 705455359
8 295 295920244
14 4040 432270796
14 846 674126799
10 2748 772808050
1 3918 969419108
15 1549 469077354
19 398 259397677
4 394 420029235
9 2446 220905661
6 2891 477864433
3 2971 854196740
16 1297 359461063
3 358 803742072
14 2477 467535784
1 4578 559944274
12 707 399969068
8 341 998712560
12 879 264424640
17 884 782294736
6 3504 752539170
8 2869 444825816
19 3924 970405723
1 2430 684885350
5 265 663028137
16 4825 427617545
12 2343 486583722
15 3115 188959937
8 17 744698745
2 1591 561785509
15 796 505881754
16 2871 790278395
3 1376 938027313
8 4100 444383626
9 2541 958192933
8 2571 711157363
7 2598 890564517
12 1662 908861567
9 950 806631150
1 3175 109819382
13 967 562173681
18 3329 925655824
17 4463 186953602
14 2573 917594992
15 2845 842689421
14 4484 634036843
13 3605 349240644
5 870 296707780
17 72 178140889
9 3605 524820517
6 1483 464827772
1 787 963047160
11 4314 519208215
3 4709 420638626
7 314 147851181
1 4083 594379499
5 3581 149269491
6 2019 171439498
18 1197 626637497
11 486 483672111
1 2534 793601635
10 1120 923934149
16 4703 945524067
1 780 584376433
18 366 483147836
12 242 969875648
14 4633 388224587
2 16 411441620
5 2963 943141686
11 4939 649817809
13 4785 538083868
3 4654 855345238
15 916 833893054
19 569 986124731
10 2477 621528285
14 4040 817676524
3 1621 638426458
10 1757 988041991
2 3471 332775268
14 3739 151445691
11 1621 454032549
16 4753 123861971
2 2648 642503489
12 3346 989514515
13 4563 251404433
7 2516 358088766
11 97 723542266
17 293 991883887
1 3771 809317429
15 2361 777651821
13 4876 213775375
3 2532 384957027
6 2423 161836773
13 2775 204177820
9 439 882592310
11 4000 244652164
2 1582 373780979
16 2958 327692266
19 802 589510566
9 1718 928255707
15 2507 986755196
14 3398 715611420
8 210 533144101
16 3786 557977586
18 4058 702680383
16 4722 122728338
19 1284 370392873
9 4619 611622698
3 746 435542559
10 3699 905590370
13 1732 996189988
7 3464 295439652
1 2227 301886216
13 2553 726514539
11 4801 688028157
4 1058 701095842
3 3643 927922143
19 4006 828178253
14 1888 537630815
19 2945 791751470
7 4674 205510530
15 2743 111560053
19 1047 834616359
17 2245 722740476
6 2985 575283484
1 4900 940510427
10 3082 903142506
12 4949 665816181
10 3587 755652252
8 2093 887845690
1 2604 788025639
12 1613 569913003
9 831 520312351
15 1972 395472158
13 3359 651792952
9 2038 710053388
17 3896 251859154
18 4302 872448009
8 2363 317074539
14 2982 256489275
15 1241 397545375
11 527 986323625
3 834 653209004
14 3284 919099190
19 3475 804973545
15 4950 114049756
7 3127 206756723
4 3637 346204415
6 1851 278963879
8 2345 813719140
9 1746 507489299
17 1597 164804885
8 3498 114728461
4 646 686790129
18 1280 236380599
4 1634 927943299
13 3403 246686273
5 3699 393210963
6 2230 366322382
5 79 323944523
15 758 737133193
6 1966 211055366
18 3080 329970361
11 4432 480423211
15 3269 306207093
6 4681 755862297
5 2080 677240381
16 1850 665713069
16 2901 315605356
18 512 628764775
14 1450 180931841
16 4651 725220848
16 1507 271948035
17 1243 690672575
19 2931 905089490
13 376 848839113
10 3916 427607058
13 1628 164392075
10 3987 462030157
12 4229 480239992
5 3619 597341487
2 108 763322725
4 1640 425858375
15 567 486945055
16 4505 947368614
1 441 428818985
3 1169 364873365
5 1919 951292546
12 451 243383571
1 1684 606131786
15 2447 581528648
10 1166 955955930
5 1303 771684453
1 660 391340468
2 3147 146854789
19 1082 465494386
15 4985 645672440
15 548 765383468
4 1693 887166779
19 3604 689851231
18 196 722359054
12 915 239361558
9 4436 968700586
14 243 931550044
8 4915 506285267
6 3284 731864576
14 2977 611201832
1 964 900153607
11 3729 888450204
8 694 351558860
10 172 814646985
16 120 239056607
14 4027 696027443
1 531 987135209
8 3860 620876655
2 2404 238094681
17 1592 967283535
13 2227 311772341
19 2809 353536771
9 1703 188984907
6 98 439694102
3 3370 600271350
4 1165 612645831
14 3914 914903864
11 1804 694855338
19 2957 987552247
15 667 729150456
12 2218 257291880
4 2689 537182874
3 808 273225910
9 214 313659134
10 3954 448305986
2 145 309866023
2 41 378960465
4 4446 179171765
17 3172 598842474
4 4677 224805329
5 723 878245156
16 922 433608302
1 2054 419535959
15 2954 614705245
8 3307 364907406
7 2860 170187848
2 8 802766228
16 1997 306828615
2 2424 194129537
4 4371 788149271
9 362 161111704
9 1001 378360014
14 2473 316099425
15 3242 135360552
9 489 540481576
3 1870 652976753
5 4400 237656237
4 2113 582095934
11 2408 445225403
16 741 854185557
11 1838 634714624
2 1682 576037327
11 2973 550901917
5 2161 407686908
13 2557 841864303
16 1238 810780145
10 42 292976546
12 4352 439044589
19 1 729260596
10 4376 688407236
1 3872 848706790
15 4131 672577771
6 4181 548256318
8 1308 667937232
11 3968 991845597
10 1445 144505851
19 632 412556562
9 73 364888501
7 4168 139607988
6 3219 633716979
12 1730 667104582
10 3815 933538753
12 1183 651755223
15 434 203920203
8 1143 173930784
4 3282 210325960
7 1015 381043666
8 145 688262954
4 2203 140122422
10 3020 884946820
5 3715 358891446
4 3389 358936124
10 4469 761360022
5 2627 123256293
16 1237 241219781
11 3371 175716246
13 4152 467190955
12 923 198698001
7 3046 986400224
3 3040 123029402
18 3108 662810354
15 1410 692368176
9 2761 681748538
1 4696 123827855
2 3659 624941622
11 624 500992019
5 2075 869984879
12 1090 461413806
15 1033 556337601
6 517 679194355
1 3119 104368078
11 3917 176396539
12 4740 264218623
4 3831 297541221
12 901 853325128
6 610 790962413
10 3918 749398534
16 2672 306907513
19 783 206900373
9 3721 723142218
4 3036 602200779
2 3264 220955378
10 2363 544022213
19 3598 104521484
12 1378 446252727
18 1576 192242385
15 841 544649104
2 2364 741603634
11 2110 646662219
15 4641 618100030
9 2262 295357234
4 2164 400856870
2 1814 323779305
13 880 608856319
3 4989 541408556
2 770 141139509
9 2956 428471220
7 4843 177231467
14 2003 431769169
13 4373 799590894
16 411 201283181
1 562 524503873
12 482 464473956
19 2981 706081831
7 560 953784434
4 3037 979017916
3 1226 311760540
13 3452 160121196
5 126 521051504
19 1428 760750478
6 3691 584992381
3 4032 126986004
12 328 804395585
7 55 663451124
10 4743 188242025
2 4105 631618986
5 4522 973819814
18 1813 586106533
4 2811 286468847
9 1230 456720516
12 394 113771355
1 1493 335141150
4 3129 789112526
14 4052 969118424
11 1141 122296464
14 2667 482781246
2 4599 989352776
16 1800 218424206
6 656 594776241
15 4996 326183875
14 498 720363563
17 3682 267348494
11 2004 418425949
16 4247 240673043
17 2334 369476272
11 399 110872147
13 329 901619782
8 3726 286477412
6 3582 752596971
5 2374 351691108
10 2811 753044181
19 3688 417685838
13 4206 367225432
10 395 745969582
15 392 545589042
19 1515 608763639
17 1091 655192756
4 1965 685704382
6 4947 689240576
18 783 745980366
5 4411 999927526
19 2777 836864157
5 4016 537019496
11 4849 733105505
12 4085 543622051
15 4993 330731707
19 1492 432233929
7 1408 400064213
10 1649 503035386
15 4244 792644058
12 1 950004265
15 4730 759452883
4 3323 877120348
17 4023 599085708
11 906 191214217
5 2461 476202873
6 3256 946280358
13 4623 786345722
4 3878 522805914
4 4587 126618728
4 4776 534582015
3 3918 509641495
2 3300 342440748
5 1111 442105559
7 3855 953813742
4 2488 990434663
9 817 448435879
12 3650 148510122
8 3308 791975180
11 2287 410540659
1 3094 489403411
5 3304 179877709
8 2566 551649308
16 712 168641888
13 3960 574858554
10 1653 322143171
12 3193 781978528
7 4651 674359687
12 2169 317690976
2 3753 861304345
3 2949 462276675
4 4816 848278448
9 1990 595823806
15 667 687540335
15 1119 682616154
