P: 298297010
366718938
236963542
657886729
668557132
644459561
285235235
799889289
861620093
608417789
768388780
281389241
471916532
639496409
880960597
848081279
274454351
811554325
320091834
739447968
675383575
632215973
436460891
315301619
358809120
691717895
600788726
276617401
309315018
895926426
450696786
563985130
265504156
204849005
588628205
224783868
202860228
572055187
190387459
277741414
289935954
887839292
131496942
190133245
584899643
607102710
393443744
247577786
592648234
859126538
396331675
913542810
631187301
827273940
466707640
810235244
186798151
338524560
939519006
139200010
912340953
844924815
387417126
715731285
973968860
620586867
235471513
140097314
195620802
737382438
363828207
771704112
255917212
551232654
417137122
374558536
550501246
657143826
910284406
139382055
996204084
270700914
343970160
177318764
321662007
597787122
413270831
531528639
404659289
888423753
229667230
213068040
200978947
388778728
121046691
969014168
274847136
729523115
973106334
456541561
396358388
601820397
752824501
377014934
771106138
650886976
123901091
356076469
388782178
408913605
408224758
232437611
155984215
270168053
275674689
828760228
564805996
172815620
937121386
455252686
788634891
859266447
739650345
729593947
154691102
195488196
255482194
915255493
714737794
568914014
910798213
603846383
865155136
174181184
261719188
132615983
238277946
547656207
965843086
186611785
123398728
664330966
476510909
684881903
724690819
835138404
159161565
607857678
129064568
236364899
650746802
446328329
649789518
239382830
669716837
603349163
647267236
335279722
116536043
939122070
611108737
669776714
182390441
363716595
902899813
752954323
179630349
772132269
858448116
990041853
846119999
797723512
343619101
317439934
891380232
223439924
838714738
609059525
779247771
100492678
896700665
104262629
849708204
789218819
622834783
255694983
426288974
512202313
304963432
668423639
152077021
714185875
305940964
691784848
697459095
798269107
208655730
483094194
920281752
181428174
515154075
923681384
398655993
208040759
827832067
853839081
815530398
116491955
714602938
177803049
507238901
952643116
442744055
958624814
182718017
569659552
354939160
393547772
867138001
676486184
204443797
973539588
636310196
304754375
895489150
530265879
222304814
424222462
697630322
905022158
847168193
694439869
401962537
732569243
307615265
855023809
800823800
646917361
423360013
211897365
888213139
264324084
180035616
484473748
443548674
230331580
664219695
993301441
717826688
137879106
490001397
232340918
975655256
262204206
389836301
868987843
288247832
948818896
537241146
644455216
962467737
365155537
579645088
828444010
761336412
538178146
326342203
223699507
358193847
286023393
616010299
303113271
595157243
689692069
523764764
401693217
739777501
887448337
154102271
965026779
896119234
754870815
557947046
507331500
678385173
831039400
194978606
199236802
892666137
879873408
199721009
200740747
755709110
138258585
302066370
343673120
292276146
734999242
937115301
728345424
334791574
839739449
752598598
869451440
670574261
948958306
581039251
898546792
493695234
993989708
603910173
526477189
118429434
888281858
629605010
495556930
939487237
213779865
526176573
154165141
968578355
547457862
622901911
370888488
742372266
809965432
252117198
774086139
667738052
762919330
421621462
876873851
920211682
658843575
377790200
799584000
161318561
507804420
501588163
757501156
694384116
207812127
366460919
235317246
346323995
539086004
203876185
638035976
160475897
721963388
665642536
725380468
653659391
185554896
196708652
870037851
867451461
253368414
277049522
547714006
586873310
630555289
367978683
529880232
124536159
416576713
493898646
708720916
244545213
495376499
689014914
812640421
931335150
435000598
416607876
122263876
188933096
522348012
596597368
958824019
658276429
927869935
350289445
872770790
650049765
876099269
602417932
118237576
341021324
428566008
510018621
472730816
957678312
570161569
621472830
423718213
950195432
376980568
384242579
524261312
342717846
443190543
822883688
381045410
929407716
353203798
576075453
774881914
468125230
361836942
172445473
643620534
752329895
526359198
751297112
777667367
161190072
894265295
905461314
683401715
687927707
481282418
197137845
470811650
224770402
620017899
545433868
604206449
970571001
643952477
102930712
326432973
659895253
342651969
216811176
689614548
181339209
849921889
303255379
670734143
403418114
869494741
965988768
632534511
776266708
634480939
728990526
143387091
199913935
395893040
285842057
261120246
150483006
515515376
358264008
755119949
712222476
124902318
889920808
224526375
549893240
733784386
140633903
650430190
394472090
134576230
257751576
535728418
815397510
435671416
413375399
847933192
606122830
274492646
408302224
800708530
315540614
736419527
934101398
521622899
768348758
835504457
209669778
125000021
177548663
296271223
677906060
867665163
516029274
219265195
590411328
429865453
586202415
775942288
184871990
573522823
895313106
373171236
132148634
805838125
912410938
691454664
451327174
659256849
935181265
411482065
665763141
942704651
752467130
117776507
865461024
589027897
503961513
483848070
453361614
143429744
699482660
238952795
624266972
439202208
146615120
681329890
537612880
574187208
228639427
130415007
314648042
533687419
762119095
278206234
604898875
778546770
210388869
580374839
395019305
713594898
358791609
378419282
398301659
919141995
933743056
990416694
253711888
925877002
619831744
554718848
630091129
584439477
284108709
431111002
879074500
658283605
657288370
116275809
732188467
452453224
784751325
876889141
292415187
714886268
277038168
106376472
305371035
191160157
844172421
679034495
118203060
288524826
298928701
632768390
640890518
125790184
694281763
396789046
177472861
516447790
331494819
195910236
319089245
274711416
841615017
675253729
105417211
661978331
599745603
505251422
798972329
219885846
169058590
138351002
171321911
795379338
592428627
925713196
848028782
973177923
666000599
224919589
679246359
206492642
232417273
823585675
601044363
391472261
721371298
760145545
294579855
523032329
127591861
530434273
456136874
850254881
702745109
723128351
819498706
470269025
510809649
885653368
221803957
301336655
806566662
101494904
425573977
927100746
430500486
394898863
469416141
658979137
636189278
216204046
599736323
500036234
324632272
157450292
906991071
377633725
241831667
160902884
588843558
779852919
254289640
717021459
667784846
830976852
664653908
187276484
437050914
880830011
182410986
637785416
405393939
689136659
637134789
966393628
738255347
904464253
867042396
612055708
919209666
818587989
768924465
874695175
989617064
568342347
574729291
962984502
408017285
406359378
280878778
781474761
457929033
747680231
992360728
354029048
300516322
532149688
746412529
590081543
599687306
855295772
666524616
325972260
847464908
423205044
836565829
140908775
721424320
287749342
975138295
553765323
730402692
425800171
793284022
875237428
958204146
997217051
676620195
476630033
625891958
631945333
854320679
277868098
981130827
966237428
889286739
555291037
501262119
138681279
211446413
476331461
277087698
555244662
660730595
730720747
506134552
709724162
194363403
727252962
905737839
296741838
806242037
209499329
363655121
178924412
140160136
855509067
937720890
938126043
109890060
399922862
821240542
405310986
169004544
323082396
779947055
608282704
889371221
402185837
234908411
802907463
129928677
308179674
321884124
528991098
568674116
579246144
316463088
844067817
181874700
346694197
560331168
171759035
718107808
450722891
696566982
493667737
500866983
860108285
805392627
389588178
695428208
969633078
923141053
918101328
715995193
301405494
766672259
958105528
216788570
199350029
252210422
820734501
440561376
512119619
472103739
800759173
949323694
590887343
588806797
542584698
748386109
964045310
124106664
138217519
824523823
930684618
833416651
231069114
758487220
537385401
999005840
655283977
686032654
715443419
299442171
970558477
440033074
246346854
744416466
855530253
583089678
283638888
662883696
143126052
277255943
447034213
409531948
297142848
627882270
374296746
812703377
146175336
459785836
401754671
121704395
355155690
645551263
427765045
291149332
197409478
474534582
629130300
687141790
103607645
339650689
186716469
544515512
352435217
280058745
890749276
225820237
365481499
137387826
190543866
457416999
544041596
291830026
389320627
707860951
409033266
353506277
282502994
133185601
149131987
362884118
786836801
490569916
640370979
995105764
564561929
540486398
242558761
556953630
242860584
476603103
496681048
969926431
178957982
642184286
203113726
908783902
412555750
854924655
815939111
164262986
901659913
527110663
185195836
723070345
170121602
856710904
949639861
114048447
819807547
187287354
938762605
493239824
868243805
882531686
661435261
135534131
760515854
542618479
161238324
219105319
683072638
258351704
693314194
366451855
766580709
526029853
971054628
893784852
638939966
163482456
708479908
707063704
969640473
975512076
323661426
633251785
300647842
957276571
518292063
283688886
527833184
826554284
825929312
759326494
321834178
394770740
572573741
976493850
399667990
980833968
775688737
115026988
886081042
242149750
226527742
236484208
564494401
631447207
757575575
360617149
761435828
122722877
130976569
529076665
382603124
260368862
757886274
796937953
365543729
813333647
245168688
661826122
979173409
692857571
530916247
573528470
649399663
164419272
733194744
132557098
940075985
105396266
439341906
721253922
578449817
806215584
524637271
224634153
565304540
523588926
783201281
375762745
478799698
231455710
819966315
933727129
275322958
406087488
531917733
630212309
133774421
596490742
834029683
714684438
323183958
194580489
708715101
428828912
721708004
113389878
280867572
825590761
950785205
371646942
864355045
644085610
652711052
842547558
452129309
844568273
929839978
467951025
237356071
936456129
221858526
583028378
559205911
758567084
729026008
478420031
818684950
589216429
125376829
297576510
740109915
488660537
605644993
411456637
857210282
512299286
470897879
553723267
861627376
361771743
101398322
151362829
199832939
809184375
311740233
808850007
590311250
741489276
611105477
539183204
762692129
927460638
972790822
583849001
972886343
226599539
155253467
441489394
116839728
179411181
818241315
995044192
249249215
909445222
851616111
212087537
654248665
391703471
278206381
183925216
897456623
812587144
247667285
458972674
133094197
475554560
905346197
238019822
542845097
915326177
707498639
884685778
769281902
212714516
710024566
577165433
335811528
965723695
635447746
594067209
572734490
989332568
806858534
765112715
693701842
656890309
736377897
228686386
830047988
169830827
356962160
494463734
334872852
153259514
267059017
576214437
627219621
563123107
340198863
109581168
949432839
155873455
975059102
804650687
572402475
279012212
708613240
961962259
142654378
945093928
476062706
870783124
821314575
985949080
613185504
745805545
668592373
812919779
178815877
442694464
272766917
946946760
419563929
826132637
760476742
540409719
767167620
793479585
374945421
250812771
481587133
580760927
169848870
812757667
215946975
205604661
589375548
708361066
348342132
160521559
242812628
656734863
288534177
651747084
653509239
329578530
765993099
995453569
848562135
544352920
102062556
208217817
526311301
794843585
355398614
519897823
964224189
882518257
822263773
466643827
842864880
441975596
636501727
992315345
425928014
253440053
715063353
426742106
667420488
338922507
788243854
175324236
412340524
217167027
931309471
434375560
299185069
342163031
567979027
666307138
446667204
751546936
266949568
928403195
630972663
313694809
941101346
122511670
471080147
915308377
119678227
812080720
819150875
745642609
741771482
839426948
982578126
267682671
763980078
905351299
107534548
357950894
226074506
402870125
878568999
285648255
741435346
528480858
737511042
801740330
786792893
132638342
595776967
263246523
706373822
140825500
146725379
110387128
595692590
857519913
611012488
286518062
153564390
603179301
803895894
200856120
882960026
601913219
641902799
500250584
593582908
897545356
608403488
508858817
618954321
741758416
198973373
861163666
962293763
328434681
115041287
479366225
959362589
780503478
894191732
668180786
536070132
454836788
629511695
567784138
384902671
937207057
707370129
904624829
370376124
931489996
251750094
674518387
520916056
140807225
806550259
855478177
649584182
843109666
172124117
327190777
169183371
671087789
356951649
267607540
757741639
420505088
492615415
575800390
440871869
750774705
999324645
740275049
318260515
703749512
258617294
981925149
918936697
756212832
256103574
760013414
307340225
792093862
840965861
577282363
400872850
104132863
585671795
626721311
472260528
763318150
844792032
183833062
694776485
813532810
990401143
710183143
251124190
798607812
225557230
627982533
188998519
183679762
575350724
520897470
709524327
278515990
681293011
202347027
510558871
681817826
665845666
375033893
952385949
230098539
954964066
253505015
702020865
483555231
288427579
537392651
738315800
390307072
538809920
268652747
868611711
193615249
782723825
192174556
245168582
471770047
296604121
854021304
950162324
879863680
484902985
686832145
285867146
531595327
246416727
693663728
764397610
555376659
250616431
599843556
493574048
248472456
394467708
292682709
347225995
631322976
698245763
578890034
846439918
386074909
161693169
109633660
888758897
965381295
945904710
699584148
330754723
881269013
325452095
862014360
454758429
409007573
815835109
621257642
756904740
727948764
247945861
743297231
950039600
113350165
433595608
789411926
750941103
162753055
763292296
188096221
757106594
513203356
873213921
715475812
274038884
119608804
783744999
749179687
101928720
756344679
112786624
908223258
412164238
621224379
560137216
519144885
220895169
206520833
867647280
344932309
811125605
533504536
539811806
447783539
157277288
295755515
565513375
540144373
537795162
200374822
226892294
431683429
496902929
272836634
466579755
563269475
375838605
114401767
885340257
323712270
740592823
347064023
260787337
358720398
773252098
778831420
539463814
826802706
900780477
506852580
315731664
304767729
923138237
219415406
956300220
625042006
447362193
803360820
186349955
735151576
304909510
921801631
844765880
802542064
829753591
558154264
323445861
140403284
834228007
506653888
682890022
506503496
611631068
552334128
686552447
540570469
118839777
532703576
834942553
742518110
408022285
193899236
865747962
154683776
670266321
477736299
483003715
917370290
687374238
140438989
887238024
729570046
586079424
147320945
935547707
571335167
525710694
993257918
390337933
857904804
391512368
499091101
930040178
157006046
511029811
650239114
898000526
366013638
725222610
402477758
482468557
406299086
599880391
376339310
845486503
852437173
449812993
631705078
960484084
798783227
742927773
231267602
208084728
601703920
792332748
155781760
235322431
361103572
994165026
311812077
219106131
964237863
417144153
395665565
762477891
124132151
319953941
822472064
118716280
790641992
748969357
182311537
696397230
245853403
628979806
449274883
436148617
741859262
829198917
104972620
478659913
625889142
441685238
327461396
703560826
865139330
967533704
885101730
655998124
564780833
411305790
798082852
593298408
190868065
530335067
412361079
139292603
434840225
607054766
259408242
100314531
364370079
124282565
300224945
563564485
922470258
783212169
524442308
838676167
203613881
118382752
504909203
535813431
866882833
547048116
637123286
460246177
119374439
402666936
412867517
787644273
242523238
622612333
783056038
387710852
901620225
171104794
726241115
232566879
359035122
929809492
240585352
315798786
556256216
199370325
270615757
372506816
216580817
396751956
529775958
395149623
213662057
365114884
875056654
312615241
705547519
295591228
574313542
931418338
251668783
177742030
766081536
177506250
488003553
866695898
196737643
945377802
102706612
855079389
465052353
962275447
700722750
884931545
834513909
732079952
325838468
287022436
228146736
281284414
693018886
670016030
563043441
823872056
313796249
907252241
376376898
409955841
105923964
442882676
636591788
485816802
610137646
861943740
219836410
913436475
201951664
371032057
192955044
741782570
267537073
940992986
462864788
771858288
769038791
356374535
427760626
686367068
424107790
836671882
676536448
706157615
262946453
261158737
101376561
257456718
854046927
878742808
145183160
309362676
554485797
893254645
672261385
848998005
173155811
621294754
627213471
351233870
731647641
634321382
885818031
375976698
930111243
514218446
919963111
797112714
922832652
311065107
503014144
245358635
395541486
193288365
377981410
706062490
221008181
785060656
985513051
688830269
177596739
523322252
230769328
735801698
988628369
979893800
631567641
254419300
332901504
231093159
251206573
679039194
197762493
353562832
183694764
150151564
899871595
607377679
730242364
198371570
828671678
685750633
843957708
614607075
438274130
423460941
319639193
265286670
873726302
248581399
652318292
182919680
376208211
170718093
684054678
832693237
274598659
918158413
823824927
648602903
730330658
469056458
703552266
443107713
639496888
182006449
641603440
840788876
807580092
586564112
502483147
242275686
542995889
812966032
459388641
634804686
945660070
966903964
742212772
343380415
777130545
663863215
543580960
143468251
936247184
732253560
610348464
688145172
803701640
495493355
153210089
451006781
572174464
855139849
246046220
406508424
829218934
634606497
739587336
629646563
416835809
509451127
186998393
675075455
882526943
619808093
600689419
939627845
465243803
727107124
810767076
968679048
994572691
143545863
311660035
474892096
860310894
240333592
835689968
440284591
832981800
953709045
279691773
600359856
188543426
551457260
460869127
987623877
841884708
939996354
869493316
698353167
815647690
560152923
530749880
317102444
112511857
979154369
894300468
207735444
244330717
211972026
690754857
170875221
713492772
431898909
829977015
191199674
292909099
139522518
660664895
894254865
750663368
976187775
398901335
620413472
177649934
679808806
226786174
586039971
977419464
946407015
807912342
327870474
328508681
974370706
322401375
942279199
316635199
301817475
572151229
274823730
108187525
686285907
885246256
213078887
734858317
933308230
560687620
884471469
939395554
650742767
733460145
912702581
203489634
495576378
760827808
420394621
123433428
839083525
537897283
140443186
597948954
481026377
652727729
450208911
661343985
961698896
812601925
467422551
285370976
801971325
402052557
325367137
543340822
899408424
295408926
900608265
613788415
331286928
359928153
943289869
595275475
690030619
910716108
650263700
727991999
402193539
255928661
344688292
962035289
763487961
631516560
424471125
840858511
796002832
767549772
300586749
268443491
401075112
813769138
736045642
388728389
170371836
371427854
728901713
347243705
413744543
243979810
357359387
449842284
755629813
291221015
785831543
112834123
184531205
358989481
989116237
268480342
549218528
645696477
570231883
873525304
619474342
531337811
175347812
776238485
207703384
834718899
876273486
435996267
345079608
567075563
255302098
858892925
321311865
125159695
718547852
364405221
799063597
240409321
988557936
258329753
149062103
944447764
166622676
557638146
716124932
255430734
375001778
248597450
204189629
411180606
426160160
655527799
505140912
977089331
711316971
349745260
945964535
189278899
357773007
996458317
788216287
253598177
742600122
889192984
940667340
929316765
215096355
334357430
501119936
251835706
927690162
967589033
139557934
380625181
507740201
359250520
407403850
501453685
494056660
634694105
965420839
637210224
930860042
461291605
470298395
526620583
852687203
270250592
989703007
502278589
234002282
897558535
915511274
110018387
117564620
637304089
366497098
401889372
945478401
380230433
521298802
991554279
341030700
590770928
756892771
174569886
694088434
997319615
664587065
305406812
869571214
609295875
988268541
626916691
912760205
572582810
362930007
434909780
956931078
218515702
640991788
779588397
149891615
766980495
750755084
455271085
405860094
825529952
631089901
896459176
222624147
926090814
642404223
686977167
412312436
752955507
330808646
938513523
387234998
695720665
271734059
893535358
118062233
370132958
875101624
400021344
115113803
630095848
715553915
522281984
860208034
648490348
338540981
610121497
476890269
912558611
430842816
576432944
529038394
203108777
153334419
985626825
881006156
644358460
923052739
863776562
748489337
917382700
898863681
268633154
322266226
789829716
914827921
742242333
998300741
343063796
387122767
825817832
256799688
642140763
964988612
738329065
653745097
821914147
163803244
471946024
356898514
723903496
178427558
318383015
243277742
542256963
454511295
380121934
667727856
213352016
897688593
962617128
899862589
312494464
512230046
837266458
975408066
328451898
566342663
458389982
545595282
626818116
867474803
345332792
740600415
985048010
882944483
206119181
587713574
804040259
246388223
846490602
486940283
368963945
286879062
270781836
890986290
724955294
467334836
532594086
231561525
261676353
726300663
837154334
115860179
982826611
522166567
471927331
929721066
582196012
611856485
777930500
148725857
157551636
615427466
330125033
469980318
116853848
420100600
190404698
905240323
206548252
552746856
581971635
567647364
754522902
561978857
532400385
434294099
623228780
945822059
566732450
362479356
368054258
887405556
949508887
475651825
617929529
657213242
310812174
502608420
878037334
962135414
325022094
204678288
864894990
458632834
689285941
833837868
589399841
987181060
232773195
855432197
475348477
895647778
234889523
873942680
619883156
346538403
212031312
639726692
284146006
859584616
700769824
393791473
772929961
622815061
349537941
460688795
437726426
967129947
783068335
374519782
255082265
322197878
381058010
963758120
117744964
171102539
849713314
126548407
105751277
798058766
178738965
927621979
862374461
889924465
149630058
408208152
693667963
659649462
414864189
174495481
463050145
910922366
800131516
104685481
870561423
764938559
155245920
294331545
982922031
409423194
881722245
221165131
173826180
761195077
971527405
797217773
434935492
952201355
578003931
799128159
349839540
883002787
668930218
475216154
908930869
745391072
237661915
767451414
360235668
438378411
680598884
525254374
853263792
595010939
404376535
217083195
410233922
595788965
244403879
474664275
101532850
548670540
739939342
135405757
448863100
294048957
929973894
577055887
361686164
198962402
517054141
530722311
513345232
402810374
750210955
549977933
549925594
716737005
836857855
868082404
387780712
911586182
557612655
916966474
580999166
361466633
147454543
166503845
727947080
356933887
671521856
358829517
171579551
176777831
703330568
352273138
527004232
911502743
988540506
847754170
563462573
891108152
671189045
100624031
850827861
659308579
291492159
469545521
354922553
507688929
833104711
932356583
985111366
463589431
969217207
567965400
629697237
517878766
744738699
724431496
585899656
860142864
672049517
604976660
583767674
813286400
647088788
292463689
599430933
699498519
910636344
439957180
284715953
651698228
563025019
383048282
840130989
697122685
626684059
473378597
944170068
681143093
231454404
473879445
380814170
967907508
337416522
368659241
183676094
197701301
321881103
699362447
678725553
358690597
794906842
202561386
940205028
984368502
659264191
793157692
484291591
327097366
520946338
971966867
193517361
979887442
842901818
866723189
175030909
462701479
488261190
676397552
888459802
366862798
932429152
447922622
665500587
160703463
174525652
590165406
571313927
406944583
922510579
193744112
912193671
838734863
671560419
985086363
355282705
948253217
545836562
783012665
918761834
901399822
456059155
330041600
208555839
607928024
511571325
245465153
674768839
829578687
430899334
131854859
642047081
802490807
581484500
303959817
900653954
765553905
107464456
551333184
723756762
246341199
881225684
425028479
972245542
114133306
185951613
237968846
383656244
650829532
546351304
116176318
675193160
744295501
475291170
309868866
668864580
108749335
799645830
334062539
266469480
156941854
775906245
472073574
827999128
704164942
216896293
897951124
271338644
349502520
290633394
135777795
472335928
736540179
191196673
113025838
119254359
464876788
269163948
867427178
758280587
175860526
236202792
306543606
934533096
332127590
427661098
212486704
362400563
543019284
224091944
336485949
228468234
327484105
118695783
264222826
760886772
492338433
811206193
160454052
518511703
788709906
445149286
667126960
543837394
930523419
190592412
276763900
808677253
255449100
385970564
848199943
789830285
192511646
413549551
546440856
710728739
482728692
700967718
408649876
329290600
641768949
179181613
832970693
873655732
286905456
791448715
661008785
910754537
587295463
135687508
821188664
667757364
440990609
388872379
168686840
853141519
544421600
362812994
320807810
741678037
898729607
729925533
936518400
314075972
819393616
302266823
885868247
463520400
716736640
931163415
185984778
399439571
535413449
178505456
956705068
342439679
630177124
466872632
837858267
218555186
373079147
813747867
801311071
424633099
189996157
815173486
608894949
941478557
812942453
260766627
451045959
946668536
148801267
845127807
960137898
535571555
920573639
227373459
333860489
120031273
463798496
595728785
150528477
248864986
797373987
935624528
574314848
731163748
109179569
161070416
766595108
491413007
838786177
370031070
414757965
309992785
872730677
396465492
320912185
396017442
756899235
721022602
678749100
465860859
952465370
794523634
650980185
327721830
774803492
884291038
423272465
681975486
348670346
249453127
280991348
498209019
350736918
591663317
222728035
722261936
918047143
390431543
545125661
680594366
270261947
241681823
457363794
667689592
859879971
726287510
376409841
305052014
524688522
668471733
422645798
975629168
964607386
221974523
841268368
238234780
350747369
137870277
503171681
916122926
951601556
612655256
866270416
787669663
530192765
740927473
412873379
602489438
350257917
963838643
336558326
218371022
296103449
605704673
841566554
962663419
669710019
602649096
435840281
413858793
644304902
178691708
873204339
565924403
480080182
153748360
197544277
365712417
210676962
227844400
778586685
561635176
385064804
413842136
925120753
167961847
952625628
614783068
535782294
511731845
258624762
370357161
978425031
177846180
119504288
911001796
510911700
623015841
427205447
251453358
545144470
855752999
340735640
127890414
501621962
330329266
845388558
141814741
304060915
519192008
499348541
474718797
604489377
143219701
611309512
873233370
290470391
970532699
451200124
674567925
768034251
619520593
696319915
547324588
796154420
320530499
707795188
534769315
953623620
859446319
870274787
286809363
455337851
359443162
624850153
242864321
125437736
662412406
983458278
102719694
565305438
134736824
359298925
745454564
613738986
214814790
127202581
995860851
110865412
487428261
930910543
258886544
522968503
123988734
461044031
243402820
805680507
970565558
182087818
100482180
919606572
204708918
414261198
954865288
448361529
168003326
625054799
653613434
599976161
487188813
320184952
432958164
612454693
161737858
747165583
539111145
886442821
944353698
724448646
906494447
609197837
808244881
800028122
490441052
190962291
424321294
971810962
728931481
846425183
663661021
362337840
973618772
924366212
705050123
211791422
184124869
121868784
503055533
532020728
738931699
501292056
509529742
341755762
878216366
821018769
477565094
476498891
918956118
690424561
447608295
344919603
555025142
523304433
665487567
524651642
930180212
792738605
327048712
656675260
515177204
654600500
542695462
104629198
792103681
842855157
931202389
125757525
278679775
835078030
470365921
170625515
777308075
994704067
711099686
586554968
995800259
174914475
996188797
753430237
536647799
443182424
686457141
275917957
385403397
203381457
188335459
423144177
786432531
757967632
694758744
499392118
120391447
789373489
933087285
473126649
173494314
609274613
172091719
861143947
226557473
196822502
874687555
425024218
152853357
556010833
922824826
235095761
950438082
548663453
726688568
675526692
703035763
888828318
233283521
192708308
491625239
444353756
658144359
135872744
895307131
301187944
384694081
271084372
935830763
668104997
564157220
307226872
797942834
483949542
109782942
334926057
585175530
155184182
372864490
860622386
219741875
606459162
382882654
320049790
553583106
571028071
160407641
267641734
744899927
688584133
579612189
243112933
807975427
122448060
384475949
229614382
120813386
930310694
579460620
536380336
779180901
698323139
387708307
985857040
488374757
834971560
174666175
957907007
788230901
626468103
957433570
868167221
911965625
349488547
720737695
700887498
880714087
146421086
250939497
986302688
816966968
181223595
792099307
513813607
133211903
537705996
454126408
315539115
527095385
149322111
999621615
691059234
990905877
732917280
773865447
574498332
155660607
166379641
246492582
106607263
732686080
267525637
479098600
344575300
426386576
594289327
358547743
490791813
947977277
915529978
458205799
230234982
254201883
421994904
613497824
466596626
514169164
871524535
310481405
934865182
166734530
300527459
122605127
760371374
451776085
915924137
790114796
949730584
779496532
427488055
699707441
349980408
680282810
293578584
929885046
935446023
992585782
747471100
911396280
372436257
525426006
380658754
439185270
638899853
197328179
460636357
177794225
302862619
569947778
586396907
176442231
507132175
936207313
748778044
625434435
828977207
854835104
405986828
510764139
332064839
688570412
117914401
633120885
275167490
471222374
812336672
540360575
286969507
564529001
741421687
893595481
972233128
289029555
623471890
746669896
893335240
365857235
102740288
759091122
904121246
601619906
160299845
236843662
420707879
551190655
151056474
251587672
926037352
256696688
118808531
436622200
695740447
516281464
627588378
308774098
462784584
870025765
888213495
560652301
467389508
691713178
100612369
350771886
396218277
505288893
639201504
481270082
737743539
247911123
596315582
357816070
248729950
529957501
853144345
793747291
606795323
887051054
521626139
135823514
212487198
198541430
589711793
854597935
442121276
878064554
297934580
307475272
827692242
962631387
783722005
416783660
287810682
302365393
909722764
363028522
468554411
704550363
892990807
554500565
726341336
397785222
608357545
421537389
190632733
668399067
781458062
433072970
215174861
193144416
140211485
884121227
177835878
668751957
251249418
247371674
407380945
568620678
514337592
436757119
983941111
199055054
589448857
812214806
855703556
808215850
596762683
679940966
967410408
475321672
942862220
853054993
995076178
294939247
949678975
712762940
178825389
594341409
191791436
163393112
478181190
925058949
135677275
542446027
548950373
742114167
981876103
358253278
448122445
460649873
102553261
117436764
801608217
690621472
867542437
766370202
650322107
699186448
317642763
342639878
902729639
832610486
758640446
706721687
810447825
797186493
445506230
209184691
598013367
186625089
739665957
337557274
179719903
537861190
803533301
620618159
163297078
244902494
610562655
988099918
771555964
347189784
454112464
563676054
847455522
842830276
712847692
667496700
251468156
117608034
350561291
661073818
315459813
595775783
860714841
565151820
140119724
335985654
265727325
367108225
508316635
279442756
982888383
733973707
712283888
462700863
172773931
899708652
615596195
730782545
958395028
207967227
116900866
933953150
999167619
447836746
180181797
248319563
592005423
479860445
411989433
873554822
852644585
645032263
618626861
461303276
329794826
551779424
503712013
639267774
750136630
172948340
113320825
597756550
339486341
315496753
166011703
483040196
127265736
526982786
253094064
309867683
182113577
577155376
535675350
705709992
665909771
844746605
313366179
711798873
666319669
644440341
240293441
436394008
896593933
646314874
504304892
201648773
622968659
619848516
327047471
973068620
853709826
576716706
878441893
842688583
409413638
887530543
464737584
509792895
615271094
723438643
525017066
357059509
549351640
566361606
558109558
709499693
871017649
788413941
131626530
157766279
832090966
415733524
773497850
932191746
609059614
517681072
744171296
514262599
363589412
254356613
416704539
285466723
177479386
988753673
150610707
428124474
650466695
155303892
121419430
539369536
278891490
146316248
190123265
469328881
733644902
410464105
769960625
282777403
710910243
452021152
496868959
274132954
643089606
694369997
223274995
220144837
895157021
440844340
693563694
105772874
195358952
330881579
342399597
136190532
236632020
528481148
603733160
246507545
860032478
547173251
166502742
505381502
841918502
427956424
839051344
486923040
866348894
887173092
402455992
808242911
647725886
591454870
591411160
356910365
581857128
447227424
842055681
706906809
557787172
903829317
687208205
957465236
663908380
944105037
602967090
390254984
847592188
361279043
932222791
357876448
462992913
237317931
796364632
664025865
554815524
279112277
246480948
223569150
271225314
440414300
717713959
587439459
196838687
965192774
506388147
259069300
565318991
914141125
514701849
644330363
271042406
847431491
413453698
318436117
413415289
319326503
196213905
362705581
518662475
371942305
373620519
741500020
355360332
276519759
867814438
572612844
727629147
217116663
489803600
364431516
977962601
715898261
585633126
649857511
442219209
863448096
925952749
285969842
550080100
239519964
181583390
739966840
547047608
535882971
762877450
987336070
308548834
349741383
483683133
199363532
714389265
644068881
560048449
291554276
506415230
721030235
376901286
472191141
345190829
843549861
156993327
960211790
707362241
252249545
429664534
580842706
941544966
247571675
890674328
799136424
527418745
593483364
299038289
169189052
534968812
868444515
311356263
219740756
624705002
430843333
827543153
266590393
371250573
760098414
696110113
172411172
234915830
164175839
593291942
813576173
781527237
256520892
680498491
705120490
230504756
708327283
767442106
665362229
125216362
351217239
943834024
606024684
927265036
305365463
395747708
252034933
920805321
890124714
882577585
722389674
634888721
914045927
932851984
312257312
811635007
658006001
239561085
185863043
510199444
961658891
451725509
253356936
223910756
480571156
909665237
837433740
453015300
720339113
808771393
106709695
556079368
379118172
735916255
620912781
197891412
682936682
846198599
154894919
104981713
373340616
432409213
164149477
568585471
695622628
919802072
790095440
187316019
752792307
478089720
417223426
778244536
670374280
795193032
236554240
165918889
851083961
780464302
454096017
642522770
268572204
247237566
357333120
826636195
763845988
445560257
772646764
543495111
619033957
854676156
936733756
494613910
412789851
485023819
134805089
733751993
412523364
618183746
322116140
722281022
869410885
186955039
674051818
458981248
393267397
216085378
867135585
396110491
491790410
223190906
875873602
359075212
225706616
987173528
399393469
366560502
824429569
257497905
418834278
205857695
186569106
862834331
641925374
554637833
544257923
722821273
429344375
890726099
815585239
381634908
137811007
121830141
186922032
915407867
598146433
846466611
815966354
473475011
390179946
487471346
643549343
156746661
325448144
465773577
383753438
279493891
890310267
317592775
320507080
907369696
692791241
832727569
415254029
365830698
128065271
981571960
917116257
789199895
745537707
305691127
603669556
913721719
582192298
384100774
918707672
919081189
248317894
335896485
826754726
185402953
995946274
797771659
216510123
185272478
292613508
145190963
650220945
812937068
863337898
349475267
103365192
832393613
300193444
446801864
604995150
602864739
339073371
751322133
439440498
845966154
121393225
658860893
473975009
899514737
397773488
912527732
967003055
132500276
979787594
416455545
519901984
952680985
113339041
348231707
224755014
405160941
216133612
917927311
217480050
503588519
329526343
732248808
143517416
730415069
888739591
866782581
587758135
108364103
514454131
618942751
175369665
389012603
757735860
291552406
847708694
423516039
529519648
258817436
357929308
361728718
866332468
825056060
803556943
746057180
712584205
735771324
638257725
414865223
708601394
815477592
292439529
153318423
202116901
108713028
429692096
213250901
127789154
131471876
976137864
732040722
933391315
723692091
844732567
946233268
216951497
125818599
322597512
203981980
640151531
405308287
371526559
690020119
219225497
716327744
986712373
611822399
465108553
695689308
942079308
598217086
703500797
684484047
153796878
205053762
727827978
871320317
890242124
197901755
473715697
581109974
207735434
517831228
349541509
324798750
624300667
181672298
522778596
780104528
243911403
436214719
505812116
513731946
190835148
262822407
791831520
285613975
848510630
822352870
652717305
282348936
999436751
310073643
861016358
315886457
834396224
329790138
459981814
188159209
314550720
763064448
838210320
845362999
231069301
867032975
742592713
628142873
212561162
269750239
580616266
837635603
864032111
101781940
912169488
763110510
299883746
118772160
565888135
994558577
998995751
106584003
559498770
986752045
713180532
895629875
302638327
525212731
611652211
447882829
983697022
805868938
484666988
326619948
825972962
824194562
713729742
473040325
699830702
762899184
146202025
473548925
638000206
369616760
644900586
386329020
472190685
770880604
198955409
807039280
959453126
135787051
937217417
957865203
346329810
920140948
958986718
662765977
457993504
587830493
766242394
181719596
442673364
614045388
524429612
166944566
188921449
932929723
440334854
867194308
524330168
339773653
605915266
328235939
714633065
506730751
835559618
254175958
562303695
684546591
510617094
191479215
424421794
602404704
595708609
416034029
860734836
884893253
172540469
379006600
943295009
373766791
820267845
583030434
518295129
673064019
454871291
229914424
935586557
244991929
850094159
986231626
906186583
220225519
563673082
125012591
638778409
107613687
995724148
121047448
651985285
482454493
441506180
655950580
979031573
699223384
955387508
681646204
647137789
368487253
300269229
706956311
925578641
358200659
430602182
558967582
713759158
197468234
180315702
430598221
384013253
336469698
950902763
451029096
175801009
813274067
104036623
151881548
483721224
412349859
961174836
279781949
936596572
934916651
896375622
366460082
766565183
567594189
873082466
636228968
312575568
778664550
427711314
237163988
480408296
190157008
942012578
688333159
669292287
463567585
221239207
476613881
815265366
551028088
943773964
766787994
751075161
311675361
891184016
901563843
344906886
598824390
924497275
980820196
982279716
330097652
701437918
866504078
300396054
999486303
498595453
166394900
629082391
791601191
807728774
102722229
206336898
528758620
253258909
632326028
607475759
868430224
287905115
716186816
654247912
220073576
398089214
514937351
461623857
851860818
990538726
708541621
862937291
825177833
861056372
356602517
968816660
389746508
429575468
774596082
809374418
524762425
862384394
298829068
305091264
635270028
653089740
286145093
420900379
210338823
557733117
981072309
279675539
916481621
808137047
675966388
652632181
373125324
888797883
759025804
674494421
561105847
685360656
877323777
963605850
450694474
827721694
712923983
298593854
131963926
816253115
108800997
318683843
688665421
259990155
882646954
509905512
595044816
216832327
676406410
698804715
599855944
939255386
779846649
398817474
815130518
573542942
915795866
957590915
652437380
634226599
524240326
489827811
526286608
266603203
996417694
410646469
624620087
200915551
335495352
972417842
212240763
396871082
259522437
470459329
276450247
577848090
724095908
443692306
305458707
105051135
251011357
849931726
669057716
137418448
674425999
271215484
972920142
970546739
833806486
542243696
193692033
736647088
245721443
192528447
302177719
361969732
797490811
359439541
436894342
172266725
937349516
773062344
706334491
198810953
105188701
805517057
196551750
700934476
964362531
418027909
257659987
942630038
130108252
759402388
474408548
668966063
119520551
631272780
685574148
740453635
189944472
750807594
985053231
828816627
857972187
124576284
673365415
728457150
769576496
477522386
999154924
505244106
386672534
524085687
307884556
981355564
304650386
641980728
433689241
797684835
601437066
565563918
115787391
940430046
590380837
590922785
520460781
105525215
896986111
939065776
514159337
174903035
660738030
800520063
413857691
274541007
563113905
274901804
167050385
813570056
428413531
345236755
922424877
544348384
802064958
609609585
175221707
385922088
214242490
184840888
774070529
641208662
445765477
933069419
816273293
171058741
494365626
329752019
881117467
530779237
869762632
364524680
882676191
149034523
576279986
888099028
461021941
933781529
553848642
158658205
255627397
792069604
378542842
669954357
948855464
517418898
980154517
987923004
241467235
494289759
785270727
357123126
773029850
826244647
761874133
719369100
299855923
251879762
321965486
595119140
411990937
635908715
770574947
225731612
931460114
769443420
262077290
438036494
366447755
129936633
291021922
248643529
760824618
240067874
881868398
905549310
700106394
190144656
407500064
987139559
970920937
775551735
273641110
387903237
237841919
699751860
101192016
612767120
406080778
442125306
653607045
436926452
541198976
877227792
643880781
114630151
367071586
266292315
186058183
854019688
266170638
658684289
342606764
517498174
400489299
978715352
735298102
362757084
440124539
300686469
563917081
441223066
723733711
114063832
846384909
226537380
561070143
275085731
841264866
269597354
187971160
276156184
614879185
291108087
820115606
344218227
237078225
868869592
439979461
395558542
150041689
382487651
273725785
275794113
277729553
696998918
551201815
519548540
959199528
187807886
624409050
358324654
230725706
158158987
463584056
552326861
330815625
764583805
603474596
639371359
460647575
141377863
879514458
827771525
199368205
278475686
172963042
938351090
982479620
539681179
680999806
476693775
946764703
414451113
757236658
487051534
186928756
289668375
347340622
319160660
506396514
484008425
141037041
626524182
791524675
542799475
625138473
531903815
294374893
995498610
615604294
633650845
422557235
220949634
392492351
746619709
827800072
330470675
523414066
639671625
428751945
301099943
702875879
431406868
311040452
242070310
934182401
709750200
187122837
299771430
412022695
887128210
588478052
996277236
749413420
168938385
997089496
638278907
171509610
166779699
982584833
721614152
715793842
363411468
599781943
594806905
579485111
859080456
798612748
274111325
780270821
759172187
270361690
772961111
457073656
629279065
467898542
169183608
830590613
425562996
125870332
305423681
309968816
949646481
464032398
846636439
477265839
181226341
850022959
194844232
303841852
307866391
384925448
349418827
331278264
456046755
714604096
815661593
195866684
223060258
124581788
369374429
342937591
851435656
634312297
950304829
481972936
109382191
355755232
164538731
137985655
897964152
175473389
175114524
607170532
578313604
308562382
739971742
764274848
363323943
623056270
847061924
831020754
724819221
133873920
320038782
833602177
901341209
750713035
152735904
916370549
686565543
113306246
102976059
804369198
826229986
474875470
122421201
945287239
466901706
502131191
911295099
537025967
680573480
734088122
952294923
121072823
607943510
836685372
380628506
998141400
807175944
368534480
108118397
805488077
483026671
639960806
223315959
563056476
210201457
288127489
225398100
524454043
581221608
429895779
938750913
476393361
366164904
151451823
689027569
698365562
864640351
770182708
493890989
668813658
762179790
703006710
464436031
682914746
128749892
534974873
382342467
377002912
312962404
500872096
205237851
662559123
410954434
899727831
969003892
281762751
923630639
568871040
430373841
156816351
648646957
690258595
405894079
793280441
530319184
543726423
997129387
117650711
183819219
298127475
804901916
771219456
768677009
415526605
695559181
510804008
826772188
328519203
836518867
762444357
770197635
918925483
636649326
312382570
475617700
703865004
326097506
457324394
568475132
210242879
680292023
390278629
948091227
421558947
862792452
506115782
951939839
195105930
327241559
247373902
520646756
717168845
328484971
252578122
365623491
803559717
825515590
543296545
131742500
404177312
523132140
621384441
551780040
481145595
414430949
668489798
391339286
812788555
520796731
439132605
586552367
101355306
639298633
258444970
669425536
598767776
613707857
253189292
126715132
878196323
718298342
954872296
756779298
133246617
480933744
658222037
149495616
222776353
202199544
608364916
508903056
413120679
684910064
773652269
667466318
569336161
112327654
497477947
553534104
376354426
131369253
782679330
149274568
792463012
229660915
983112109
158205731
624280124
933614817
604676099
219608224
800801637
828234518
777444626
719694111
491198980
254651992
391025883
328157192
509265907
583699139
983910658
253285119
492271752
220008131
590015010
297224375
989376701
739160929
521909155
558382221
404699226
360016035
788921600
230387397
898039577
511119308
262534577
604525377
639911791
620509061
423032483
650645206
812414774
942365161
881490610
844942423
693158402
716760887
667629746
161818732
797301950
877824003
695915244
111812529
593574105
908298612
148754392
756091640
983292707
218365634
103393367
665846619
590965141
465896857
989722290
288068240
864954796
386789442
604913055
316048088
835692551
946523987
246984513
162229794
433871781
675182412
162757974
787399888
841292213
888561165
341206812
675117940
874719663
161893192
898952633
732725607
707478943
407808844
634212484
297223168
954121344
316996350
206532220
160453537
446669298
713747189
420736699
218406496
724487397
835351025
283309992
385241001
379914381
934891384
102901561
374487205
585828015
796255088
479608116
176722109
179041503
480102315
283242513
544545926
764298347
817708567
617759049
313710923
157915746
225804696
111538541
536329914
408988325
152246331
942067329
709488591
437566430
216707730
798939830
765830547
470874584
956446107
740417386
602922179
799685464
887142465
945896079
288975519
962204829
959105825
588700535
608295385
937565747
270582456
659517404
465466972
449451420
143318724
327403893
260189913
353399915
689559603
888775328
263457633
740333584
751285645
635505960
288929811
665756010
295802832
840889496
794537960
423804106
385536543
316789610
799808236
826928528
516872214
896027890
478290993
407002348
468131117
892173577
107510722
174314302
494772789
264586556
849754160
684731057
727600285
523624356
641086897
880026306
566857440
119340332
360963778
633610294
323880279
916137375
154512319
190891620
976765886
750403356
993230092
338433723
570715749
867568230
623592139
279720432
958660358
128707859
519708219
225082558
920863901
951675491
439162057
643929236
935856120
405623388
123016415
522015529
593320701
229156756
876482888
778564250
402340919
337405684
273139242
231379513
136252961
253354133
195873816
995022093
737413250
234611018
170497337
793225379
424976031
369784850
131553144
938832499
666557128
685402033
216724173
532612895
608748026
259004052
962636695
877539081
517210625
291906351
856908395
130107704
144685611
733498485
503807595
640808163
239439974
936963135
408150288
924998816
189598850
836673906
127222743
681939462
986179307
235139351
405431080
557745834
937510264
740709864
148167229
390738758
644093192
225301491
644011376
185970540
790399007
730322073
894100859
541914551
198330656
625637687
554765694
425177827
616515499
142469350
276330829
920600367
851454206
135153179
255852248
178803198
945625364
302724523
275190748
709182308
414101497
480928309
310440069
124839055
394111399
998575294
349437531
208992602
967995162
633806437
464638013
524436347
122373176
345562772
271830693
338385461
581238270
309649738
419238108
878416128
623036163
123781599
300383947
177317860
418542240
920756312
137551198
626475419
830448792
981755192
518798352
930770818
858616748
256944951
633824461
908999773
478301655
979460856
949573630
484959534
424647464
698572141
666007155
368972802
364138899
600463311
434037420
423730436
288802147
724927092
543731120
564992235
901787935
996422750
795918464
509434079
809861665
365005273
536420513
727579131
964589233
977261743
163031476
710544479
811863753
122316040
316097030
388587071
958358697
813869955
923420188
978411750
435227043
876023176
549623795
339371432
971030502
762236494
245509213
789914413
626625760
804835160
799759759
339851676
292636166
290791853
344410234
696275486
194591892
956020092
104933009
931511901
411761548
814064565
491033738
715012748
627198479
904219012
756169553
763958277
325554357
541151814
413066949
136523700
997819172
200023174
707764467
993029695
113147631
518317960
749592822
947981626
125663176
937273722
115371353
816598307
912298299
633732254
275720593
292404121
233090906
356141100
245100831
295284548
944550738
461632457
751757815
693274672
668004544
987669027
937321845
383195313
953999545
872032556
426796497
645217836
572395911
448661853
882251127
973121007
956331995
540140274
228901653
766875803
204883359
317783317
296281808
424471629
646406884
858303767
911763489
751877266
148946420
431378807
924412554
536633717
825727817
234077334
518492629
973456026
139657999
810481007
815747625
788701517
604018924
435483235
273386582
954743468
877782417
839028873
358677582
279599370
508012202
185786092
382100269
617432069
218386078
655433001
669652806
426514440
900142779
353357859
361602248
799253213
607127449
494631398
224411980
711889521
284595718
281263829
850311804
557407552
404918830
231149710
698355521
918257423
434022410
269114917
553161587
745619446
325616083
231677528
866419062
215404384
714154068
706548657
152632730
575096023
164582676
287854428
172865099
406746383
184896471
717670759
999789770
574073269
262967412
621795706
248496415
483240969
261875438
581617780
N: 82301063
 