P: 719619876
4207300
6273767
2988103
1010945
6676752
5509740
7592105
5689502
2488451
5768217
6773703
8699774
3118790
3855052
6140750
1584945
5716188
5592867
9267251
2648437
6475838
5692110
4317092
8057129
5552006
2129715
2856114
3450520
3372316
7908205
2654129
3945332
1090861
2958936
9104324
9769141
8726916
3782286
7641182
1018551
9425330
6690352
5939199
4500745
7052387
5306715
8470518
6893182
9377994
1285891
9180446
2561484
4912886
5749427
9688940
1933561
4574202
2852756
1933301
3745938
4322829
4719893
4229108
5080474
7687179
1072079
4971052
9175843
4581165
2291256
8509748
9134292
7366603
6387200
2256959
8193039
4181571
6754030
2400892
9912877
6474448
2157497
2736065
7555611
6194910
9928983
8804549
9542648
9628612
8186072
3590383
1684482
6612073
3979425
9845665
3557436
5783767
6315186
5638941
9978615
6412157
9910760
8396731
1710821
7582851
7337500
7732290
6417831
6285207
6546436
1006934
5972730
2466953
9872689
9008745
6275103
6979062
9760003
2966878
4691476
9903290
7727023
4274150
4599600
3834944
9831569
2640824
6052545
7277458
5084951
1741486
1476462
7720181
1184987
6245911
6297571
5471810
3308739
9922376
8143980
1163677
4447770
2789755
5071853
5635074
9609311
3163875
8354309
3478322
3770669
5096807
9905231
2074170
1372936
9603067
8615557
8236693
3768250
7700605
4052916
4216648
9204296
3125659
3643285
7049676
8717753
2540210
6767167
2452872
4398988
6152070
1570381
6751181
7832123
5251884
5877306
7365171
5159726
3755981
2419592
5576476
4782375
2402391
9997612
9949654
6642344
7202324
4884378
4432204
8606716
8991448
2938793
8963824
1789669
8635527
1037680
1568655
9397088
5188919
9104995
3297855
3478360
3302004
8219265
5492311
2201859
2102104
9939787
8945316
7625164
7634698
4442653
8289771
6399256
3107306
2908556
2791758
6573372
5476236
2599713
3628456
7043263
5582895
4906576
6573777
9739787
2094441
5357833
5837753
3986779
6582296
4030251
8909823
2852613
9452771
5181405
7466967
3432191
5596792
3452698
3373724
7855812
3223206
7358550
5581108
2598976
7492592
1903088
5416239
5791023
8146466
7601409
6833232
3120355
6978411
6024269
9563441
3174090
6562091
4338213
2118727
5212722
1045575
5191088
8832523
5532582
7108422
4953865
9046359
3652768
7479296
4178543
9896735
4294981
8491899
2138336
5536224
4899151
8474658
6582411
9183925
4532566
9538160
5921877
1002685
4706213
8962945
3124271
4632374
2914806
1446684
1714286
6646490
7823231
8521608
1788617
3744552
5832555
5405189
6867639
9465618
2233928
4193372
3828022
9421939
5610531
2044867
3484896
2835461
8622710
9486044
4951165
5237225
7837187
3066547
8808902
4117490
9598008
5177087
2293101
6485444
8307084
4829335
4514494
3092820
3313546
9661894
6488020
5744300
7570691
6369245
1721775
3845206
6361452
8114382
9416977
4105478
9543942
7080217
8930438
9307719
3187292
2291231
9413123
8317062
4647849
6306009
7590135
2769665
8219224
7434724
9730969
1822204
3579083
8160000
3369093
7697918
4394651
8634241
9330154
8652828
5421963
3679455
5779522
5121541
7891206
6656041
2928073
5922766
1959451
2914524
5030336
8803847
4371162
8969902
7164573
3471423
3446114
5325907
8512715
8175797
9606433
1732702
4950509
8512579
8426728
3401913
8404267
2854936
7331098
6711335
8504764
7231625
3431152
6607497
6351174
9823906
5950490
3091032
9729551
2156905
6121760
7755297
7761234
8549004
6475390
8594847
8486614
2496926
5584542
4834600
2332977
1141211
2239206
5398473
2119441
2521505
2119603
2853594
5096149
7797804
1200746
5328814
6880779
3688034
5160851
7164284
6517037
7172424
6464787
5012891
5018826
9333089
6401924
9478809
2165253
4498087
3640711
3523215
7062717
4209929
2948658
2033157
1756521
2727457
9880866
7200781
4227087
6081645
4321986
4618643
5194386
5062089
9700368
8312352
3674921
9043931
2268761
1091270
6989568
7410142
7878987
7978080
4959853
N: 0536367116
