P: 42951281
6556703
5992917
3025440
8595999
5696896
9687477
5219671
7771795
5197036
2240473
4104173
9108846
6919010
5616519
6693929
1209776
6689897
2164774
2639387
7274374
2553985
9965170
7929100
5993921
7812367
4112243
3810962
9672337
9924072
5183408
3574272
3241501
3679726
3252175
1613738
1397179
2217140
8209685
5868122
5171352
4510666
3496825
6252541
3912163
6206729
4744001
9322707
2668016
3754896
9750825
2292178
9934618
5270878
2514694
6085358
1745959
9646729
8644687
9229744
3803836
6852227
1557314
1739613
8957565
4501134
9499270
7592368
7782018
2109689
3508685
4628983
3868710
5479166
2615910
1394509
4751039
3274549
3805921
2763397
4083671
6186569
3035318
6289350
7853437
8750435
3135908
9060749
5880941
1163426
5768490
7717788
2063544
6555387
2996360
7735263
2437613
4173894
6886123
3576411
8770186
2814328
1486098
4748846
3522308
2381342
7882565
6780387
5550201
8998678
9521443
3650580
4509506
7718159
6593947
5260404
9902777
2818819
5177601
5253590
5682388
7122343
8286057
7133994
4034438
7824856
8153794
3768068
3236003
5311274
6513032
7352985
3872979
7322684
5269538
6877844
5243292
8895819
2540162
5009216
1344931
9319270
9804965
5255550
3869432
9623393
1554805
2233842
3407192
4077547
6323526
9356936
6530145
9547163
5795541
4703254
1136290
1072633
1070836
8922332
6240780
3304327
8329028
8186703
2845055
4366220
2702009
1817000
7557822
6021212
4561945
9119210
7506951
7083368
9696091
2077992
3176779
3124870
1910240
3880330
6215132
9718816
6524945
7099226
9239878
6492861
4544924
9838820
1594831
3038806
5536946
8289683
5946138
9901180
5901167
1838352
1682752
2004789
2463794
9590121
4480474
5541114
3453164
8314875
4591204
4701733
7805866
2534629
1884471
4983133
5354549
8417938
2124746
4456173
7101789
3860568
6237428
9673301
1112712
7525581
6457975
5209678
1916009
7667098
7608363
7215043
1754666
1222794
8602609
3948603
7200975
7127905
5204595
7086263
4538447
5822586
2669529
2537833
8984350
7536211
1036927
1506341
3750559
1756653
3521081
7436827
8166135
8576174
1586503
8755786
7912107
8615113
8407852
7955431
8078016
2078342
8990815
1746459
3916542
6566639
7418666
7203879
3434078
1710549
8549963
2707342
1113315
7562615
4339294
2990607
9254652
6358621
9832374
2890860
5651286
8188607
8258440
5209196
5689792
6022494
8354178
9269989
3662413
3307314
9927573
2044959
4856139
1830760
8771806
3647361
3440031
9611103
4051918
3993882
3297441
9096572
4121217
9253146
6733530
6393940
1705044
9921140
3484611
2528359
3973933
5132340
6053186
2847162
1860039
7930177
4228818
1862944
5421945
3104137
8204113
9949933
8404004
7991727
5673267
8162193
1718844
9217053
3392072
8692242
7686449
3513395
6961392
5292895
6989468
1706021
4991957
5963713
8678339
2196363
5407369
9436068
5966188
9658575
8214587
8951281
9874140
9375313
9863189
9074429
9827525
8835487
4038290
6693317
3442608
6011506
3657718
1007575
8596465
9403189
6451538
3871251
7919005
5612434
8482947
3298247
3509327
1129818
4879661
7613640
9099761
5394052
8857532
8319613
8737270
7368798
9992908
5129941
4219099
8112589
5879342
8288839
1021889
9652933
9488328
1667585
7458245
1500124
1308117
2385564
7756087
1960052
2966577
2737497
5789420
8613954
6155247
7956753
2857132
N: 0954799076
