P: 97324183
514818602
744458307
611246517
933488054
923198115
114719338
225623375
634916795
136095345
264345149
984948971
249375316
697652918
812949704
986647771
243525829
639993454
252224195
553318305
964493312
648360853
137922202
114500478
527582732
602891326
850672865
760763641
549298271
832107843
916810139
306708079
884141500
329755157
196905876
340803331
525146019
402610821
468100770
511825324
107411204
391142999
221618705
201144561
810752277
849984695
394669391
439290479
640362835
827422278
863325532
570533524
960322218
839680525
350293973
616176684
504952758
635855622
280180255
432429682
442524870
847092922
328023107
273129871
548239211
648297818
145027128
649931810
360085771
888758719
569125380
137258705
426185408
293225006
175913831
603931173
894088432
752768126
882647729
951240707
183533632
525701980
194269099
973020349
727871096
578671044
748386945
589962227
833192031
940038214
237148261
191883338
210320971
333471785
191430025
753878688
175296270
409407734
252249484
236911500
818516461
297063907
684092525
571721175
990298208
945020069
166929385
652557864
699156651
490336645
448953457
103385601
702817198
979608244
180005442
785988358
410424314
808398342
538984915
198759793
543703787
489116143
437948661
879934984
626899147
424263790
691439372
835531234
469446737
522493856
338761893
670674319
546779505
613277528
330764619
252446475
658529289
636967167
273779780
474253601
582908364
536922373
658593225
842857407
312512889
801928453
632799510
616253429
410107718
601540627
450437587
956383587
304374559
906867579
772674109
788232539
703378582
290083442
476476030
546385673
201080323
797772993
498725724
602162153
814161412
921399163
232288409
213191898
641635051
857307955
165059474
263087596
994699191
366411029
644237116
325312444
229457403
205501316
740059754
768933483
959336711
492694061
693699296
793047898
920854033
219299997
782217373
978170820
658695031
706564895
448773475
552473889
627255018
509575034
130223882
516059762
688042669
630408316
186568873
988429170
525720908
218058055
217770241
841645095
229364338
942085675
284457175
462617641
269507893
439333156
977141750
567901635
802022687
865633622
440870232
158079017
441180501
881221310
576469814
790168832
649577992
853830813
580760544
122550300
100270466
564496728
642073645
440158403
329099820
920716672
258722876
981407923
996458743
647384900
995830765
506210350
732517453
689807597
877146875
815668255
942435812
991790740
563620060
971368683
814032454
606203216
250476296
745988496
494012595
307658477
460706865
444252674
698667868
723281996
502471205
967642526
508086168
777207538
199143832
807278191
681055855
934513625
559493411
134680638
659892791
520301738
241164854
424961816
702286744
234897957
470628833
989381782
996543696
762242825
402307551
800185161
552446030
739580703
652898380
898531325
259841701
169600473
667231889
978208959
243795570
261429873
205422377
345695771
637186855
989764722
804049188
881598084
862606962
344031557
552591636
843466568
804003691
644233639
963608566
199923786
145391089
624840711
340959243
680304574
274618947
110786815
506756022
549458422
929842283
363805265
455179662
478477202
303830190
490213230
883162200
813279815
997997158
362300771
574996396
573031322
940025403
539361070
847342729
948597761
422812712
993213322
736855077
483666268
561951799
722991040
700976902
893533172
592424560
983735418
655621939
160293550
939122058
585883256
412889617
177657094
293490733
644871272
926513350
611242212
565746757
170951727
291028830
788337222
540944412
566965707
424454418
728529738
724057460
187956312
165483167
404931245
599475319
566299347
363748329
242154590
580758949
959190539
945184505
516628914
624462707
890954237
556539673
735073938
294502401
896427516
385709042
810320825
358432934
274528861
740413130
608700454
244119202
279746157
249258057
615247944
695626517
148256482
383410983
444972536
101422675
503423846
546537398
464867782
653492716
972264910
933662409
117505233
381748207
830608854
744101050
754932030
579441863
973097027
525048152
125363127
278513799
552970594
309865674
776639171
361827519
768660278
809327886
104367391
387451327
417511450
646891999
702922075
691354043
412789705
625219714
538427819
827308016
601942007
928771539
193252798
428114248
932046223
595176140
116466906
216120127
756672779
912461508
265296754
736605737
690774458
165764310
385493131
369444695
855608315
712467032
355017987
180259952
581342495
372819488
851334102
749247775
447957576
649405032
510874927
208101580
814695019
716365189
725058680
655571735
199678027
706303020
467604657
641545183
351853051
358966703
125314482
296876351
248008975
493145801
524692211
353053963
797660672
879143800
798569453
562579684
835408142
507281525
739474552
534927468
955370374
700080077
320209998
952257558
955563052
968188666
609491886
569965566
279635298
506482609
571270525
362098721
837819160
712847437
810577691
259841459
725664094
349353017
435440075
553351477
828002962
290997133
899735683
278359589
756606540
549014258
960353507
233765576
440805044
269086497
213234300
506758272
190624439
309870256
685757516
186062627
187376042
125758340
128647235
367089119
180876469
737705010
938009766
413917333
118565546
835417617
903834191
839882085
992161684
733391760
392885436
347494377
561753038
201033500
121001246
476679036
446345323
793395819
538875018
416868942
182722124
685079899
999120596
514072427
814294336
107881757
757917107
222439966
839294373
648672655
657246813
215430014
444940162
152008594
140211324
938025743
119238561
413246553
665111134
734352283
353182692
715041919
898310925
766256674
874663753
483692218
491929500
484357436
358294785
628534530
305040137
802052573
408949526
503192026
906556888
379028831
302213151
538620196
218842801
576744691
730600554
983253277
825754490
536619845
582878571
520617673
741977079
370645448
284295413
512987291
192495270
472688474
869223832
289940270
587920270
769739146
864479900
119044472
971093767
715284827
402880649
222227087
853921267
108353595
880699455
150749324
338343248
969149833
335546870
533976463
704971977
272980066
602263212
847652224
278530310
752527473
582781859
358276230
998448343
626388404
517451454
431331984
516114193
411719292
148946057
824700091
184117553
511040078
354600262
129402057
145739688
332562315
214017528
194803938
445774327
738074549
955987574
435598706
972103691
979452469
173184474
557942145
785731295
344204958
288145818
629052701
872503606
984181274
625747733
174575256
865405721
522185741
937163488
947054529
949588327
364458528
132012305
344358280
549175812
381926870
334643470
536855230
791265434
177703851
301956490
346342882
290669989
544572301
444718418
282181459
273381059
356267769
912003667
737891781
689280372
640439233
364275136
123321490
237468823
776898518
578496224
445464388
625552834
888182047
378983457
426851309
208335998
925201359
838627744
373966400
533126075
664905107
553346455
320649962
774991539
146844690
898941070
594759399
241215689
778800839
809487841
239568379
220126294
172997758
233362272
167649545
931841137
512169473
718475754
425147887
166140997
222487933
501792646
298571591
569576943
802259862
489090993
164210064
286710207
714020387
486863889
776815683
255382740
832445077
994228712
573077567
423447663
461781354
214851221
510967680
723240871
521098970
548586416
642614733
951311248
645301229
312207403
267769989
564284745
367756409
163261684
789306118
239753194
893205600
174050546
933755135
217450760
743412376
545720997
500770874
268892704
879403455
120946804
627563545
919182283
282770271
984256960
247192762
737905161
249342038
712432694
867512022
132407922
915404551
670591043
971911468
517751832
363142721
891935439
914660277
470658648
749296652
160969886
429680128
951794670
103373694
913796509
324779438
804863605
929709831
949902884
155036893
989676175
548469156
191468970
367796386
172554415
393122813
978280118
401721345
898572974
251072040
273244127
479379411
935499384
700421207
363449685
818806364
973079994
913380399
751781487
267644862
783698563
225973888
168876005
873511175
404255041
417543946
762699722
850110832
793257618
302573589
962902980
530817085
799861384
378233542
932599932
322932274
866502262
700020649
967862962
930710093
121135998
934952599
711668371
815576411
162794538
257295864
424900326
687334628
951670282
483208806
970136539
859793059
506349475
182678087
101469698
661218748
730325971
603051420
531178200
551500364
255265062
415640595
458613109
557746163
366124588
206360926
875199205
684748235
607572414
900749127
426596195
988702988
327473428
224520557
514332870
236639092
763733535
502490627
272851136
807498666
445995937
545468503
475277304
381161410
532074865
257008667
253840369
899357065
557952626
926824556
321711292
211682302
130287629
107033383
211564037
849772906
976739474
815539300
215858771
261489499
724982863
808517077
947905943
662575961
535648124
865002503
606928268
547408641
717667520
506344827
183162056
959431988
701711236
462827326
698415064
586723129
664333146
291145789
699889936
804703675
244504038
571093598
106674279
506499543
726348247
634019772
592964295
122147848
420056075
492799999
528626670
485822143
745197697
211819321
159072778
828673868
736513836
495059486
205961793
359790931
569259458
449225441
752383569
796581989
301091065
293318373
433243345
482706601
698142608
942036107
481880253
546291473
222829050
403147148
600828677
994451242
620931768
298144626
880186755
426424718
874758053
517985200
660376878
605646013
949980427
454638488
270765063
681143002
637229627
756842980
697801191
731745925
761225988
390346118
768855184
827211693
540868039
770067638
624622286
896703375
563095202
215218679
874435073
306062364
660230789
700891851
856142687
420330613
337801941
100252096
285802811
875724804
516754154
980681950
395987342
343094096
201415308
507313544
571113417
656499568
946560848
322114035
875538534
896557218
459416842
132054242
912458874
793939668
500403831
225433113
145320711
709235801
189465099
279004840
126347700
544992239
160260835
296362227
479610363
506319107
640449498
570585463
600754350
173594054
760396064
734364932
736556795
746750661
581940707
190341011
114612822
663450607
295550290
592666338
554061842
874916391
267089923
575842930
424124378
434135063
149960022
900197207
959006527
441671433
814929445
821452084
703857228
853237773
520083721
401561068
591080829
699932230
500194941
533080954
835063718
468369039
819181732
948994998
414630278
868975715
352099150
205287219
790921221
492589503
835770673
859420760
324662152
594785198
236120211
176460748
221714936
593909545
183643882
193268364
138001038
888591653
517753450
205423691
839349578
994656209
237085006
511810595
946365827
452831917
420806637
360074836
552695127
641371038
865577566
326823849
302688147
100262737
532942267
132636325
137883953
403905930
291183197
560119945
152500154
753523128
416319785
179237542
658799879
398697438
916507618
722094409
675037297
704434104
731895934
564963546
932456219
443991198
586695738
543840756
494162363
746840284
474147629
813843382
399689127
506356017
791925405
812634780
583053907
240524715
418412469
862254663
995095198
682496034
295679194
265327577
539128263
474632507
252400302
926883504
716289733
889208492
632650075
597500504
673535153
965588546
582047613
749845618
750920016
767614266
760737380
208598715
770978241
781833870
528761423
319696676
383753317
266743735
327492348
917112419
618966511
672011204
272856272
596615688
285599960
574111374
760219159
888934997
423438006
873725734
626345937
994290301
778822144
921609903
666949564
428184101
783051905
599122628
976576768
651498409
443839742
846314534
388941370
244881378
602749833
876329002
655881428
652655595
762775512
670314410
525759349
941774797
181406855
230979582
218206661
983017474
685939697
897453925
317382449
363731402
664796964
102176920
669298237
493729469
979884135
813749236
179669804
860576591
223741926
330333186
221698251
911954116
246170033
647543951
770946619
772293704
973311354
552206134
945931970
950787437
694860613
531485204
609175472
619739552
246697014
692962796
991125469
638276757
376641840
187550179
814880304
437520874
178825491
366209733
783994286
108721039
328072169
395653686
143216648
268231281
312616855
612229634
471745296
439213325
757946560
473256602
161525110
873951645
219559290
289682677
282467272
819782826
219064217
892324671
638298426
445496498
324224889
706081757
186096732
429985245
989449697
358712014
831475096
256768939
188712536
870788884
734609378
657624057
274156721
923708849
888198754
680657939
940231480
721322160
598298231
689853556
987373421
778754966
483811391
650415535
961674640
606682493
351829547
997366652
881533085
285423492
132434313
457734619
347640229
856918524
478399708
747736728
544226069
585084855
775942494
620472300
863436547
209338626
744760973
905789345
581064661
677778195
454560593
514964314
445802907
794428104
508344540
462735596
796550972
580171365
295768291
736384559
507731030
293878442
559554449
345957766
382352164
513570165
558451784
379305489
130052210
404752462
817311948
898395208
280206180
612558860
348623734
190153988
610375916
961564495
517714868
722569555
147912297
458204702
898147657
879408353
649026131
467729040
989547018
886496398
342231468
854959282
841578577
681610060
874422272
535069636
971702844
968046210
540670596
784198946
818294168
152397843
920500946
441502499
920401295
659071138
247803552
245904289
445024662
869303107
572610029
723890649
499014123
992019870
544530144
660635715
935140860
735644890
302096296
365589191
183127904
607796007
694525797
232155295
123211530
993852548
617667187
399216188
691801528
184019728
876474438
365522819
261688382
952174860
536079974
731955213
386664038
194115473
635947520
549881974
579581550
274777709
796360844
282080051
887769398
564843342
423929393
579626236
858073619
621925475
759577984
908796103
551519667
457505804
921882621
381089503
374817632
960994041
302833779
968141930
764938909
415046364
276994137
894860158
615651814
318392593
530944463
177830155
122324287
632863264
656772121
176161871
177513767
426377025
656040733
225866996
459441026
167718109
741289647
212130986
978885916
909794002
218352156
609721552
250617291
436877276
692736529
627071273
505790933
995655802
904355800
672996264
420734206
953174832
930757035
710753355
489013847
881380536
854154945
800167028
751632102
174686788
312840591
567753713
885877625
786258761
719830662
261652298
674854033
842588268
865053797
598394056
707480847
698158453
179723503
619636292
470548638
213324375
515357685
850172609
818832536
200609375
647713443
148203737
848141012
869312906
163124979
827169951
887106889
155078284
951228434
114291749
815420601
385542857
339463108
632889356
550109521
815397933
306265213
735067566
392386713
736458530
242660629
645625369
569622494
663485278
481515718
255552164
579056503
653420958
781807446
613958346
499899549
790392781
177939666
598389371
333226670
950796656
957616634
963102474
733646068
805168879
639157120
689575046
966630141
815523212
577691459
965314118
117519608
983606422
861415462
777003110
370427837
906693602
144227271
730459138
191856096
428421020
100238823
888655591
273941624
913417706
409499926
460963636
477501625
159079014
337355846
681021054
156224426
661697647
832393922
278965065
386404478
459185542
798043345
530851534
783607576
960669698
573723108
862238435
174101113
141949943
196038290
784803653
393606618
314883111
651198319
887901616
474595360
805723136
585061831
324957158
944775818
825927794
641499511
798535066
164209475
274004366
346659609
276546622
612123521
578182078
208668630
310747157
585829900
256881933
891112477
602311975
451477355
545182194
879253572
923478566
920607669
849744984
689248642
135162554
655775540
197540951
356774117
248907271
423266594
115584719
103776070
530884974
244020432
572468175
243256340
542255847
930132227
158237515
211190944
714393275
632888165
291914964
234263292
781555084
684449397
121623188
809802666
983012161
478749099
726728492
404628262
757326723
806996335
487988115
147966872
715314360
691101812
825004869
738434469
979076373
234573665
579745379
878036229
597202810
762378256
495752366
250562549
450316686
440843994
792570014
662926158
839123702
237506359
239883185
134779251
168362645
373002487
860591329
933266297
288102809
489822847
843901403
205236129
609589547
771039326
298407902
433685874
180344490
242772516
954433956
956790822
261345273
208971181
171436262
153518791
138557742
609691775
308786619
455337701
496015855
270980282
285860969
562075356
332048196
968101331
602106923
371141999
846444344
436320261
429696895
979986125
133523074
509257073
934044362
557224093
152984435
239601527
598910402
738081514
374666937
546910737
364163230
127403382
168443354
495772973
311354983
299573867
510046887
751829651
379779410
449953156
207700457
699578501
187318215
973669745
851105920
271842467
453115016
952844962
461932471
835164190
522850035
431794917
535765874
614205541
642429625
112568354
176300144
155859924
387353989
460561222
159893695
774260714
665022486
373664952
719825767
133534490
920482719
154604837
457265996
963991585
784924013
192763065
223784976
760927726
311934893
176128808
278870684
978154263
584041013
203688663
614262202
657663538
522962013
123080291
746397849
144441674
794319342
675996114
901323963
329797069
181494846
510136629
761986206
341602687
270227881
818332313
249498395
605852469
896253260
153533365
677985321
417905103
535679543
858054839
802224590
963914912
786345113
468679231
818566100
121454610
292117089
254228873
449414273
578500513
951188898
290833816
511094586
146124514
116915540
875465171
476867400
842529225
436592086
559320957
867455577
751677514
852212411
137521121
896508491
120190247
201013877
546652624
158953987
826079802
196125315
808672100
611676295
308256204
694573491
422953901
678689004
305112797
943282450
151096429
116706340
305065687
109053488
645301532
875790222
667540348
900346026
979459777
375245042
991234735
238887562
624258082
184533439
523380987
800650742
809045561
256818245
144332673
887419167
140713993
759024265
534393440
621908206
545129666
385689110
696587793
192870903
882789086
455740446
492336573
204992912
752871886
698968192
701650928
519423925
880719191
763340615
683132895
865074634
844369338
597133158
657845158
885321233
180604232
160267858
318023622
847001641
509146648
226553338
819946765
237432108
989155105
927090589
454546414
632860671
184398183
688970259
979922263
226695799
828235833
789510577
882223436
403856530
895037825
743341654
408368728
670746012
248924204
760422663
793912336
930386548
865986188
379132167
581219559
402836405
719719802
208991774
523689296
186255584
103715432
946892161
854683013
733069685
718950243
533281434
372021377
462370376
200484865
364060901
309821801
661579820
820196914
156618480
997663569
359916058
316634249
933944101
974528731
579657217
928529416
979236209
620130893
793712405
231801261
343853002
976184261
999811760
833383123
810635083
244394812
326944866
963225034
286683042
430614877
103813801
485160425
992254964
650561724
539414817
748347964
923644331
229701869
807188035
237196802
700519928
843144807
424945834
991992583
824020598
687812575
147518895
751601951
141500016
588533579
231364884
889847734
190660993
713517320
588639340
618836420
339196071
705186711
323962045
936990426
378537981
384648842
390901183
845920163
624629078
753154123
788631610
536619359
169240573
180090154
197994725
402865226
553520182
347700711
303338673
417459074
223988005
824477339
174710940
781618940
334095485
581939140
271769391
431791355
746576228
210325993
129993642
324484048
149810633
940152616
820166905
444937773
967412777
585234573
379794144
371057658
277011466
839016318
271194505
558034964
974214442
711131755
745850800
654170645
263258778
133082020
823748746
586109483
624400021
992144060
124092471
609747788
398747417
396715733
229968838
771252368
350076194
443270194
593255706
861561673
514252265
992124145
830772506
367072506
451190192
377348754
956100492
348226826
266844626
210172195
985549278
286760877
969810547
748514738
883733346
552319970
586877210
526404473
319344380
102462975
189182300
963539500
147118986
844900047
465493679
938130094
573873784
647238379
926632603
151626818
380682902
624813219
875555324
288191911
958019702
670625998
769511706
608251723
643255569
676056070
559278686
974015238
977690698
246202881
528301739
749678138
664108480
131748861
519189113
790819248
707624815
400598012
952671183
402047881
901930596
128528974
438298800
711948320
210485494
265333472
842302381
828540530
828817561
840258347
960587590
167490181
912154212
609384058
705277327
207141844
633127974
335274042
525899938
577143829
464801103
119803146
904473453
362718082
173178865
318322685
516096748
599240848
603863291
759486202
353348329
743225874
992835206
139065865
499470234
460653038
722362454
563810162
218514168
309842984
462213094
203673603
975163986
128336848
749191100
145037461
675846875
523390551
807654904
425590205
782613803
631547026
347182769
864870761
258420187
398254135
679926401
334139583
765437087
574564109
860783778
509230070
987807204
442150714
274746372
952731606
782551242
716733149
331756717
693339720
137582499
571341486
604556900
457027093
324758045
770999710
390082443
627160511
761018117
824329582
746189326
766930579
962248739
362771002
322327110
988478184
863164477
223421394
237879109
589177180
174917657
578153189
799066061
942451051
956249093
858961533
499196428
543758715
191238784
399472472
592234107
269422208
218980196
901911603
952007744
501368358
338653244
633263370
862042654
159074842
502005466
755288676
108103995
639887367
593945042
363389211
275769622
171694779
707725882
393343832
396941722
251534579
651646842
708777904
636290811
481147959
173830649
330063056
682126618
422464905
231348033
685254021
452742960
511523616
545975381
873787025
796878753
324571393
895368166
397047506
758722809
359976587
898127390
486345151
173231813
176796971
700194494
620040738
915067035
230816652
906852340
976483598
255641111
563413438
228919962
271748086
842393918
548903114
951013372
242605256
706074640
659511140
579888565
642197717
359185591
911715447
321780713
622115929
848827387
467341938
826754903
616203134
237158276
750141202
222040934
199855269
740462265
993234985
925636014
108317773
640941433
631752087
146006986
170766106
548289681
917549284
920847925
555682216
928792060
294537440
891217468
353576375
229948389
579214072
460067818
434997384
147405159
121105141
970510452
388806675
797245364
840000159
424426188
128955579
486596703
143980066
566955297
101100928
867587755
148088859
225054294
188005265
600953373
178242748
229584870
427880168
660179213
376137677
454868219
126261922
938073762
398333591
396980833
960709473
674115034
410607843
249642245
659600854
653672109
106592831
398239838
829823500
187097012
276699243
981800334
935485682
208938456
554271913
644306434
474819341
184377361
109373798
220254435
847743757
634151397
342657971
458393516
560799121
962896850
726762986
849926721
742113752
916510018
599759320
139211500
870192736
707513825
219458550
714691260
333684839
808793458
249617826
246607323
541960494
874059231
645761937
461856282
847790462
517334099
198892429
643975449
826817306
605636711
230519555
592636868
699920466
632770834
546907202
345615456
886188972
405783940
889172239
364023751
449072787
764178317
312334157
315396604
927392966
673724747
762551204
898984087
109334044
805831697
437134495
389930107
862058330
845259725
585032708
102526686
364686777
628142456
604463531
119210004
136139720
566123918
780773717
117215419
947592058
814608923
515876087
827293257
687962960
985915933
209368345
705161491
465714989
638122865
301811665
793093863
659081754
231909576
497661103
250283264
476793500
729285971
535280632
421682433
378357775
969620814
691118337
670168976
836182004
145630005
336777606
113535039
403806643
581015420
779147568
919384018
461510194
455218933
951386244
874556373
108964971
178024782
781675699
327244636
832728630
789394870
783553349
176023420
445445362
203144726
914900598
761478650
368288923
827403610
978838501
723180525
368696766
731687931
282655580
980168007
664087389
315062270
703245904
829378059
485252725
400145518
841253172
156581989
976664982
117793127
349384079
383168058
809496278
171424897
174615715
773643381
774840906
113090903
604588324
118863089
389907687
972973577
566794302
556160208
858841691
262727000
995022464
664861572
986711526
920625874
215905689
328431589
699001436
542328024
647035886
191128918
755598791
436149733
760095634
321964635
817741937
255499893
934427951
233702551
893078104
353089224
404460774
867006210
394935345
399187566
173692826
473425684
652082802
855397245
523878754
475968793
812835139
648722009
257446536
185991107
334088606
676933008
116478328
210881944
976851072
120725900
474883494
865612816
499784145
869548351
308808009
760460959
651055003
314941782
590336233
552527154
862282598
100820094
709061711
610139186
959681046
659899742
567860608
123157633
503721619
136191076
961132690
263016611
842214671
199531525
572117165
449800477
415832857
707743270
657656821
464079519
674192804
597863310
155739281
298568199
201877258
888293075
371521198
143406431
239646436
139473349
216024175
373707716
234086420
863527280
386490075
366193014
864728438
540483818
947605015
126343767
255469821
530989344
385463341
206471228
986040113
342544832
217656397
902605719
277677544
142283968
657618352
885321129
669957630
669594724
343690484
839123894
267308741
188791425
210477632
533202411
112049451
814497089
319532591
911658556
567642731
280799429
714076372
361369539
323316686
878117121
448105578
361220190
129670541
266368222
308353572
706394852
668079374
333536845
938143016
562041448
857113108
235454684
455448946
972582415
356916229
383572067
762820918
239215617
593031298
274034178
536203511
162288169
913516627
520850759
613625448
891507837
468953672
579108103
160459378
431358349
360851591
617054327
268946718
749160304
684849838
855135580
599314649
389862807
843668506
547184402
207991870
376568680
451796450
166420527
611343100
125736449
155723709
280988965
292777622
155529304
378675739
222403007
736715776
523795957
302698166
122101593
775837903
696010430
329904425
603540740
244223048
494894478
379527520
190928422
254181558
136994385
617122136
981391836
492619396
842088684
724118457
767814684
760016549
398259688
697257424
641307630
756159270
900742101
577209197
300127791
700489092
630619400
313151672
817353572
551815353
191701578
604434791
552569748
732668114
690370689
985227951
571113036
407058957
167431473
126607110
850896115
511777713
784086880
702106247
961620461
368674093
616352884
622737880
496068021
742820146
711483849
728639940
609092303
758368058
331034233
927675774
143038130
716641419
852921795
595546879
454997416
578073236
618854472
955903651
191874069
438124754
295137818
334075502
905565055
474921154
844116678
489757528
153846339
993843920
827463662
669799877
428001097
103960420
105976654
909860657
273132409
738290858
404288893
642505487
996405049
973669169
706713166
180571675
186877799
550790586
201645688
890519894
819547927
856647716
466240326
669897918
740912247
473393012
506258161
126704670
532868317
227122422
302987202
620669415
346795111
325027597
647677998
690797612
133188577
377650655
677189659
273015655
908215208
321361415
606849414
460662112
910949330
102873936
338254227
143405796
889548148
508870806
708570999
842127966
960223516
332280364
966061021
907276836
358770663
930308646
266909575
730352403
292497151
157272179
175169343
905232258
191609711
820855920
181367377
857225687
852403715
263916769
344088148
420406024
527078724
413694009
803688960
823687819
369765964
613385102
149386873
577503145
234625801
340553045
797562262
954049088
167442659
741813861
415608560
471427934
537372059
857733161
891359216
208260260
868990051
257573774
298822176
303365384
520983464
796380374
507374315
468130981
714058408
647651874
456853001
502356217
761612024
298433733
312146812
400467200
238106991
437344234
341805042
493341480
230964878
380994935
634448634
784712829
905523449
849646982
359761551
794921240
826621617
307560359
164327273
784891573
941010749
178251473
389105320
711965375
995533576
182952823
524735223
469867741
541611649
862699001
818147809
376365688
737703878
782606543
380602367
345999761
154243712
108366886
327552093
537585295
207048946
148768212
322035080
808722651
983283532
596632183
646940057
889830523
322105964
966313433
981217616
212261861
418953831
962721445
587432170
473681841
273861835
350781753
849741673
609058937
692107378
320108540
991383400
759099774
182373998
923117116
594598180
200328351
165773585
154016609
270230250
336437635
898358200
277932112
907733098
665797353
946893323
540151280
128667161
843496881
528726956
317477168
401277515
931810469
314980723
213827023
515146083
406315890
514434564
540358998
740765057
479872190
781486227
315027679
450030011
221328975
692135919
809811400
216290195
749827760
717568321
466467797
214509722
355166696
943811469
785093846
587658234
557378178
150607258
801798909
253377612
903200503
909775154
880933904
418612978
578985910
959100881
629520209
427075669
935563498
470100124
598629617
488231751
336942837
912044900
242274685
406278604
692546315
988421493
413253770
778665719
942997574
578790649
541835063
585202948
155938005
767981126
503926793
683374695
189774748
754497886
525315003
415747916
300083673
759214521
592257350
158605799
148258487
385450174
420044210
888931096
336403957
558766914
882870366
268224609
801741299
865163359
270500911
463298524
797349038
366422395
498077759
481283150
192786577
823321971
126007001
958674071
219965929
820831776
989557488
185577181
491515141
454621940
908934102
425503413
670335872
376938452
860497126
620900530
243689890
308991097
375638484
757954689
381892548
401781467
904006673
965633212
502278564
256798950
994785563
739650846
311980966
425819521
826870119
318966947
309649078
142157763
893983375
845164423
155845808
816059299
772065504
772841329
423032700
852500979
752737240
281155883
197729614
707211178
307860353
517337659
740193406
364899846
176809342
320437123
479670129
835622903
139430517
821320337
577014186
266742004
620555670
881269031
700259418
504630173
753215560
665759869
933860738
300232349
754399095
378021808
986201355
273287077
916674888
223885497
472320026
911222165
356389644
455481468
514833403
829540745
867550877
678610196
694758172
448140834
549582021
275747061
989857639
953258998
905290676
365927101
660863500
885962332
882540912
448061067
809921018
765820522
799077356
948005135
749737441
268054011
136030475
856329364
942586683
922264446
812026447
636226000
383596086
331059186
528995348
590858554
217907365
780885746
605624765
835193289
639864619
506353521
559878091
662788124
478792412
468546548
711235923
520314097
505344670
896489964
425934171
839166920
678175173
234634723
803533607
844595587
737621771
123327516
684342303
997135266
220545498
100918993
700689569
438506832
233374089
123149315
366438393
354799803
904030289
583664328
971976848
372283129
668647680
722788826
946272702
836765712
463350209
892333771
809788791
298120333
611719289
875028834
819434813
374754186
112927855
878570692
200460862
788303326
320300694
477820253
683622019
718509624
886147542
363743910
377702977
537782308
888471500
373413215
511418526
664477100
856269447
471517872
195654375
247200450
508560750
516515850
261655857
276388553
584333134
499488954
905450497
452581383
434786454
206156569
537802986
772512678
679111427
615278487
771207171
238482385
644158749
478533719
750402129
755585251
107662490
643186407
299363728
474831770
668713531
247342241
745482323
673509427
783073895
967637544
946415191
531278268
320724985
336209182
788429803
235537743
607045664
894093661
982068415
531300738
131294713
368724529
581807959
664754009
728281405
904842849
849240278
335156693
842525695
906180330
594396371
101782169
820334009
884541007
264853207
466707871
915159681
897891892
756288193
390834018
113163353
459134486
858413508
112230616
271416107
447165824
503340122
538111946
874205476
743408409
664441022
249807390
594107328
260317439
536658704
823329679
849839599
945281571
556200483
900728126
849911921
788949087
274474705
225157172
558224199
495766764
486980131
486214223
526393348
756028127
534232043
399433489
922132801
339296700
101937393
474658483
586851246
489532515
740302112
321396526
192585053
453465747
328544215
647460057
576414602
642812293
773164519
577300984
622166039
124275643
124381153
707889531
319370916
472319132
219218612
620529155
997227477
197048788
906747703
468023587
536424751
259908764
386049734
113731702
810043654
991772117
911057363
225977360
752599856
392911994
565946198
863204836
414312650
227965129
748026702
921087344
314847139
332810006
416691882
965486532
874684129
951269062
864186191
242515687
981450335
819912817
556815093
136692302
326260461
664460301
871630348
984994685
138781056
952724612
239999512
667163326
654074566
434718388
602243648
345505739
736623332
863414526
999630163
413818924
346902850
809824592
965139898
257526578
343595539
942856626
263466889
332971254
989819333
432134905
215625570
258894859
225948438
682639615
882844899
978055767
439321226
809249406
971921171
345708920
912045193
196724749
838974098
795042809
366452908
207976732
824635664
852433547
940358783
863218836
260788712
835658445
789606095
482559334
146698309
836237653
735938793
688793039
387461327
380244056
647070492
932816398
922124081
328632729
231488357
306675278
696414823
312081530
483757424
479757042
811976407
973727237
826304717
463697042
765289963
377384101
643133326
605145784
163014345
391683331
133972651
720925330
275212699
509592044
726019536
318267576
716301563
849527769
666578391
511072239
861627738
918840427
341517137
818519602
510731115
917342484
390354869
308848985
216633165
377555123
455497378
586264508
666557434
872244006
520981881
421918927
926056731
719956863
179245243
496580368
221115355
611717171
617218859
318719867
221306086
572292347
880973255
302177315
735304425
322770735
190174103
701671471
966819160
242685533
404056434
618097141
544205625
372546301
183540843
205668312
683716689
260242979
222943637
799316521
757178547
501320742
811152922
526887563
222737013
596764169
197827974
203621159
969888937
985997407
275110245
453145453
361213517
456997021
817243845
112558650
466792393
728690167
697256820
870306279
450248825
573658044
906022709
245904501
305068477
828088508
491578301
783005681
218487064
133741441
605694530
446039657
343616078
905406744
687776948
332952261
472687685
561437836
787819342
139967149
941620370
951127824
598283584
289898150
801606453
878197445
230488118
167734423
559427395
657492149
352826987
552201161
958028166
910499396
868101749
784053599
525212207
494189113
625768902
228157232
845378281
638091030
748852695
689462035
286697551
514206244
891635936
299423054
665726883
435130166
355266245
989657585
358432426
158518341
308147963
562538213
567045108
382448262
930957779
849382811
591835222
318647912
446084501
421161846
639703354
676267186
245723580
875086395
393069072
806004769
190679932
834912296
240553351
325873968
532141358
487328111
855826174
627979513
435025316
178823871
825115407
371529595
911944007
583184511
728237501
900354888
259670595
152688186
992014797
967710144
145636888
104128671
274385433
634564313
779719914
274028248
452374116
566541913
357962985
809356615
736955490
456797208
139414144
757273623
928516997
946256067
743515647
655368949
739155873
296341253
853653682
725308469
309918297
701031288
972203071
582982650
289563863
203686612
368034691
121865838
562461593
918825684
203018722
575049408
654814824
647065045
703326799
835609388
310893389
975257765
530052198
331205551
501999066
456578115
706844924
952448589
781395416
780154769
415390779
800578218
693028115
649240541
433363337
669621975
501998709
554508845
644702971
942198179
728748049
565720520
751801755
386896954
893769223
776546916
794077974
619141799
285760401
750508594
269112013
268227952
768455784
180453693
507688734
366288939
721508835
341460902
124048245
431676920
172199462
597250097
823674597
547401155
557053635
387637902
724006582
678235397
167592371
240005642
756302471
748558654
718713156
114785950
671993889
702908573
465955447
526851385
462939630
319906866
737058357
765518078
288148475
897470784
186342732
786155901
311553301
617046061
168613972
409646275
666343319
645643055
490322730
708568254
937452893
842090003
470364787
792247819
909886182
703981378
808613367
118493714
985128577
318106862
922130940
641982061
303715176
126758011
870235141
397704050
231654787
578662610
716164053
618520653
564955930
326831188
917801380
174581013
205379478
238915400
157506289
184732658
161240713
220996981
289626046
709652317
520542215
829742647
227720559
454979467
774857330
429881456
668876199
136531719
852407804
450647602
479505190
493332377
766374936
810687683
147854999
541968965
293100322
128462586
766602887
954958820
415185234
150752822
117045339
531259947
514174607
312588128
992740319
238795560
678843552
439907660
181546860
441233387
125442178
573325849
978951230
361564597
415573716
449428980
897358550
576107407
976771530
359473005
127782121
439005804
153232845
584926597
502864167
924953457
133641590
940067559
320809695
649956337
465432991
372717966
332264039
210478437
941650828
363468020
318416234
143945060
754579401
806690143
354398550
398383414
115869722
729180225
169896557
495972121
380697707
818222917
395704704
456990174
906712833
551775980
910971142
798815436
713809096
790160004
767933208
942305866
535934024
886067657
334033589
521751262
781370472
271804076
819250224
640213718
142580372
150118407
430131823
886634446
251602118
665734423
487129655
914900384
990053326
765801281
679916031
289604368
522677185
105566070
234895980
994774510
748165708
892268533
438376007
262196241
339795508
461123185
677300502
904868104
337463812
448803086
645861560
491776588
373279031
370819605
684666314
532490877
942875871
852275095
119075937
555911691
407217795
500926163
873035527
401729485
129177613
346477925
398551894
641104127
953240019
676694301
324771978
782346650
779168797
292210829
561578496
561305775
984172651
825818904
828646338
193677742
239085285
882725370
669390520
659723731
108126930
598232288
566323643
888943399
624030971
465161114
660496012
901644742
659669005
983835236
694601924
331847417
153923268
851633990
225425874
253298834
790346944
689974607
757459507
988595159
640219775
355394022
585723977
367035166
883088465
958009989
835658372
736340510
756068222
276152423
790865540
285038098
899288855
639607829
322251893
426084718
577020024
750777102
293014795
392330537
784031573
990650281
407444362
283840060
237373854
126786226
331284354
814584647
795813864
164142275
777935270
245169430
715105473
498421991
659120531
845681430
416170851
893031228
548158888
508250500
349720470
692574802
136368550
824426535
571258097
535123907
701056233
415601925
690834062
231474233
926930341
538034985
114531566
767963936
406086463
634515204
320113505
227937771
457714652
855720735
671652288
266754524
674988935
545973846
568193332
230358734
760898203
438169230
676973289
558161657
315717715
622801690
842328264
320229709
137908475
691307327
217811710
165958623
234186518
454110831
152457492
313865163
301785707
421773363
826804818
855599872
661758385
551174421
355571525
173835384
893308844
222150646
996798666
368633504
618669486
186261567
969912910
732410207
515497008
744686251
497107018
744308322
333413147
995261769
327243425
776689876
585164248
895403645
853222027
633717908
912241056
373179747
515956769
153281189
928921973
249257773
925516716
469208243
878343068
518438873
475011643
520938193
552620631
945688820
264011308
746757665
543688983
117459991
656213733
289818051
549373946
211092923
484221570
415358791
255815802
986658641
640443518
898700614
290400595
243336721
178956015
705394383
656905995
582143759
311397279
812190866
291130389
990738283
586526648
131923375
660379942
983941574
332523376
227298439
911846774
228493696
428441985
585487930
139853569
912002589
953910653
284294099
329169651
223563581
155936371
329206188
718850978
854420871
777620306
159107054
181699377
391925000
126050036
535103836
167115745
401078399
155678040
536791896
210586855
966358812
438620399
249599500
490163124
357587894
137651304
607557913
812142459
802321702
782393757
984131716
701881105
692028416
809679168
289620054
518277703
922480009
340814640
570340238
889990620
138015614
676023651
625226140
808298088
763915133
313983785
235895940
594749416
600882817
534812412
508915566
543554021
264763699
204293658
918802760
809882718
141162078
341342585
878945476
693682650
783942649
920289598
429592417
152174778
422559171
660175684
741299383
728959748
501744809
614314507
804911853
626650142
866196794
376926398
706369353
600825769
436811360
783290745
842268842
232060599
131064374
745876159
436662864
771187455
957035488
534203496
862947267
608787017
891723171
310518531
616484388
728750832
986648593
801812886
897044255
650381262
100259493
774859714
564453265
493712434
901906550
404566056
384170099
270712835
514785596
827813128
259302515
965646745
346762465
169760699
951815514
410668854
459210180
257759512
688691380
547548253
199994771
511697991
309956345
299801572
170082547
273440141
827356906
950030460
439268658
795440921
587412327
579504273
422659506
739465380
471958555
488448751
287384759
263013486
971270103
163550867
206277438
377759658
648030471
368931034
839404141
999957884
608623502
927288383
434837390
406307269
761413057
317877498
174011362
929785759
691425566
647881270
535912963
974925312
331068488
138846067
663454969
363886064
552872976
368229843
323309673
267724432
287370257
617011010
874043714
447037353
388042246
921637991
602749219
820723779
117677154
307843807
811643583
707015181
570137841
683867405
790494118
188826258
743287257
444395419
842285445
477954347
573561175
739673393
775109531
449372944
465859882
422167513
950126137
605813422
593387661
996421600
261401127
184947496
560667027
801106890
703695711
379035797
286168726
734569342
366539682
450545535
444155528
375456153
456505486
295189325
869171011
590851884
446535468
793508720
474957704
694118101
805019945
718266784
394038377
750867742
653552574
402258598
113290900
147211176
780953344
193266803
993872675
885715749
970770619
410635583
995636757
988814463
823798999
910386268
106708352
198390808
258065785
360272128
398944911
514672888
844476825
958291109
963798582
648243804
419288677
754466686
810992777
142409957
465887682
417579039
444303381
603858994
412966889
116189790
888673940
522353246
471232284
491074974
927576663
498578955
459593253
412419200
600856514
911815570
925189163
369295292
631771160
302160517
862520955
306572849
481518319
336642933
248579253
319143172
553129364
629074499
120287639
495013773
965212450
157828803
280010116
216829230
564400254
637476091
441518164
636727478
326230164
665998108
933429395
680968847
964923966
818921896
640076072
465486171
318729547
914584687
901077309
468400601
588419034
746777619
381249402
687482522
510097885
424118399
858586233
673245196
698888865
912921289
609012034
455884719
176044560
479675727
291861704
936853868
869399426
185287274
800951055
809404971
464930223
759211963
715323064
156150007
439016540
894017963
934039076
813298458
276794333
212731729
420349948
541624758
425725737
868221077
184654391
862032748
496756001
438461435
187641899
341934881
197914818
229488646
532609794
530398246
582729308
324051993
204237646
409998981
437655585
376001104
419348613
713652612
553678108
219169239
438854962
773602518
339702529
367221490
384798180
592775891
908890228
234992641
295633042
882396818
248733645
395751196
159032083
446106052
669715416
113418665
486908720
570240343
924747143
307198045
977507849
586220660
503418243
908004557
157689565
184586664
698637493
667548317
103499104
474940485
236629106
263039838
645694732
358789432
565929331
323538989
325087726
894044156
216441228
323153102
171652545
350478273
296148951
151266546
663516802
267092948
910207134
628779410
875572092
987283484
581223535
519805668
851193864
911376245
587122394
111369090
889347178
181601743
232909841
901501368
221296573
743544993
834055478
578960926
875417266
754021123
509346923
914164007
472008012
564775730
836433057
306900710
838572605
835699396
178722370
971435596
631337583
803028682
685271672
141863106
998202268
767521509
219520759
538826049
950113688
746919514
791298177
937566200
924852261
414118897
359033190
726255928
626188490
568711992
233843042
156341313
104699094
161718003
812026742
586075658
230584244
897037714
487158696
255797984
175410855
129036358
297929592
127979170
884524450
503003907
879399877
195689936
247908135
225161338
995933644
261815306
200147099
582211188
933276329
114757258
420464239
439465973
520824585
132193522
737347185
559042014
944258234
358312825
789131638
152001904
842762471
110226925
877615503
659030283
687859645
672946418
339059065
117620939
716195433
323884727
608225269
634044910
899321707
293085907
405654693
986945437
744632480
357008896
265117153
497266802
464671946
275630015
861567343
429050760
891929995
494700278
616094271
628110180
861811421
503923252
972845874
601977970
662580974
176944981
924749641
861229993
243187102
850666816
737207762
233018233
760564695
237529513
992204465
171513522
179692632
174777341
280653298
468131199
473116812
726067931
793250522
657086911
871191303
238082807
863677691
645048574
404786315
874447165
964390045
633774559
769386976
697884442
725852088
329977865
507352308
711968380
761977367
323259313
899045070
698225040
763498807
751921218
222962388
946369143
894458267
832848236
729599603
165056450
848421056
171749850
515071772
552768264
348190606
395880842
427023009
853283517
150289222
716713346
231469854
403617632
553582371
483228088
111138814
780465027
587792478
657271863
628336498
722446700
884261546
153228064
759197190
879657165
334745213
710301519
148441637
210789817
149186081
499145472
205627412
350169739
658882633
989406752
241872386
562396685
916919090
388511356
456981500
270267812
368821511
713982887
113239016
535768658
176857010
520803641
797268582
792929530
774530508
946093539
595781186
149100331
228267291
551180832
349113081
439717115
711044824
162782153
696428133
882826444
641731665
114006542
892126919
649590156
729546881
382533604
870889664
788887027
950897479
931466889
400566938
575440977
879869736
582126258
174614821
721061939
699470882
854439027
565712112
640351036
810214818
928095625
110449128
802767363
888533231
856044487
200722454
705470964
919666999
580265766
958959891
121700560
429477670
102636413
119136543
264654374
586479612
635099371
974374133
720279850
291186153
514442773
446761704
207050403
544777839
168127856
859271729
387574859
851383518
372322632
185204285
685106985
510334676
696477311
658405804
604612105
127544269
397715337
669563040
697010969
624510811
369830367
256695086
715832077
976045263
111737198
643505925
498335554
954662910
386137321
351239131
699256616
443771897
181950667
308261592
595226635
529332448
469956543
170099017
266161547
962319045
976606918
556497508
394163445
218978646
289006062
218383600
640958584
130344432
480088723
481411858
373437830
206698261
431559926
597421341
760810763
796270691
320135039
223974726
464257563
173513733
811905085
141015148
487098172
737690073
693211296
238478654
802821492
656933952
694130416
997967946
623018553
113541752
125770864
821618954
176699699
866258613
125448435
738899802
443742718
792154787
564273234
503072975
340516868
232093569
174290620
580879987
569571885
266630576
346297392
138185302
628594307
988782472
234984315
424227279
194601616
945525561
400174401
726652009
642230629
701884720
975922161
917858094
374098660
300474173
935650002
822934433
269014946
795638875
117884689
275953764
475271894
628430241
302264229
665449474
473574435
157049258
215130745
846187387
961787018
158102924
822191185
214170103
777522729
354802072
721114068
732877053
338051475
774740345
512133881
514578090
426861135
460906793
255488164
442045626
713206586
244773387
350862523
537659626
770002212
172737495
279802671
366378967
540083213
524654329
829411371
519920912
814816903
838581736
962319678
950371444
115790168
800896839
684864274
864832531
868927541
208799652
670296103
304842727
888620915
503338766
824206502
507574327
792144538
738409680
220249451
146592735
333268777
560614443
313469928
113887481
222873771
653248624
385201494
765504746
327031388
232598951
616215572
212311743
401669619
203765396
767526563
982371568
809324209
121478618
391634902
477727973
783788445
355944624
439521029
324412783
876355315
381648255
786982879
818302917
306785534
452838261
987322494
275254858
829302733
976574050
506200051
947017132
507207419
432701228
284195788
412340566
638097702
453478352
696935429
810074857
139454278
544778824
258452394
871007342
293249865
908282814
324173992
414079228
616201799
628473507
691180309
195606339
330332102
252496163
940520513
243774783
619038974
828202749
704398358
223031892
398643545
453431038
511956207
472830151
226428397
172459509
651205901
277614504
716241605
196661948
556799019
171168188
474917670
197911981
971540013
440988913
186487552
236299135
708427534
169352040
901605426
999413822
492740920
756980163
925375409
235126778
243096896
506253788
989778984
486124336
746699933
467966469
391408748
375883888
198228397
826575634
173454299
884889996
916523940
150238422
481376060
414481320
635460905
180038661
718950252
116101389
218370197
379788202
940884050
678787514
299224376
336629799
886801372
639028193
862281486
811091699
719383904
756805235
327964013
137153746
238270841
849040792
458816188
139667235
942205074
700978024
805031848
330792960
229101487
204157349
458236307
606899343
758847668
602857070
547060825
453898857
815303116
504219072
494480244
549969382
441604889
411542276
890652650
643126851
717817321
915403316
744352959
381712510
836886095
301851376
880392010
438420977
481923490
474655640
381122526
356603868
870425015
398859581
998539994
523103532
152330544
902265658
145031433
698312079
253633544
842362086
318058406
932239514
299928572
832362767
778762132
643627249
317369678
549443479
853043853
946124138
889263323
815397324
818905809
666540401
593358951
782522962
925700447
154698380
165551514
711196974
197350987
564638967
587164754
110044347
503325381
984960094
562446926
616836517
690244208
561648037
191438126
650203611
188775758
961579335
942032318
336185044
799911433
691439615
979041659
526791138
472497052
426020401
527136358
575958630
574863651
183691775
781226234
504648605
866925674
N: 0761166668
