P: 626165010
121905092
903344827
860616714
397370891
410498042
480880240
827793676
281067423
412251672
558736086
860027290
870321961
770625422
765045615
571304795
477509552
834388527
718368283
539002800
166609137
867110787
672697404
894439501
271203512
236342960
228692618
474995884
784243952
927997695
873645386
946350647
409528042
198598150
904841942
414946957
869895869
171394838
943472017
200198325
321953550
346370023
312995409
764587345
921528068
641521392
934015136
934236280
539946759
940027505
874504058
821175135
692365971
382257399
257250505
128526694
473468584
623803518
384982864
418793696
832588770
925248941
359011226
852511386
346897688
309198319
502498356
909677374
783440949
689413150
367465961
106756305
329149572
816549861
757444240
709911102
906076975
507672471
124693207
273213732
900538788
803774182
593832383
154249553
676700879
190973563
492129599
746746373
165415523
291951905
545686233
530535082
687273738
556071888
485299116
284452051
615734217
439987177
772854105
791621844
382307758
517137384
963279858
919893107
273475578
597791792
133894452
403687398
607137132
172839687
354295361
559468874
261360860
628402691
714332615
747928379
456331509
276920456
874820499
261246217
901430136
728740127
605254270
219004191
130079446
594547235
524971422
170938396
449695952
629333158
506010217
809519610
961511428
396860697
965472145
436185417
594335010
154797933
577530487
491071970
407575133
102649604
925849560
392739646
865877699
523790370
776636517
436755079
945619583
720283197
169639279
717364104
468617549
374561005
982525982
650811910
150551915
362990146
356487880
382805070
130572308
682269394
466773922
319181726
575922683
924161564
359948993
353211237
219500967
964638528
251212088
152084107
489834147
937938487
803018506
548772955
317080247
171652229
797932054
694697912
832170414
541684963
803698950
960681731
535450756
714209973
494137996
210141696
120468455
995493390
983755502
643609738
598288914
168778746
383139185
841321940
437815897
227298191
855885040
209914951
963034191
362553984
695568282
895863443
852609890
137725944
546260856
748508478
340935145
802860630
473013221
642949297
901485308
831934493
614696688
815913145
685119743
255726832
452633402
366106700
723916347
624924854
177359708
723825257
788262635
145594533
808415569
774831148
549214717
228089037
600405773
442679060
749665040
179298663
812135762
935202928
166918733
556868373
442316919
733446765
769356328
480216752
683608872
396864396
749738048
353624129
288044531
228854694
286610770
541813822
330881889
694196674
151958863
872023678
481621137
426385703
887215689
166084123
374379459
924267898
576499764
596703548
644855625
574416176
714787635
608134745
527488770
619020835
856421682
671054611
108394773
581022435
118173226
729417961
483316955
780576712
732566777
861333139
895699132
978562194
754667797
230976070
594264627
173742690
362172787
139617307
547072208
939578613
341955417
865827472
643188315
478767688
871927809
111151061
132261227
471386566
116174264
618503512
663536239
426475838
672941223
458745742
421717757
600753416
787630235
662824155
431544291
343841902
794759169
730234196
790747493
729465941
679481003
903746606
789615130
907425416
682118788
354012547
552786000
159272884
560831777
569012394
272325029
248504299
668237411
744545741
888328156
183125921
342480702
383715464
700822770
765795791
298655345
825364507
128126541
276641592
137786315
268435669
573444698
613882552
596688288
455710519
195141409
544432911
758154911
848809368
889406658
336016156
177307770
621473359
545488969
777636443
236846851
388664476
547379132
111733718
529330627
985383536
605274361
203570846
797760518
663379838
580807496
528868783
107636687
108999448
781089767
802022135
629972450
157135851
139481153
610031294
198036098
959956339
922234471
618906910
640388178
246489104
899290714
925999029
672037094
712475111
987576003
899094552
268781294
774794392
674364528
519339718
787881107
743182566
497321361
503073063
668718921
768273478
193599006
312064537
438253110
670307817
752209791
506864265
880333347
560608357
131992582
868103144
383890981
813092655
563563052
914349339
411840322
398513851
728274840
994496856
658659272
517260919
800929291
771206453
524480519
610967593
923239994
198406190
621414725
872795887
394081057
240093365
665775851
111296697
652414234
486084684
311150568
452466752
198373999
349644599
296753043
438483296
401526423
832100167
784751496
442451513
477647885
732505362
393854629
309306882
222317923
866081959
101459640
363289392
768319015
591601494
329938702
559807084
776203804
412833795
397643009
881553686
865742278
661793468
452237834
209597333
605953394
967198448
508231904
744024262
993954203
134167026
867003690
414443168
569568507
516487407
745713123
999896829
698165021
749563441
310516645
296725517
829648692
725658588
189614378
656870708
185915130
882473675
832665789
567659987
350950048
310886761
359859954
680026563
180105022
232770466
162630554
381047305
333288373
593808667
566308852
450338734
646580218
198568810
642670373
929835926
879569218
253897495
157345232
184834797
703531379
182420158
483018929
282566991
786406451
397647481
702666375
720412958
776353783
291395651
808450268
610986664
499925956
264664225
848019792
422093208
964144617
788031585
903784215
203296514
538924469
875326209
553033388
640239435
892976087
558044902
793418307
881974550
529555007
716575983
500910841
802141652
519997607
359867880
632254456
856499262
722983538
756562119
616763570
189221753
400445264
287579295
188656332
969455847
478213117
436417860
289772327
636116602
273640478
805379900
798209705
832569784
875362891
928340075
481265334
669720633
146484310
505078506
159783908
613847745
429681030
917562393
539650991
500100982
880087240
420898187
569857184
769750633
872317679
957389653
566895137
387993682
780607403
708829311
584363452
127953019
786325547
899155823
737567870
959962329
152929823
921529545
550892804
784262866
686998047
428066375
975795254
827143327
413153381
898091827
177849602
357061014
747233570
826491573
686669012
440608222
146226771
731793915
744564863
727953341
219200741
579866133
691342756
312359862
754125890
811371657
172287660
550649290
345505347
244764549
937868493
809547488
279182136
249655181
242864763
812622119
131310273
135569612
233421026
252341937
967144559
260591349
392022806
693843135
417366051
586977995
644755407
938897969
108496361
969032767
386185742
767592182
916272730
660667920
867071447
322354853
186361872
653122285
872613281
815624030
573568692
318899073
593995904
338913474
544760266
733760943
181048412
953450087
158644236
839120993
637106075
633868134
117898678
852463323
715501927
388937341
454230914
625075573
882004365
921337752
139124472
596778829
155606450
272847244
803457269
573753216
397008093
994891416
187385077
731953830
661880983
388419214
566107587
338343507
204840547
510297075
859301118
646364539
992678026
656506357
280411846
285531865
413241095
464708656
603657004
101262494
515876905
217535517
512934307
147859003
751571746
163290807
343522535
533385533
806419734
853817914
884835187
457538306
687314175
198394758
580409927
531399560
352741382
516885846
852996126
691643080
600488379
375143309
644378135
964895910
621815210
490479410
686192811
361718477
231200480
656738112
924504338
830574933
691377835
570901898
276839188
853957746
725254048
750580556
911915830
925300417
452045519
787230777
717124170
859813735
484696973
676258614
592100258
580033487
565333775
679123865
997079206
674220438
595965484
159138212
237554957
242739352
320870149
132356482
477081651
302959336
137826507
431034659
684495329
678160691
218979174
883072560
886619665
745489515
811017210
464441740
265596288
431373402
939941539
324484200
892696718
854236425
304310185
391381483
795280633
994718364
182402943
124049298
549654650
695046526
822795447
321445416
724767971
980008544
537197461
633689441
333180786
802796655
149806529
842380433
999701892
441893444
619073838
887332898
904021370
251141853
803813548
960880272
138648895
790847401
598480526
284747118
577431819
576920016
122045654
108217004
971545288
866999313
169674378
494630333
812865162
413711722
359452471
134711048
643060803
179661459
271909188
639117532
215102464
810790035
129886177
122542985
467447631
826232871
911741325
453871198
969192770
647145524
485953211
998802244
910495132
427700126
178025605
209177171
389229456
236814766
304885875
355799622
550572077
865726439
628232073
893834068
892813580
838604985
805130013
292885407
923429524
805101409
546545044
704045643
464159463
404773432
155345270
379694053
727900894
987994949
353508402
184298754
776785579
784631623
673869018
772996291
916956232
463414054
950198172
777133309
166355878
430969091
610012028
667022919
400494408
463079255
586375940
566916937
920965402
761847307
817307180
352601476
203925073
675553371
778780593
699584473
391079890
821310629
234534602
104855624
674989923
142241259
373675791
829442216
880175834
577503875
373043532
155313412
783323266
955161401
765148233
815284166
882080657
830817669
678515843
196631161
949674679
295852141
814422534
532463831
371634052
359664744
430088582
420471086
777660237
831460391
403623867
268073689
225571482
535003285
110672130
930064230
570201149
269907935
767154101
855829265
330720749
619742105
996394780
204971577
967330212
188185017
106643266
797923098
439636124
991894616
351089523
684056430
748302752
134678034
941034113
531360162
905337359
683593998
945888502
585781158
341358133
179578048
463954372
704118270
743030903
962553464
254928229
807874172
387028128
795783617
360931499
352219761
525315942
883992048
799833970
213195526
944589836
916650013
163730282
899606198
978630004
891990874
467373016
366886685
382753240
802126222
725689640
101242138
811696505
360465034
768450521
453752875
551987019
281015082
860893889
531819155
331824278
981647546
525066634
879827177
446758871
189843486
301917133
659513247
593540104
832049075
529629951
718321445
788775037
663043818
906913144
681795805
170683941
919167806
279001731
146729061
947896000
672216304
684664359
538791009
951089042
216083710
577162876
979638754
832536005
887273138
809897689
107007821
206314731
201046153
702398487
797413393
516956433
288607586
359621627
902313878
793601980
410580505
516441242
267235312
156066203
264901129
278375980
597763454
288534297
816568549
621634930
879517401
580259405
233724228
740476205
937198940
801019601
871661713
470139027
175480337
624083575
773163537
667051418
146113649
565793497
652327178
944152165
410197043
202147864
422688127
755027805
324428577
500131449
220034229
820551333
146724642
711712713
528097713
653827020
735121555
399356598
392818649
797525115
647588841
600255668
614630648
306493445
800135684
660865358
183692301
870450119
875551486
179658265
198213397
596622882
413155858
634788828
148985137
628075783
122525571
560014380
532210922
853268138
595108819
768403491
775392541
532214165
234638933
424498594
642258466
443167305
329676508
241965471
354298936
901747769
520736930
578009542
102378225
532925454
359634557
450023103
995450371
262806999
830911019
135798298
862531723
762622053
525181670
743275727
974994885
597922575
673427304
642908493
901782824
115189032
378997820
970171021
235155989
267188054
890844187
446385738
301031345
322616790
745317110
402347800
213759467
232222132
137644940
710213096
846492398
273030669
181546525
760567001
922875272
202524848
515182146
991335870
236097720
704594431
668778830
906847381
131766867
255696985
191667258
289684180
251644795
754325887
910558543
234052034
618139710
634717870
764676353
902282974
777698400
883780140
558841878
399304292
526050038
436941309
853251681
559309687
714791028
668022314
149780075
349868204
551372120
382554196
694644080
707686560
973790806
269647458
406513275
250709111
193475253
813014937
384178113
560556593
337142520
598821717
776686816
479678236
772548918
794580038
440467286
253446820
223286487
380431080
519357488
506043280
857800809
416178753
995738470
864301359
731448516
125542737
402012104
783507904
330471968
443873629
976331216
465717504
647490538
732744812
937222848
478176653
370478806
840431137
932220478
534143161
177617361
426333687
459131943
888193763
377810594
437491383
746722352
600190256
487851436
561761135
874591061
791020817
988818856
225648463
360995875
197819238
192860375
406930910
968649573
632824263
667768843
207540808
101604622
315158710
487116318
764430163
541389868
523996668
554241310
128034892
568452592
969128562
799387156
503919452
155667686
485491636
499795451
130600740
271212101
794463792
535171179
941252877
953697255
745851230
269097663
363443022
734028091
514901993
766985208
777506722
137007031
291591759
641355120
647383885
766350337
459999556
498941112
147102612
722293899
149557822
150116140
367607899
813444292
477439097
108819900
127404829
360965992
461937700
381998300
629585459
499551479
820481008
845250835
650557349
878475925
934451759
442971872
774225591
816389062
560224031
938414342
431820977
366388593
674222444
889623225
902129599
211470756
479402513
809280650
186550326
604372231
251428400
384391148
749009830
818023961
525211622
771306316
856962812
638459581
804013352
396178738
214175033
988495467
191513010
637428654
538028920
152927159
984521011
965802498
460858256
416751355
454391512
716979029
205038953
567361847
834392383
883684238
891427745
289583056
305273453
895977328
291784631
626969692
779922719
775258851
557895227
879460196
849174082
816723591
701327072
353192149
227420482
344211309
316017624
542173902
977481401
536282880
492929539
580727897
783478915
724367926
144832404
614807402
374694364
556214807
730615647
762664118
961060033
995148930
480102550
933586001
508131485
321269378
184207899
706861234
627821591
844048710
752393138
814425640
212428663
328500516
351567558
333613589
434005218
337582373
856043130
130446129
163521916
103844572
338409202
688533704
369684429
148709849
778696344
659663255
644464755
106130976
326431972
335963539
471880046
578841685
262217622
374058800
464387155
700854924
678453191
332451539
534239356
660293690
556050959
406175233
249607068
337909967
393109975
622719107
694357740
914179500
326103305
445819596
939410890
101086726
248225272
687159089
305622585
926475492
118064961
128717989
332469893
927447934
781124729
894227899
490614057
536182465
682147162
310712767
417300593
694795391
406745771
972521159
873790138
985122162
574286157
597901396
725591876
978603660
360191629
861045363
478976462
418684226
485045787
403468285
910300816
901199324
799119645
162921108
904568957
621037827
161324370
917773184
644359614
133657071
788082773
742622083
499264524
231677769
227471928
225477615
992038428
952299566
308076023
638556215
810918335
281443983
137928749
145263686
427323891
172097148
973896904
101493520
468605720
512581031
200540367
302203044
565941733
479790414
443254501
821624689
178070789
734748332
512254366
594276509
838493410
672034193
566464139
211483547
417437068
359721042
993893169
556639955
643375360
184348572
418031616
281210735
162738533
457459946
109736264
376392439
689074116
387270609
396201868
970935702
566082911
570189858
108269756
800189643
328136952
165178831
262800295
774175342
540646005
867535820
587255547
431523507
245345732
202980085
331981240
549673589
629737922
799732473
795845987
197867316
754054516
394547015
839817850
765922189
396943612
961179987
973147315
367799230
700741357
760574945
998209929
872499670
943636078
222937169
462312534
256669121
335309063
381906605
146348971
206867560
441078635
830957374
531275503
199977970
708891476
796506341
377815279
846641193
475374429
395194347
874686475
764041440
789852286
589794895
725670574
403071691
649506157
652144553
376951264
306442920
954770648
227816600
355246088
873432944
150023626
436325179
733130154
598640890
594216155
845094012
645033936
188347975
887335054
752003559
797791720
146223254
120027231
671299118
661174615
402257259
100953490
282840080
289617236
804602289
277190285
829105278
619696833
969694070
262659613
896504514
992818982
235903929
168091129
135465776
914168615
985210222
752515328
867398772
790049197
709001532
559287223
266690607
811619063
243606363
288155738
815938876
763624684
949157606
628836356
787737126
365517493
479769407
871868797
328043223
502729561
590844366
709969543
123516036
942634158
636263154
648729912
704603772
566868923
213576161
134298037
969022960
342299386
355369873
160496259
285151068
105125790
301697606
798252281
426965671
250563817
362807880
177784995
717410858
204672501
951037350
209018541
977492885
119068934
805932772
561832368
764451992
136969610
695912209
536507331
994932614
999324569
759796363
111716005
798187289
607024126
153361844
492390439
578587106
274961042
233724054
820483078
875476990
825854574
515176429
838455579
209202482
914921137
676623330
586986312
103995619
360231162
150594587
327565352
518999192
179922764
624259041
860116012
963842002
640759612
951921172
287492460
689038480
250715717
304143186
174886427
829669860
458394441
763692696
266480242
533595827
625072887
498708051
430573242
888739392
109884622
635832760
932502729
583804561
447372642
123293887
811619050
723991530
649115239
906905539
100586337
235793662
964864357
188034006
207237427
886329718
223098977
317244969
201609621
657490085
847456671
837463686
493856633
103714423
262620980
600166932
127068733
508214736
585102383
640484112
700980592
214919373
164406307
230864758
646714519
904080566
217284355
543117974
204922179
438554612
683845710
441855061
181356362
594462800
526287665
840150150
211576534
601285462
298716161
261764722
288851767
666156816
727811882
571929819
525751767
731583224
608297789
878828817
838105425
925076373
972942983
362853703
859363837
207132514
632162820
867251413
771305550
739074699
156873468
990814297
873903139
615076648
954253890
582763252
778594307
895293240
407173663
527741133
653296689
471237669
748347788
625271041
323948242
342534241
696570323
651524557
372303781
784041787
672317054
929479105
696517437
394961731
220437942
232374599
435575744
870161153
454669460
143515403
755729956
145659263
525255127
870485514
700574474
442478142
723393272
975555417
341787236
949699101
124613238
181345920
953082985
161162839
476132955
763388212
195395462
474839920
253612281
891140576
396237528
642022481
138951681
204842690
895517870
583610715
982031715
906022694
509584850
359958105
887956341
498479936
132561921
379008553
292947392
735291988
247824035
745014829
101409105
245952893
638941691
183730126
696973277
459690886
103232275
368820240
721422635
454462616
730034532
617217177
115812433
196547517
730384776
159297600
522636403
238640784
701629575
648553295
883673882
669706370
288373547
957820380
758863882
505391403
797166540
905559992
673568612
185404665
209677445
992862340
861521717
372598472
666146163
804932918
462970401
471517592
476297314
712300756
250909640
215381719
812922412
109812048
868475195
483127985
206922323
805091200
405294150
901802734
413926903
932128178
125087696
792724533
102404474
226681014
533690615
845935671
661639335
312371209
119612350
279278706
761158418
846070029
686652265
788797314
517696775
453486398
257690216
492573409
576352356
869105405
569977548
386099310
697521215
734737759
228731209
890498412
641561583
931698485
591020107
218458441
550640440
509589354
635684249
636180475
795923846
505973831
427763670
608329417
544078589
771435192
470797478
226502845
578630297
888156997
351215017
648765108
451849530
545609659
935121118
822340127
715875528
811177396
218037770
651738850
917981949
987266657
264432561
854659662
854661735
654597826
818785233
119803392
817205198
941100873
829670794
780321167
687626569
590880665
731939029
127154506
898910596
679071106
492518624
940491309
874846085
397704045
964264106
568815714
990754193
374775183
824217568
908608359
943782436
487602961
222805575
609448041
387287451
282601727
377297582
946571128
651407471
832410533
235801542
868810273
681243376
932347716
448266771
921894241
333294400
863208729
834994731
506074244
822402752
851499008
198501204
354336593
331850598
595804505
147455257
786504102
467286546
535880464
890930842
930128128
142830603
733938632
837390452
651941674
279303030
994249633
110534183
282260210
444546264
377411381
520740517
316336088
492590684
181821326
424062930
909629103
276696540
919331105
659273643
757245840
728845547
714203222
365714091
387161780
595881803
515559768
385411575
749646023
717842286
210207195
440218465
751585417
290029698
383916678
208348013
740649156
638437922
825942113
978653909
902430359
273221717
402233808
795730658
324421676
857437698
405840803
746224925
102600234
223640094
560190470
792931495
403562829
497376426
942377259
946115207
199900099
861517910
108968101
923888988
894142380
470928224
691368196
398203709
700774197
830531337
472015865
623939700
481423994
162916749
986010235
157566015
358863251
447566291
571609193
684866126
393708778
779529769
257871096
683064047
484717513
173992817
131212642
817753721
600513457
677779177
134837493
180670043
151280053
712379533
607663781
489650702
271953720
820704598
624005938
234157617
201744022
793513633
723438455
727722989
704823116
352561852
680214867
355110614
533565558
874815488
152587102
639039658
807057595
825639463
709108412
304364725
697043257
269995426
166556497
389772395
224658354
340469980
437437291
299846724
553604469
655667637
379297912
841805655
419249421
599493824
876948405
780003962
350964468
745054573
227601548
914842389
921004840
258422687
868473139
644726370
815319344
348424969
189813776
940327069
863208091
762698517
873666773
981491684
400873615
144028267
315729150
993657505
969649938
681945937
253645887
177668173
344835208
798982311
996254315
747821058
771965787
389868788
700046585
615373144
370217317
156937290
354342085
977771122
137788810
282555065
413068443
975887730
707298085
593504449
119779298
770186339
396632122
207606592
772132445
751837011
576804470
565079788
954873956
561264849
333694160
430154657
736900800
636110385
845239072
207107913
117610555
125328227
623184896
781711418
977380501
946847313
701970125
897039440
981273228
966435545
816414552
433864167
494814266
286691815
275781633
265281016
726560495
578526275
286601958
973453353
292515621
139296716
156238614
973534546
374470185
490003495
923237639
399434521
259295940
118534558
424579126
549648912
792557001
905262109
800214302
880580906
943834702
604647030
774347748
206937075
474025105
745974227
344641427
385672915
616077558
363373266
871559210
463302866
403471835
104864765
309195314
248246049
217788907
916158352
720590742
342147818
138865040
632316583
422048869
687671552
322550776
584498730
403735889
624110950
949418505
890028445
650561540
107540476
992108433
803322507
963286773
801783624
399289069
973676055
521257377
397985772
678618466
883205327
527241988
319514553
924484910
563209870
545961852
819729709
439220801
289995711
492370127
482728781
425094767
288852234
423916475
724523210
760651070
626870563
617866322
185136724
664216560
524872617
486836296
547620992
993063144
923765385
703129124
383214354
902573789
699644170
183641915
901420997
498767034
520927408
546288874
703419813
410669875
304544942
458202996
487240163
601632461
232086777
218447108
265880051
371736969
237872947
220454382
739506896
295922917
643343810
503684544
542172154
150211363
270822063
132414467
111930226
281854405
416267382
356022109
928198127
330268156
203054612
412192662
962400893
874547951
787429294
832674592
313147072
541366470
173937854
201788278
173058821
712060710
158652485
903369514
467679130
712410589
881666128
865506121
389896357
118121137
549978891
208067924
414258346
836768669
856115100
814052980
575151301
281957355
259048301
715714631
118095346
852487742
232159127
149852945
707577909
241094255
976214122
735185985
176169263
836979238
509663226
232481506
897768176
632871026
540972442
468349590
260323095
841881039
506988713
439968466
484576266
128937944
464669944
458453002
248771538
374698238
728262479
874662250
961803067
449452759
298259650
558506457
863406919
782200564
981883327
408771910
214796627
487579984
965453744
597810342
418094425
517435592
934789596
258519777
844216661
732660299
261651264
812950567
414444038
761481547
419637690
799344936
330883597
760371615
210106192
390419628
773560787
279449890
998973020
382106788
542488759
802772409
703947304
227133885
598942638
477683240
886853847
568025410
641650454
635800518
273697009
850825133
594180430
388741623
983889103
342538160
851006184
639250748
151939158
603127866
471775638
388530485
988922861
905326861
817251803
408026329
959241058
721788777
428205610
236524801
682792326
346145955
314167596
207709564
420304010
961179348
289608499
728528790
200928002
286855400
954065926
211551732
224535815
686290044
919119095
788113505
944025407
718430495
785190457
831353537
248189476
638333441
363870892
881018447
475234615
588329849
698253263
904082420
455880660
991357156
935439563
433785201
144742975
485188103
432238675
478369706
877611243
952801736
426810401
389092412
102928289
164502957
121421283
116062482
929838313
663084423
382188143
717151282
171692600
887156270
244602401
501820492
863385535
545255794
321077734
170403424
390888831
436179934
846224619
476130636
843331229
724814686
967760922
140027486
455862445
452816855
436934283
238628485
578540833
735001078
237792712
775048046
148306354
785419246
822812420
809395280
326756443
253482295
502436237
974501871
150027144
764225086
223782834
233976653
232623522
444370078
426661805
785226416
553080899
796579816
719574408
387178379
935260783
699274626
899523557
984728913
557881727
269533953
777725998
355021417
799942609
808954068
640292255
504116929
625589384
345821782
392777826
885877570
728638445
517505737
538843841
466791150
668035668
335680819
198071493
688168915
288291176
803901048
285376672
118759579
856944932
998829543
297437685
120473912
105612993
159281186
766539339
392578818
184832203
860112478
119726604
871585131
670612891
617581743
774171227
554054564
690435189
505804681
986705189
591388290
968760749
935601816
612695241
436592363
565859443
494430046
835545888
113949544
434504389
449553880
383379680
728241746
440531391
208388230
650584622
630309887
739556092
552422604
907707808
672252400
240129204
520881917
788413107
399692580
359163394
935630413
737526579
923601530
884421239
339671563
662726283
939208999
968641770
189902223
523393381
237808270
781339345
755652221
897034541
281248139
877133588
751690785
808862812
441555322
132647185
575677932
359393788
747590322
223072083
226706923
389081976
855545380
894142492
980299648
503332690
205640226
254118385
343317809
596514933
656284567
902390514
190121733
445399521
938135388
494471332
650159839
952499665
283674900
228844418
304867631
356007618
748058483
146951855
931293575
116109321
744731350
869660670
711379192
531215532
355076925
770153509
411356210
204329486
784265248
643341476
160455638
957794014
815071927
307412770
691953372
358689060
222291437
239472693
511795519
214432623
584331189
151188437
982294363
728491448
519162147
576075642
322574182
148472572
314175567
394233671
248191471
724068068
850767185
821327810
988663725
704998267
740754565
736759830
700855874
506272236
980585154
869299391
713608995
950550775
578131930
799933098
506129245
239213247
473299968
111634360
689848419
357247134
594073276
631955435
181394252
906345590
703686484
472210864
390947127
598747526
539961851
829205972
860641989
955433086
800095655
361119045
436768740
885189171
676969092
596782695
587279091
482203805
270151842
245873663
725085457
651757084
445465956
696614897
414275173
267412425
523224848
462484028
652031718
638668596
920413541
124766076
540576436
251739238
303172512
324061794
231659459
761380250
666358510
326935583
950276823
141042577
621745680
207064779
779594983
761821989
265149359
510398749
319042262
339455398
400527683
357393159
943505331
221618913
829352736
307776442
946522623
712988541
158412223
246072562
553768080
283766164
349269359
310814398
542296718
903246869
331701324
597846510
660881750
665408153
984505635
841324167
186696560
705408652
255258647
806990202
962710421
723430896
694027329
584485682
206343189
867002885
162976768
276513705
979465243
225187952
671706433
401692923
119006061
453619100
490820235
827278079
315121020
615879858
960093289
340000095
792223303
859792277
547215360
248251175
642009889
673832534
166100183
484313529
481118759
432143655
602978264
371133629
302734535
129012656
715694005
580881935
600637123
132464925
676736064
353954490
484106861
207642640
752928905
504318202
991230819
403347997
872715848
725949386
481425215
830638631
902329485
442730126
598606098
308675043
175278254
794921670
740403579
937451559
655539608
417505769
659950362
877105680
897722359
436041900
286104140
177802335
461879090
708740379
439338912
604593926
379942487
330203634
167485450
850123916
234788518
844173786
850360047
100513975
318198402
776815510
619737144
584631069
238224686
619142131
914694329
957598539
803499286
504681793
348034032
958386622
710779915
597924711
115703104
552229492
397981739
397866688
610772671
726966456
206528688
703221713
727853316
451900328
586887851
389969362
189004718
470821085
242337412
957507272
897619716
535340648
841388137
945469801
670906906
765214789
340324663
595309174
634984891
930268402
664259809
344784868
201670079
675493746
797252017
540177517
806566897
270982677
687473106
691589444
717348794
649601719
381679854
145905115
695205384
450179969
729644089
196048410
225866008
504798754
585190610
682693064
838469840
751666837
520519869
414497072
658821430
967465335
643190763
820020749
202223512
645788050
602064566
677351838
756011862
506841489
306714789
551621243
571663838
379260929
844387312
505940160
842006818
476704094
660634044
902878374
517151339
133666034
521053205
634647464
880285350
135292311
599272344
412276086
929829519
371824341
463962994
393996375
705290877
861650856
577783178
244725182
695178153
260636473
422738443
723353579
627478280
629132843
302558866
339008650
920935834
196065552
161531372
141025182
912357323
927885284
205570306
313620391
751494884
660316419
455676788
538888309
559484425
196339317
273190408
402594449
599876418
388457794
336429149
174933991
510349666
904903315
242344545
603660439
908432590
853169321
493165341
220662312
101716673
199203680
892263392
598229170
462473173
389695548
845153927
653534753
366318975
980209196
515577996
460445063
670880016
788900770
716842222
939645587
623488930
797906723
792366459
400942161
830077919
545500241
722681608
696293260
471569235
618874920
398366792
887262762
210250543
612703370
848942248
828722234
167166306
654819098
867334019
228337433
382607024
263310499
686887624
737751833
469802629
784174175
283479176
529371794
370758459
267671134
861249279
979194851
301009304
638343955
559118513
724890422
592602244
757727622
681982829
767708125
406372633
195452736
367508228
343942704
322803348
243325688
384912674
530826523
483761230
856998763
265074263
224302062
432262706
641730045
886617472
442364535
554370899
134664382
830332531
832145322
984494419
226248376
644614174
952889091
504546722
395100643
523397228
208906345
458324884
703122933
470392592
728030859
735774626
821185392
360095443
171340048
326745543
948330117
929052859
394220155
811344813
433388117
901896860
644806450
714815122
354122383
412180529
523774776
318247293
977406322
610665154
408963231
292388082
749780662
958237679
992016665
240921593
139141385
539214033
411001181
668092277
491281507
692778451
828428033
220244442
840527600
956920996
410833790
559399743
819895673
103189567
296261416
690306850
633003990
125290252
269576289
372754152
896499974
920606376
755289668
985066954
360510449
782705432
847385337
182143318
198444245
963976806
990657807
340801349
904708202
440622581
160831352
972494241
559648801
297199102
695571599
717404038
151545970
889759633
524241678
484053175
435554010
471098939
110026683
273084078
242975924
168823061
675906089
892019467
162386852
395620741
454480040
394166956
886066911
739498428
152187069
945956054
457114045
983054967
167894071
132868882
615552887
558870850
295890278
193072099
524764199
372239569
945999541
967797973
689037270
669887853
306122167
268838747
370686838
539339176
979157555
554422700
697790059
648513781
523450709
549494119
141269620
413993420
667089818
405541698
102749624
987976489
460044966
121524016
972603007
838201521
552670581
601225219
168268166
611467227
463465048
876889986
106335528
419497081
226462336
963101506
466447747
811046692
786417989
208929418
587742931
852064558
721297924
737180895
730507674
786077790
996954979
715681535
443124256
103851580
383455283
910747858
865429562
284002722
504888565
541392691
431083584
552244836
465665805
766925291
279978745
101925562
825099069
694817991
688077695
462684128
736324747
445215574
641039240
559456304
666284009
782859456
862569731
749460831
659212211
155496587
651863675
980350673
274877575
302179715
327689648
970734703
495943119
807290802
236839624
848218867
815962685
849759879
963917172
285995238
225841591
496380460
433204957
446830453
591108163
848542488
679402497
277010694
532809662
222257014
912904628
767248481
637157254
625621915
779522030
850996418
659624835
897402523
186035038
592085227
973193507
327982746
992329472
264030373
326000955
245768468
782638986
552606084
754165432
883428551
448202289
264129460
829080176
694717698
322954089
733168307
999136204
927088383
341094021
881523614
216379973
745837159
538282818
739768791
186467514
232186631
637327400
793109951
220097629
724088641
389795787
956476473
802992566
561609482
319505223
200847033
859114500
334722335
567308262
658972675
282933050
593322622
576309162
922080666
903053602
318578513
998406642
592401409
326123651
554888828
860011535
962776151
670234430
162593313
543028116
727362560
609275028
940681640
858293512
636444128
670903767
267869407
816372372
497091981
973200103
115163240
912301911
439894183
568411049
180523774
415636487
807337947
330908082
288161143
572311056
388631012
142147388
394562749
317296182
498754307
346580333
138815773
823591628
134337899
845873650
825167020
865925875
728334449
822036201
550757676
132335967
632706738
531437893
433793665
767034563
761672172
388464532
907044798
625192653
419965775
868063092
183405750
614272605
830225333
935806927
362476903
430250830
141981132
251139981
522463759
410531026
877701960
522934181
139093592
151600956
653834281
867356550
732109536
736860646
435600199
650648439
270237644
588294521
475840354
839831653
424562277
531460672
273891083
542071392
419125798
868391352
714074299
488541837
281287134
817626234
598026331
800710990
533662393
675477494
196490761
170409203
445013650
197230633
837326728
474703100
739120436
194856491
205697548
975828998
949328268
747967860
773876236
779939879
806262347
757053620
707231326
883732878
477099135
502239161
306090413
275568161
443461980
613125567
400209933
194132425
498530571
143469194
900069973
394776641
128094415
681012196
920432446
228562239
918501795
157635926
990221075
948585256
534337056
858154139
376822599
614902199
362232240
237103127
509455930
588572143
994212980
775354302
637236873
224863789
227255324
425334039
895898289
255284458
572460238
935639071
800660300
668903509
672506528
348321809
776307032
298786391
221684764
250053237
263706336
739823011
445285816
814041203
816898187
481553864
497941924
711478237
382788635
895964590
160223737
802820806
514217015
313645116
917966962
863751127
468754229
376123516
645330196
747497462
487045874
335277786
478244483
814877824
790951351
947951650
812079909
575324586
916309487
278488181
866241844
478247767
264616172
855120822
577765892
855543606
218146141
338995728
489786565
370948123
888085869
764179411
277174068
261464452
109017433
340815026
779568853
417137628
902613956
193936817
984048549
269087750
971286215
896309494
659628348
705722194
268580033
289524776
970515185
953680812
206284242
547678571
993051843
336160936
286677431
469643390
467399686
258732394
101589381
521943826
328905938
259657795
869870486
833014824
550200465
912659722
144208813
470440654
871928791
989460402
432369953
572354930
880131804
504305565
746160586
973343727
805702466
677002243
738476833
871160607
632992673
414787488
477978992
570366451
618012712
300281447
281048229
867005697
750018951
368591230
226170013
826598009
531473914
611884854
704291155
579989963
811733731
658621838
695500341
163417566
115453083
605172113
706302773
274902067
697229968
551322717
471884254
726007655
495595298
521476442
422471341
877603267
389443156
192305460
279124997
665109575
570174371
972738965
732397294
984235075
173398433
748173953
221168773
771192972
960061806
699433276
345736123
707363517
283975492
407743630
758045572
137836632
961764678
383091288
920142464
788052075
857735157
964723415
430262667
394289957
407032366
686791143
381290463
528190702
697949722
588546795
488119098
787736851
834156907
814291471
792809991
402737611
331003533
923849495
939873852
928782418
903614709
730887393
384001444
881141064
622698581
212095192
286658949
896024311
437006845
825439524
458646210
733475343
507537706
605303631
230626594
654694886
697435066
298721817
196477272
117538045
524014759
886271171
841668881
425733868
405737206
664355508
950497203
875909412
949470127
820199673
977149237
390128198
847950069
533919781
865431280
543335033
999505710
510635491
860410623
854788176
160546978
128185221
749612315
597340047
618200309
854633855
274570432
367622288
136103288
624963225
812425083
184353668
683816576
938644705
830380890
817774311
399624395
390469907
686916041
526289817
878675099
593029317
464978674
813336713
111110115
510221741
142046359
184577510
871114654
541687333
678524660
575258034
636610741
770761121
149035278
598123757
246404258
247596543
159586179
266922812
541431708
557089078
942104389
726424890
899906924
110562994
169951526
406264157
774763937
386833405
527560986
406063733
631204894
999710354
437399235
182564256
748567623
323782931
183392118
318428130
108510331
118366231
871366875
778201236
688394238
257980572
617585521
987639703
296192400
337022947
706849692
422923811
166897060
161978725
439563913
715387835
760508363
616467204
798455805
663711651
177893722
544222009
644022527
721176509
969927149
794966185
463823286
666575399
628611701
867008970
154901243
482058095
487503440
793361676
547521501
138201964
179122989
616046985
459904627
869233838
258615344
162668257
546469947
782631141
313416264
335402264
241588579
378380621
803263376
243212918
363157106
629390356
998234007
650345745
742274387
271203819
666654375
434725826
859989824
553949967
462169108
224848838
491246249
119277079
177644967
447179985
334007390
828064621
422997422
804027485
771501362
762067469
116574957
586332960
463445190
880765557
910847975
631005853
367015695
609429510
679336331
263973201
829558419
736313931
811608392
599692147
340963356
191435416
484317494
757180258
184865386
324129059
744111527
209173388
781751512
579555034
626570668
316442628
735022009
438289624
503818000
360941566
812599195
364355655
236229964
376835247
192536066
321445482
598683936
556727715
168774666
602673007
901531726
652506808
104072222
599812303
586137488
408646311
439125890
845621594
250874420
504549873
674519159
902662423
855609235
755371123
161229150
562140995
890190902
214669895
689527198
781931976
854076827
972779618
399988008
890698980
381774728
654964453
626707542
351842050
753396048
398866061
992816935
921050099
886466268
340529465
211886556
831357503
617365624
693623196
439914019
951152026
121772112
265980084
253800540
830577696
869510346
974004425
897035539
248233469
814296537
175010988
168020696
755117618
633561882
733729436
226717578
861272195
981041985
946441686
367458653
312264498
513866908
380519545
383159507
972444425
236445432
375214383
229216306
742768762
196935160
909872865
677014496
674189891
707979515
318896457
143153638
171793098
615822103
109559558
629923310
395682285
679298516
348832367
823367692
521803394
798630386
878890993
886175936
300088676
745207096
879590069
179464548
984137667
426542534
974012916
332866486
934517190
714298190
491599223
589967978
126548471
181397763
450064464
954290474
845952993
728879271
444901967
218454706
840303037
553759057
940215539
835446591
594090917
314454023
894022608
170278401
158150238
694755981
935433723
863906173
331594882
154561974
143838100
970456568
158740447
539586611
556839337
180641945
333663040
927284447
799588971
367852353
329740648
194169798
570065956
787300285
716916818
735731666
454936993
167124916
357679005
235130027
403647487
252647502
341628021
411360338
302373377
402131849
581897763
866483188
665761455
622371287
581784256
628228846
657530240
790327447
324573728
954536814
845750173
778736667
580125951
204056236
950401967
477971481
343364228
352914628
505942461
429451211
556523545
730790524
508135088
514494282
483274322
491530356
405086674
911000532
809559766
134436352
974100135
736066593
994806954
754267289
631085604
601568010
239242801
262826582
293704116
316669005
628098157
376858021
248077201
223130512
643492241
375190185
344405194
464199950
161410749
381407727
520542289
376379361
763246192
395035271
110709858
480843726
336313051
955907443
322772158
987382201
397877714
457930329
310172896
791888187
878048943
437787989
753032573
935588582
275717650
950453053
409020554
467349041
832810466
511920817
185061643
890175946
105536205
232554047
920194352
344102966
739153898
963345186
468198597
584910265
449420775
973943783
872613316
947284933
502217546
353309080
208482185
774699017
294030000
155740222
177822240
974960038
346507347
691035366
918111177
804388509
559700747
478102120
570332980
528945167
144003882
922118304
998468982
922312502
700195889
870389029
819179079
361615876
518722734
187438591
522779322
578699930
583925409
480793656
917760022
660759950
529997462
680475070
608961824
911946840
632242797
388226268
591329087
388988252
537629741
914953917
306512266
799394604
106789292
442958008
510699532
525906283
582973179
920072400
611792744
426644196
734582240
564712649
873507971
522250641
786019745
962978639
733309817
140481393
297342301
914162898
181351280
842352200
816535182
441543534
151415684
111278568
667294800
517143961
739505468
856795617
519810810
225631569
785314448
184244816
347263530
116584875
710079743
589384670
291101654
518904093
457944100
660905172
988895283
888788832
953162765
103504573
953764825
718690793
865967855
734951516
229073474
390793364
854241591
598073326
277804784
707782254
161270934
330536547
945566967
119810793
278190588
932312851
605408729
840824178
375679041
215097905
353032788
632254289
880893792
411458578
952020617
415542798
995474815
239144819
633587014
200262058
356201507
417552829
466948682
895319883
220819445
277799438
100914433
141417113
869080559
508795277
332983372
936868367
135733205
703197131
432058680
248407457
149814828
729510136
489273448
776630499
261592744
416011507
264303948
165978407
959319590
660101413
849695174
672886359
481228427
987742263
717152266
939961949
442273285
148746445
303806152
137711628
138457547
662052771
118068908
132992089
986450006
296960335
315152480
486442219
181618070
930915881
970434981
366335262
893400168
661168872
576532812
698102352
327071882
966909731
707579816
468766336
559745675
167385210
851803290
976809452
826544805
429424351
751436082
237507667
266354104
466751022
544368338
381996237
404238046
832189619
275033665
513019242
862704556
753738058
579652986
781159818
273454513
805856386
301415061
494906179
195257925
321819101
724270305
827845988
683381608
892916098
475021158
171687967
294696073
758991408
455444753
966532460
261752075
890688700
928393177
274939240
633035158
675513822
537588223
901614986
349657751
404248537
845259216
847952808
244488533
213731525
157519924
660662191
707296469
365786646
945057823
722542087
961903449
244468894
695271135
486015676
172695168
991083697
483670121
598983958
862711025
730083980
140406005
171329608
714839680
298706542
333941073
494849325
931897421
442075452
626150266
180745210
788506241
195129230
230917258
395088974
477039797
188582739
861227002
894799272
204423794
116551476
971292280
381625685
309549406
238874546
756839827
495467376
336617630
671501334
419093884
152677128
345122656
752807698
652014459
212644885
183633140
530649480
106492717
873479839
247428232
541026914
932743598
700302465
507593970
366563562
701237545
721315935
479646593
261755986
928558924
339214204
779887003
869681993
802684619
232557105
135982750
302771664
280036198
215468927
675164031
522956034
934599965
915886780
370886368
216454815
566217496
395817834
559034682
197227685
326979678
929126146
297457607
454469785
916355496
551580258
358371005
450636885
333832075
224441157
865876474
518451881
575382585
780785407
917962952
825375878
669382872
356956728
396621189
794831464
485718221
675443302
194503672
638671022
211983719
273474666
411094014
902569448
442003618
637252044
404889196
245981222
873857553
659744238
398574238
491535585
187384835
307743706
214161005
310697970
976441449
456624823
987828239
106399685
960133310
663411460
116366305
357666838
966800022
607158865
268020599
730163455
528134902
859368341
148974417
473737876
533401313
450399528
923258258
501960807
244328802
770844881
186193817
958571093
148345378
983651783
714820973
419390732
642990360
130262781
781883923
698782501
443998458
349413891
120242129
628705616
755164208
516702193
489632568
809439543
717127907
919661864
530510499
136662753
384226088
144123593
132523290
561848815
726704228
114112218
284897904
606649799
987587723
459934312
976911182
389019998
127367326
364608244
113454353
438847314
215490899
144181295
735718061
951001839
791188466
480681976
109804294
867631762
535740570
413777438
845424285
272054764
367080446
204584512
134377009
152742508
171793192
434365125
913600057
921718580
279117441
125247807
787422118
891516228
777761449
345026157
316765438
584047207
368080488
228560703
747206966
584198744
379561737
862575823
826312853
386194875
277423277
385602473
979664146
565309157
772497383
346330490
857502059
306967409
838127432
323879121
304260517
811191092
158177527
719072453
893927091
405464228
693018444
476960734
566236507
495079420
416922568
275323863
303799945
468501056
709711799
963744639
590914216
472150303
992202552
861534227
782684229
329300167
690054751
871466618
486002508
954722722
331165531
166767190
490689678
739170111
395673144
987173519
175004860
151862234
715772299
595619919
553155029
587612936
987886152
701504589
188909994
313602964
764547119
318184197
467051496
539978299
794207050
737466346
945329963
177945876
675093686
131183275
891398842
934896791
654571720
971767270
812408291
908575680
442447850
257711085
460926933
365768452
611075403
398818592
368657605
829988574
989171960
245996170
439115927
457665057
858338238
206313315
548499992
805297418
139211710
468111323
478728232
259989634
486578813
235690257
820882790
348877805
287778377
158648509
912525288
778494281
995525593
578066054
933928770
124962266
647273354
332593902
120940108
401515555
752562816
266796709
965514927
680939643
598754595
462805807
205917534
621516232
784662573
513769061
170415617
353657197
217553837
950961809
347761997
583960556
613321069
524681861
561036945
123323934
208194223
287692921
498836498
396633650
796328293
765288153
248670291
784135456
497221034
409967598
784198566
873005174
384639208
344118137
332199216
151208709
861558242
856283898
601888381
371817562
444008468
748892003
384904926
336647880
293807005
684631239
419489514
830491903
183170618
118105273
243513485
776988967
793270094
666425985
308937615
228436923
997825654
635637237
489217108
975927096
612000150
101984049
631251128
273718341
367729439
293976183
230680625
555082217
338245439
162579289
596057270
518715619
838058435
739179047
445642605
479411688
858498867
830038532
885357802
678568157
580183275
921100995
492115338
388590316
380274930
383718308
932057775
953474301
885311579
316357997
628496982
117359272
558111775
435374774
599766122
931567959
956165754
954166237
504847033
931637737
460697267
784116339
616995997
689567321
622330300
766106690
392540401
391774056
525040880
380394153
924692775
502756249
619686582
596320767
762030472
587059520
876588539
277161690
546086522
413103673
468292125
692541005
230067699
111963504
888769712
147781400
731919574
613478111
943430700
559934480
105489350
939293888
289979182
789105941
596315692
816863885
670227731
428108457
955031955
607632535
432923707
318606661
609325510
833414036
175803767
277200995
677085320
322980046
767923094
250900496
720598424
761445388
337159493
388470476
785572092
908990814
912686564
193194997
472421900
449361979
307888781
710986958
400819028
331782719
753412118
763657687
973133454
257772398
534692011
206959627
424157153
182992903
937900576
561463559
426647497
375988794
871054588
139977858
280557759
199957076
659843658
353009818
792054864
457356267
961596235
898445023
986066567
820975042
870607950
619157867
964236916
348992283
657493580
433524793
904295923
852938389
116841482
120410415
506304337
367651665
397741151
848389482
998176074
765497205
942223648
268487160
195451936
211740225
901614682
251410272
564187613
390680049
860249141
255101284
104996781
275529917
611201286
102068380
386090557
190797874
267291257
418800750
562647609
955075188
841711129
331643514
365692003
772581051
201791056
243224345
180384923
590961454
318207171
772792921
805659875
144268254
457469233
353269692
596717581
833840286
234549930
753398685
310392495
568526810
117011277
263636643
286580290
792157212
616166283
404416352
445688420
721584364
166327532
536764017
734629618
216812939
537180487
195570888
917663168
490519167
322026559
726449549
314937275
789462908
146593138
724118382
501462393
439732251
521782032
275981785
126164826
663482973
558329435
267908787
504947188
349813541
847469377
175981064
148782569
743909772
170540638
425857190
969212940
567890910
337637062
631571862
907823743
755905926
339666255
522260506
992866242
320984353
706244248
632994992
404675952
499379513
459140182
926301694
850191192
276270003
315447515
416166060
859403146
413561166
545176816
856507189
851346527
576887885
304631903
367995113
183075360
285277405
771867408
727788016
860270783
937834964
297853491
790556862
214944207
307531001
185620357
558103549
727859836
919578409
375624337
133515438
400780120
577775435
593558688
630156753
189139292
479194050
319642141
326749648
750491817
831178635
487895819
837328687
146295010
401015275
207296803
465163466
631782689
885790503
199396613
203437884
982721364
407659708
157999802
784741933
853168802
751657434
270820366
216274192
833738293
156281222
N: 0335485783
