P: 192526970
613773270
547625110
874919042
695130247
596895038
209090082
547021423
192657980
132014990
915663601
522933345
125326413
365404906
746133769
184571571
331146671
956664410
616193360
711038863
154525245
193156543
779671213
677491712
368660392
624387425
780215281
913478996
948820830
486443283
725275763
790408884
275945425
612846811
436814992
270602905
489462935
282675232
172772336
922799628
576745392
767803684
121179714
485444304
210650665
176373753
975471106
594521672
905809899
168934419
200571196
518243309
828258194
225349754
365713364
530435897
361248458
902229169
161211890
743107216
700096792
610083003
241074959
469843744
854707562
681110632
243583570
713158392
885141651
139120982
234987351
367540756
734151087
295889482
785503044
630704437
628712682
697414540
213522053
895678708
825197546
617736282
759854265
507484160
548407014
211591104
106351956
217753266
758104280
280241222
483706587
653883681
564005177
103056794
894949536
573594519
438726651
753208406
631315004
200529939
663475294
302260190
346900631
931487473
737067184
297983954
802881316
664691813
886332590
706262122
332769718
863863906
615308943
683561082
926167153
319272581
940693915
594166366
639089488
162509436
298402171
304375991
222528410
485366657
490856267
402030790
946182267
646324635
945165625
759149880
297304766
544957342
285169465
839296689
931606427
507805617
938229145
910637189
193115640
930957470
896141671
864925401
146851003
599248366
528659897
160366995
776038423
373748450
954590548
862106087
721107773
821489215
701777623
767103149
954868764
987417833
851754813
413524307
103386896
560213008
194898212
171746038
556934786
589100195
562507322
592363525
104936021
948073257
663070516
618278138
768688596
204405097
509841465
913017755
234555217
190200912
274469145
425112321
957308643
144706992
287022074
910650560
753804380
655967733
302749658
805570212
545438134
712917786
763117072
690500681
253379455
203573511
442821143
867292844
853774393
708705319
280835199
231359003
500757246
676719977
587273406
500297188
241521412
861016975
251617624
118203555
869959311
623824468
621893626
113341709
914973242
707641174
296285609
826488506
711759437
130285333
916110261
119709143
298012200
645043686
822465279
665389584
474960644
244632490
325009534
539096629
817816140
729527662
764045763
130469746
429004650
972159662
315877077
520843663
627565719
923815543
714461830
490428439
644079409
145901881
694419480
932408873
990401444
158181704
737157292
278821456
901296531
581348369
906990538
602875422
297740293
844654440
997269067
253721455
844488889
583220770
929539674
313339046
717107045
109060901
172371003
559324143
639967047
831473057
902661981
975410510
513974970
908182764
156640058
110254893
417407148
940171764
160568395
614504313
671597635
140049024
225712481
157793522
421785816
222682131
853956890
752041456
604187311
801511621
263832371
459099725
194915919
968815367
926659583
507279518
856071075
846024978
314982216
620830198
271121295
196700703
185210508
779697827
419668897
556654039
720607474
380578429
903876613
532069405
696153808
116898367
620292454
539914520
741696518
942232609
355750864
686253068
644032651
890911620
782929918
111068154
707452301
924385549
776563164
766778190
711273469
187227024
897976624
895819706
412901502
326540819
932565948
712622873
515628273
834780089
365851932
459946529
128696470
975236405
207084078
613082265
471682618
231242343
417284633
223317771
512429170
307485319
862193322
890797328
799401327
911500537
809251968
235047810
897790518
864681418
408576293
264961892
643660670
747274715
883467916
699308266
534894337
876378136
114596494
435993740
586798564
441967972
720322936
736071844
775298341
806962708
948975033
621653293
640477533
645359276
747754091
999586792
112582302
827339625
315515503
923469368
451107063
176428222
499923453
873123360
519205248
306834643
146065996
699802873
740828490
913591959
911237223
605021114
651043328
414899079
150321380
225854512
572103840
722645503
779676625
221534796
491414313
438500656
515203241
660783664
783419494
288274306
305832829
301812353
689387709
340995934
122158317
192416372
746289636
590257170
402307936
973148462
192020573
597561624
107349675
380042098
910153235
972970054
421475827
589135647
941911815
302977926
593686777
413845867
999511171
379201892
832330017
149048221
907203019
498575361
702126322
244499976
754968781
829827104
332260636
325736712
553204217
623829169
365998647
731884026
517771973
224220166
158145475
442353579
952506534
520784573
590762512
559722397
860455826
746271678
639032449
953573297
450507343
747177385
322187592
895573598
995073235
949908553
735221624
865196964
539549190
646610368
644290587
996091366
409020172
521750055
314868659
977931294
805001348
699969115
875489512
871141268
186596884
101571086
241835414
336033559
816652255
539134676
410823330
688105560
678790160
972630135
524702739
891177575
226861632
192302364
322874422
265910425
876223043
877762516
388991445
648299134
943327169
563889284
742415506
965171799
647769734
900543996
378998864
451178665
841618575
943382281
838907637
427430417
926123135
395536034
721450133
287393501
836243819
353125690
837011336
831822500
767864222
673253473
622584538
332185756
884298629
321899899
341905719
123381574
555519641
429562868
385776358
177550328
815736087
493593529
314615889
512956865
230822697
202053099
246554786
200935956
584271914
552609452
159822484
580267370
416396832
723225401
185540418
915359136
547437710
166172106
784125813
323514793
830151728
298188781
605468621
113261809
924721489
955249984
338854841
342382824
644277031
733090892
857101861
851357618
869650753
230059642
105413662
468601506
171163481
629267237
538868151
731600252
421217736
883261820
636027610
645686783
814313382
568159789
465081481
685757841
522710404
891926670
545394986
147464817
167127143
130811940
751208321
193445209
404160582
733457235
121210099
242106111
718127904
325659290
377973106
673395278
423451544
626889424
812215334
983292783
203611820
559126115
758528136
577550356
522256534
873091318
372390331
586813369
372436366
327474604
200223641
740572347
987262587
418885197
627808229
893988320
509343428
768323264
123850590
183323004
926058128
774357298
792745127
112308090
253010797
522474579
764671062
394286426
315706130
497278330
332731362
759134184
432596952
511967095
175880549
833556430
202668315
949730534
362793563
951160058
862939630
135298103
185104881
850376373
203991752
902349813
675508455
767145056
280063437
318887030
245526518
748656022
902151362
151197024
241886250
613806086
633506598
901331243
733881198
392947193
778453304
598628288
686944937
740068117
403919566
271060978
820687627
446133953
908166443
776884238
369200197
500969154
362652859
368487205
429562678
482440095
701300696
416510078
632453086
673957260
896616366
495826683
111137256
721252461
596514240
261100961
107546962
977119000
161063388
808603027
874556288
804679639
361434826
488767583
167339931
201458225
498516081
479302480
797313722
443944763
474259017
337921116
714575575
195747543
873198051
211149007
268638848
811713332
685480678
954081310
209257676
393926725
812186977
955767562
148895938
164136120
487325265
363677511
701941549
855084827
864882918
418095129
987050915
799418119
512400172
203263613
853423918
586208779
760522826
680855270
377002958
633629615
291993964
283028659
998755788
296222730
455783861
475244408
163440831
530714736
783881117
439360374
657040985
324626668
836588130
112163926
137030599
195354088
156581520
672592002
803915437
911571544
212940281
199751356
515263687
608476637
925566447
761118885
565351971
602436527
485745553
123738095
861695091
370400712
793062473
748646012
973119056
382315467
343271693
697369127
400857381
795403213
944958653
837108948
538876449
337456150
854314992
583344936
243627787
500094320
392829500
977447407
930727926
728657340
644729344
780913128
372864394
425179253
102003778
235600758
990162236
643542737
244982560
562616858
864451256
438437298
357850017
220365778
917514285
664033229
165149548
714677355
719077531
826217456
391508666
583410605
145509626
724490088
324016409
637976253
650190360
783611332
505756927
632948010
679050034
492432154
673509055
489551782
842861857
253455340
931129891
899502139
329882655
520639912
295256459
801510687
897438234
612800708
817641478
782337695
654788796
661689892
931154384
880142340
123929552
668744404
354699229
390526676
954829317
965613545
545531784
712555790
525356347
810144227
111003196
521088609
332308427
930768140
760548300
458968390
272410495
419094492
247675543
738427131
721023445
357308282
872762540
284322594
622456384
196388572
296599817
177159029
867174324
572604800
682243734
718237452
914646898
597483362
491809326
213584359
428292599
744280768
274973777
271844039
601581307
390279981
931046055
973028598
401268840
533713942
465748759
231643195
739260946
427936004
532790147
684499079
108344982
980171790
237171096
124774708
402139711
448676100
921298938
236517465
569106433
392299587
227067266
731755284
821976190
623207784
645615751
980023884
953496009
488798962
852754470
260016531
942237309
537607252
451742025
712838239
713189885
229519672
957994653
128442044
756044859
301609165
848154334
887892618
884187515
903559417
389787501
538221508
139756825
437693208
518753742
430915769
314686693
113710049
336745660
935320130
696489931
171781425
184107330
304610344
308450376
704113266
783406114
776812707
821150833
799678215
959233930
339320933
148668854
594880067
707190978
564476224
246361497
230780598
469657322
567819236
393127877
452107791
905768700
824136628
356671270
661519954
302006457
415559481
759411809
687325535
512989125
599297393
385023227
886960051
192440424
563042616
791001940
230110561
512818147
262379815
822593119
336148079
384807277
393095336
533807466
999736153
504865281
509191201
495941315
503431008
425948673
865013834
402209049
228757585
483991050
805292483
875500551
593798646
219613738
476427739
659773041
855998828
355569214
973398346
410481182
948557754
189865652
838072948
723918085
822368601
374935012
302682471
881660603
508324348
499325605
968019067
947015567
445409161
537264836
495723530
211743371
243888686
408934819
625283265
295006789
786718141
541601762
649470627
358748511
487587311
831755927
113750115
807680501
951689230
360249786
836937786
875251306
550950203
226127902
598385619
681001358
334534149
165765099
335862188
491532538
812955483
778051679
927429742
794319358
163881881
337030191
666848403
316008385
770248883
692533849
103260839
204771523
499294087
428490645
575918752
292873708
595275308
953754474
884357976
431065792
688670191
990365496
770000551
523374475
567897610
339082890
285730439
862843535
894860629
909483955
687709741
331423276
379343622
746865706
608513759
805928454
338693768
826709254
847704186
437635272
756484297
222831366
634373843
947720258
960305420
750024465
662861269
829815753
522351058
987463201
877673959
384473569
854537829
162707049
672641875
517327372
615921522
554562089
967041119
950860905
169658298
911315452
180542071
775513647
807313348
442895412
280497912
117179929
362860749
523826964
578735847
768476765
318108368
252405881
989286595
746210567
657958306
273000544
932880772
622677775
219187219
218775432
448996863
547532524
601038963
395465524
281338248
843355946
302707447
629278735
595424289
709878801
725492595
746516796
910464234
577214607
730350380
231876992
367247196
270366094
662085798
769287444
771835168
976476729
802424411
882658178
522253075
884872849
630429768
481716774
961168422
802681751
527595477
935169752
161798604
459275755
993072548
794305137
666020575
645213909
888435124
498724710
352860135
632146970
326592790
396482091
470839676
644506733
633014958
678869503
787850152
729759973
817600854
482806318
107312680
904214882
468344667
508352864
610595723
697501338
150050091
411932922
358780622
425818589
859031882
119470233
450784731
675132674
499375517
532746577
861040467
835158582
199739977
840736550
512056754
143821251
558414055
157487771
151009936
770106977
237063001
696263829
161323957
905772149
457056091
681901138
296292910
476826830
771397549
430578236
352850634
814917928
526859535
526906419
201505447
932662593
348242963
986839853
270837161
888796614
416641824
757378140
245800423
427266654
881338995
274210878
476146778
589654404
235078403
628670516
278191025
551573962
337610377
596208559
389995830
816915826
374720174
665773050
191432699
814707230
438295565
110258581
686228825
815093592
745528483
110429940
182047796
890792713
443167824
549704929
373312019
668195402
699078598
228230051
406022688
475128835
741465929
961367477
415942205
321986399
263674370
380585954
428891558
255444492
966891879
249799467
911772895
668902402
450671520
570809728
188374414
872702039
204010194
871766685
310146344
661293452
446118590
160704389
618311191
522281067
973525403
177790446
678152371
765359659
483194038
795965759
884792044
184409026
323389189
379202894
787717419
163556779
235056132
425142011
149195015
230260768
302058843
264366611
384103469
887173989
206639656
920207172
270661372
614983892
626397538
811317921
154725584
525739990
344395420
566219696
620534329
829295247
142226869
917431909
891053869
508423416
731077537
388913004
129523867
995309060
459802512
530795539
552122086
571823013
240073081
137544558
117944424
322835750
947903501
944920949
333416227
998044341
177737689
484784211
120971604
313469042
531965762
868202597
130992289
746014737
732180508
241539617
621389517
722163966
167885531
694518507
178850089
256358992
426335928
155737283
327300574
185317728
971133116
990919652
392289839
347714786
123032254
692504554
248911478
758326140
892531045
518149966
852689490
207491403
739248984
698397844
549341847
795591435
558338338
944408044
802177084
684555396
501116699
775839891
154505573
453839401
991410420
549759343
669854480
332173119
315332399
876864526
432452830
276782496
265333042
471575218
777066793
572062352
871970870
803529846
565637481
860031560
223473426
474714082
826627544
365338324
847107909
607287629
791573199
845164768
418806581
603989736
526788710
927610861
213178665
920058903
395950081
515940433
744879161
432066836
872582987
458027095
521264874
921399564
776173528
752492593
320927407
816707195
599459744
810641553
280811553
714100087
284495720
659686823
325422360
790020982
967956560
357552057
487514453
593322529
896042316
755044823
652175531
821917571
398488997
847422697
720822607
257310128
958927868
571095573
615397082
834405220
504440808
372597485
610558867
238895258
245530820
600549706
115414909
535844369
904151783
282396320
215762792
379483663
367858153
379671170
738005703
197904135
634953388
206451450
779575382
310749063
137018708
162816400
687733927
559334415
699000537
759400784
155999614
939614573
441422616
942950895
814984807
648637240
695963481
200672180
750463829
327960955
913376519
403520562
263155628
402830151
482770944
439709740
105698730
800545369
403285187
408823218
890855274
294123049
486935812
588985284
485670502
996413125
497661774
295038611
474137651
170063002
559252234
177782708
656762877
391332650
921709355
211573108
887046447
802424756
561224393
695087745
276525404
985177779
313154624
902832483
559120014
935911289
898183036
633764495
157041611
625258379
128100228
864008734
686056447
364418599
820193714
382805498
701564619
308499907
413027029
328703975
979944479
187593423
790006484
242461921
376629263
730728996
569646722
203485678
613481076
961632910
493727387
688740030
894677600
573393646
698790406
261417527
862000111
155009953
738644782
310097616
751736344
322040068
819822336
633257918
626492220
780995374
579582891
193883174
498166452
368505569
204369507
742301217
135448938
378664068
448258603
268170970
416585341
955456232
335971450
788304015
383015811
307975415
488601947
871207695
413855145
250965327
255460856
734527576
100714160
820062796
921475720
823681281
503656866
871472725
918847045
607279319
814595267
484345000
607564338
744519191
250025447
733986311
372890562
911943717
275376278
886120676
324960046
789804296
329533613
710035160
801868054
259947448
593119652
134117381
261103237
170167144
153025370
293573813
113736395
512449540
536162856
150964483
342452932
554039934
131949775
863164502
624597868
636982441
710941856
342001415
484118816
558507501
243865072
671610619
250814406
496571216
255431049
883433587
202431122
947734409
807288471
554940916
900709669
480823533
776730399
415056701
196722336
126291239
187078306
475464214
336306038
165854378
292326948
965434361
857452526
869245455
576546323
790023629
692246401
239703849
168935794
442765069
601010761
680170438
997916171
727650339
594349003
102012859
588967235
555876424
612650127
535490977
738030822
518177374
441527457
512884958
432523341
939752623
714326161
470426021
131616142
850257578
766491537
783615725
715282468
257606418
341815371
337675970
862901624
211879047
606752080
399955512
762902430
614658532
810398752
572913405
703974737
966439845
984196609
870443307
975541292
108147030
475525303
658903708
555174356
262151147
316425611
863954511
146125172
637427921
365850007
675086698
409746902
777952271
646776137
393538766
396250277
935281159
281379229
403929580
974487850
562394288
469340067
678056358
534382474
339653152
243132194
100804599
972100672
632911653
232247571
370480603
215298129
421463536
193839941
762450164
701846449
745173104
787046126
458157694
150096485
771135067
170442628
411494573
579663002
651441259
858001543
516414949
132489154
515414979
778149353
330491323
504916358
945507117
320721876
569392013
829265523
136413194
565774628
715253166
612178451
990637054
305691111
644914207
976791707
670111852
754998104
816299127
774416051
506328758
550972178
216430894
299859666
136836540
833847662
880377639
113201816
129125940
622011084
870425532
962632531
819442627
563553517
823007349
571535525
446167761
617528777
245837747
276738420
955187623
677229606
772714927
142359140
694191740
139329452
824507511
475159130
360315691
246975060
551796691
822317085
825649095
891388069
729663904
693868699
216398513
594539666
837876666
259713120
256557686
152871085
214958547
813226494
360129891
914938982
356989019
961002081
428622265
704250676
432515820
222274452
425667048
236203158
891081085
484694435
990242329
118104324
359912221
540331533
989468054
160144028
663822517
960441760
885590340
756199155
368613640
209844779
790416173
139484239
938317591
226091277
209803448
655142658
141669989
797786296
522884948
163176877
408948627
431397771
254489340
265529616
494888632
191265515
224053872
141594478
509215291
175423163
769664722
837366604
594075658
314002235
156374994
155076073
636357368
107753900
191021764
476577881
918606910
902617545
877610611
945847684
356218888
436599285
778563938
564342522
167966379
139665419
729236530
486722120
725372606
734104419
716253597
495579112
902113602
592855226
400414031
274379736
395184715
816751476
171810966
696822417
215662959
952256291
744416755
209314126
355176952
422134812
733244110
285738882
771761247
715255041
942356663
953545229
921536229
436166413
531807440
275256332
896383397
312162116
443338008
422587065
139535076
729453823
424198669
666819461
189852143
495244902
931490659
529922278
128830337
994347802
120141532
653849647
719420171
980209912
530283120
584372886
863279729
664719743
118116118
936150670
438698084
361481921
403471263
739983764
677429972
960536553
732871336
499862837
194413225
542717936
665862149
396373561
154754368
220153890
278535142
719342950
416054450
660157979
815207243
901211728
435465567
513226789
979309065
633108706
690356546
780597416
959223417
263401112
509410856
961408014
787782059
498823461
209613487
941304276
164224116
822483984
162768116
803591518
699302751
384515746
353491200
858143757
295165495
980272540
435505641
152200609
341460433
101005663
674343194
948446762
598823235
840505830
904608907
908630197
637901772
444547968
395025311
696882787
375763194
298704109
111779440
989870629
126723737
735263684
177674959
943100838
678049345
420551370
614627916
725731133
660156467
418379148
485129449
243561910
482571757
199935069
840700719
237864941
542107145
704743545
570365927
986969892
689927447
802426477
857878089
720864833
894610703
514132772
546079407
916935433
791750623
366184005
198222842
634694202
535775441
971046104
864107331
920368309
124685918
123937500
132188671
449663096
259695186
239698650
748810748
329195490
366989913
263866323
313095170
318080105
359785189
674458299
521945667
660409169
546254972
805716189
770673841
619663627
134787848
957593769
946804064
656136701
785929542
136046769
117464329
509351244
741704704
769176541
953834805
680490165
312670351
727163179
986222268
573263231
371224284
626619469
891260337
504266111
554959397
528003232
230171597
763097650
321368234
755470333
379117124
401908115
808042905
988528918
356822813
872478945
582519609
221799429
930661308
270590456
835633999
951328683
994623208
462950521
670832278
864670695
489191982
587535900
103288266
989360155
949234795
875009814
251494189
685259847
129023882
678523600
798536932
463380726
537478866
751603513
530175086
303493006
331884756
653240455
690516623
359842435
621567903
676297032
625372413
209618176
205165308
676510585
136428438
569180692
636199796
861802274
708597913
190364428
748097011
490226793
205339542
740375326
102646766
485966983
189571398
287013656
135729022
466157652
570016468
732682537
899742240
260468989
335401543
361335933
354020239
549022526
792048304
924651846
843280288
299065238
320074430
694540202
737788021
447486093
500921563
600581997
237155616
778739284
721651955
976287605
145324175
365557987
412778532
906006641
580583588
625192720
501889940
885755294
276769911
449735309
988080927
416806981
747184833
103920672
595435561
808518171
228690631
673119202
941656102
558283036
225463963
421745023
510121384
726236806
410865201
162749038
330199168
731721119
521368531
403514086
774515292
624177757
433759640
435227522
327436067
797003537
954242201
675008334
547293349
186629906
147653221
497002163
629723964
118942826
303373231
694553219
122577379
878488103
634971345
261437749
386843231
987522502
399459576
838383702
549070482
809452417
934772689
774615792
416482778
699307341
208919693
655313029
355986155
802104941
309999849
527187841
847408119
453118413
923400860
687119143
165645289
870582226
675837845
415658873
943161406
769830707
442644955
331913773
578359810
613451102
132789327
787254456
243979674
159467014
399300819
935564023
345553788
918626890
329604989
898947941
946595891
562714553
921579086
201084537
271908891
449191186
974492679
419667122
447843282
236829448
978194077
672711424
669417464
295122248
911993240
267772315
771586923
736437173
321415191
805666480
279774125
908909889
335405868
690190901
897291254
429770886
299587031
418147615
540888421
567090137
293097983
628161125
199456203
932604887
924293833
215918459
846675582
208569755
402569145
933349909
684235047
488118954
414953445
827907674
951481802
188865811
871400098
599527284
885742867
681820034
744830198
605205732
365361761
319534788
847738931
392168932
377059138
340392896
375055213
586549957
502728490
171888770
246016922
944044305
638148333
521655785
856617084
553325757
821944548
218440522
789293052
275583941
657378070
116746554
609873816
955547258
202847949
600880284
232614964
114986731
233097824
495028725
434669473
880919605
225481184
936360050
289584226
473772033
941221735
430571908
215793603
670786954
978085513
831196814
324358243
353722932
720102731
180230109
643033804
412827663
640341451
714479642
284093628
942596843
640260351
314407080
660974717
709671644
742373216
398420893
587688213
915391568
887040213
310749070
540078629
298477206
555454282
303821457
675629786
302658630
235036411
449052495
828485123
913709753
143294002
678450596
418321060
784457365
980265155
146014377
207470969
964251966
381581222
679248773
927945911
900599475
325318377
902315044
503326411
264987061
395441515
295105852
544192440
202154754
999648921
124609007
507353107
925318732
136726434
757736388
471407656
239320664
654845975
456668893
218853475
397841473
950682718
567589510
421918753
526508780
442113261
645953481
461986557
282686894
331077239
149832250
540541332
388386141
557874714
989370670
408899888
323365173
734480494
816428432
449639753
599436522
494272893
584396841
129349657
507190232
457686127
513428076
885109900
713085213
421904672
987367290
621409834
857496528
194059584
570890537
159245232
997351702
583203510
820889870
123297642
742117774
481914934
214904477
614532838
941812931
158795803
728986225
496734646
852643331
674573065
869609198
330675460
529648123
934854392
792233414
213830941
937930436
705942210
361065441
324024023
382384781
293781553
752172548
261429085
494110448
752585423
537011141
552517325
141320821
623675880
354607239
154395241
327379197
382308058
689069286
210907928
298706420
753235132
776737025
511123534
614508344
247205939
750640667
203107542
898048044
726564880
727384514
580769815
582821021
500587824
481006979
553024020
347639281
314318713
804073504
447504440
738644332
527992061
175941376
681568137
639494605
306384832
199720154
424139376
894987104
444537460
611414774
828802614
809840933
221626418
980474794
584865543
496897951
685590520
432517112
707707915
288108568
156779440
526460727
218477681
984471986
660075788
416256212
347184366
537909178
880541839
965844590
137466286
989730971
591686873
343573331
840700187
218041850
707465585
967102092
858670462
766613460
586413360
184753695
664061103
484083217
991970489
190032660
784224799
507864773
187705701
708930665
698397662
163560170
449605604
168892939
484581509
895620834
985780750
354339329
709033672
719146883
781546458
642353790
328857715
498877614
176377802
121090871
322263061
702873261
175827120
481925469
986219410
979386020
106890214
644108935
768034820
673618744
436988537
733928436
121749160
942380216
903846710
729309155
990072919
235188398
511133697
720358716
579283843
913897324
133431343
321224649
823366084
815648500
578946680
388501894
935441360
335885021
730431303
319949552
949608888
325982683
878727183
890986240
714028932
523776698
972945099
256554275
240216428
945971545
869698913
519397494
534153752
628382002
989061851
579701934
437468396
132391122
290189002
990333040
722776951
562344731
173724216
249800184
697675240
445553395
255521612
409883220
740977799
805686061
198163970
763626684
577647043
412459932
485522942
662001873
284744735
206060104
181158741
676986436
852041573
654274541
638778813
586283936
562367148
528135588
976615329
788415006
610148653
648246479
704031102
819898508
138485502
348849505
681325790
812362637
473973450
285777887
920875455
141990596
399389746
868432730
671922442
541496279
143074420
974491081
595885751
660682912
589289117
241692275
464229594
764286765
484824835
935259184
547621579
744961190
135849633
384643140
192403616
511815790
364216472
853790695
798267613
191071356
422367236
725532637
387213987
351696355
473811908
772028773
621746709
996992531
887565521
326379324
988371267
299439322
675813785
331656687
262070087
150112450
871618281
539548510
983397370
717171605
112895348
452948366
120631705
671092973
962105610
998107344
720678586
687041647
718379308
551242500
823477960
665983392
838826864
352068478
465864780
676154973
112479722
409301277
754888629
598619325
508624174
259472974
372671314
957794932
225650490
738234879
937984285
571450430
257279107
651810425
125992649
216773733
344332644
379739982
748626083
159552887
177523206
246455688
233978998
141358035
431649283
933081321
707001162
890127780
927980358
486070436
842238577
926055132
405744587
178725504
365520034
602403180
373724050
155917403
862161396
667190025
134630631
274893052
865094948
946783489
884227547
993472583
178257774
581554152
420465840
311453200
791168639
742590017
689507508
542519360
753507781
765811152
929562130
205915941
238249550
977519889
506960891
308331706
224593044
592550794
750967385
581890074
206475241
596580491
880753439
800248151
921259243
559572216
439219222
500057767
104770888
498164365
655181460
147199256
169075393
836603653
783347000
509785812
308900161
985283438
282570025
727435893
584068908
624124897
544086725
116411196
990380651
908475691
214309237
378510382
231076376
938056867
493482208
588469287
667676314
849488936
599212225
586486374
130791669
780777216
700846853
864999158
759296404
813832776
326090590
173714296
782175013
425050927
418615367
910702444
790176903
377469051
961832044
634410525
314458688
719283712
838004948
687269247
145774167
742531686
172616614
602105665
340646606
299061168
710864650
157874785
253677909
272794441
142684670
483721006
809414813
504012267
217854980
334191189
585971655
188535716
880850907
656917408
309043342
236239911
942325385
738340451
900586576
642778260
479394189
795677838
712927178
847364157
459710516
835151002
550379627
883632158
368223873
552258906
699830380
528360368
566382232
241083376
405867900
430641354
289104660
236068285
679106154
545311104
148095647
136254282
712722005
300681067
382037729
986789031
323151777
303837004
697245231
775997482
662669934
232101369
292553507
521476586
185968538
690407346
422073372
600149655
768629233
344954770
215794932
255416700
436356980
521259414
890050230
597623181
111251258
961821911
940191580
278333458
307407566
633713845
129958528
447061562
584384202
561074735
844061467
444888940
203422809
746673168
410929737
364428219
591552301
247575816
572880094
177752535
564950170
767405377
306823415
644050219
115336812
369799801
779687165
193980486
408887592
670995387
149181786
127000832
859299216
661170100
808317838
808973617
569285588
810921830
209762247
822558655
447924097
118458041
750406284
740465703
101925961
196380532
265471555
152965689
847095593
421535470
605154573
182563071
339529190
360151342
971127138
176812282
416836215
353982591
574245456
967191125
299219258
964015386
242134540
843497768
759882046
548077003
893180885
848320731
834202673
764698114
430106403
235193254
247973676
742877943
471252050
676242325
892595217
600813256
966418751
850379426
995030453
478300253
505619794
550310705
488598736
279692737
397985604
387068459
114528136
559268252
195105514
369847048
527454712
546195898
121000573
766276914
582442275
885670534
777332284
247910692
653385675
350896776
815612273
800522079
274381415
774903390
140658067
631645453
945633732
964276686
703302310
443577340
723765335
656684825
693395524
477798884
546346839
859384238
745410263
396381710
530523362
803952626
921312955
675572790
117870019
844858915
870159372
103164529
975329156
796384218
349096827
990936227
400753099
607102865
204166325
110041449
665034878
427862544
491446846
678669941
888082084
420361170
878846420
783579296
324257669
279997177
815230534
758438067
810147705
353213811
941626178
666668501
237570700
926184191
758387404
811090179
506760196
994313192
114781972
701542787
777433090
562850174
570812209
341262517
500777213
746967554
550934615
246599900
697971623
542070637
359127332
236585543
936166012
861109605
917166338
344423780
628028038
337001950
855864195
208218469
203462706
109700935
610661553
257357845
954516297
745756956
667442257
331715580
374756791
297937666
372508756
208440753
762618935
457201817
556287822
738604950
498913517
241371762
483085238
615578474
372037888
118202758
433681978
517918240
458418482
738523264
174175706
516945619
223277260
453980143
821279129
325412353
720419257
123863121
642036051
997571315
564060508
100798121
997964450
700031741
572763040
525596602
628256043
835140929
995683632
169983483
331709930
340441398
677323834
319430747
216982874
943043202
875235516
226437883
214586791
952926279
473139276
737398108
833203570
869778514
427455108
509152947
450946141
614907093
119395932
712180048
931337994
922780123
433718611
113898503
955311634
607799135
648766335
658516675
308662110
358112430
870380521
608308926
883121737
480832802
934509697
295356732
717699037
396476073
841886980
958365009
469361315
594871636
802762713
690964454
902920943
620684580
177219758
634114749
483771330
837832336
919832200
883837435
534833053
973878379
181646028
191587407
848684801
441604878
657098789
330311816
548911293
966698291
378229129
693165527
615203927
594629395
705321520
763589209
873431884
164115802
389014493
353059592
692203417
293154081
560757165
876304742
599860259
545027768
590478938
636552576
594208327
635873737
368871587
831468021
347991370
880344380
793245953
235983452
389479844
894681020
530987956
492450714
578482224
263727937
138301332
596595972
182840382
328879998
382111998
616619435
168869475
666181432
893418506
292684862
434117371
669249948
264109517
588077241
161652641
619240778
880399489
185949654
723287301
234452644
846813111
967786389
867356264
474524837
570921540
655377693
574528477
884242096
577803773
387440993
585655961
500812846
870433574
758371595
523995550
357212532
590982126
796424518
206059669
331588134
787494390
256083715
743687385
934379505
911425113
988747395
848304251
741894160
825459758
854555499
931896392
370390502
469406730
654887584
626395891
113155704
580215115
409052643
789548992
250272051
890148596
448693276
832999309
925646372
388244257
482867328
409735572
474627344
867737092
699273881
730919327
929229106
762765464
105330886
357654065
284231282
932565203
456359546
133881107
847547803
685611681
303699630
563429385
423658571
103332209
452378153
306622879
854389797
803612845
348107741
962087724
107963884
735662579
889352981
261353229
402670190
156344904
294515548
240596449
694257103
255751255
493256194
866748313
876402770
854618259
972950240
912863615
833910208
235127007
634066771
857505357
173866331
633911095
160017259
335138754
876203279
362840786
128835764
761407466
913537868
314441411
860871955
225588441
583118505
402011196
248965631
468811513
558314800
261189495
697279293
715859731
232921156
459047339
363866881
950118199
155613669
964110576
807780120
847094005
555372031
343748019
336710351
909560248
729065097
512004820
452071162
783946737
876603002
994671738
917048710
538636415
687172889
314379742
747428030
920482085
495323395
102690092
511709532
192072761
507330840
864233421
926806035
981452888
506764148
890567701
967382348
748697049
973812709
440985982
816407870
128315716
619382670
299428834
913774842
821657560
686329529
377704442
334344913
458446701
925113629
446019324
779420324
646079949
421959106
598061206
961478857
755025297
920244014
640343723
143299713
108580311
160549396
984126877
202654029
583517052
544651554
567895717
565474020
926238787
155512686
879982881
757128695
314396197
613804688
467498490
110238104
820328373
261344595
449982186
687263452
627199500
135818655
630795260
442836361
715363375
977741347
302177753
813077332
244543403
801500117
248149508
607418281
971947109
714160407
104486737
268519017
577922501
662326971
702334160
897744880
972359098
576949831
312341069
924463475
484977713
177761485
643675143
491525843
237877802
938677002
592344754
574894051
362016622
498814738
325560665
428193414
687547029
116944644
462875013
874313637
747365239
995824181
779609963
353681199
537353570
721053728
605585779
619581596
553720500
410199123
627550673
721135943
471290973
108548628
849619677
204219395
587873249
531354433
966722642
873315824
989262941
938422289
312949710
151208719
476620853
182500360
705228513
381792831
290487274
925834861
209277890
229208773
330253583
626107761
434449410
393648043
571457835
690407799
503158817
810139415
564010250
385071701
265576613
679440014
773314134
307746050
304086805
136413168
736435416
241632895
560353008
264464176
648751344
213320988
351471457
633690473
818225891
250082641
966057468
350496507
978980996
697371214
675866292
703726129
692730188
664151254
712148404
209042474
705227007
800611569
683590639
639136665
712930111
656055484
226916365
626556995
320446922
740372353
995147245
319818039
232896350
797425504
197666035
706737577
850624169
318451808
976755623
656917604
398756992
712526288
123730486
145275464
405218625
546018747
673287369
289706704
350177857
536406741
851696124
446422299
814820482
178526991
692047729
757416488
231237086
357407533
415392382
294943586
503400493
377305246
312297073
652238049
813131649
624374703
218287254
720110227
610371334
868624010
361421403
343410167
699098145
140340549
403295277
739562737
957862009
473985021
229161259
814212674
593308696
444448182
824002787
497998245
431916876
721710742
214496728
187880650
517462623
191704159
134858975
502239582
285411520
489645619
484984757
376654557
455472842
249295318
133247265
149848207
696453431
794360667
359763603
264885666
702311287
522548177
673566418
458283525
321877009
758309588
452105668
998689992
771435510
726158227
851179984
629711424
153747950
418889864
981676464
707672152
373726442
644142576
664508716
122602238
588226832
532354241
786879333
893968874
507935402
869584760
116665860
777469636
340327789
523847654
577321416
273297975
482793164
901793304
557486819
157761391
522929814
233046865
302990149
475936903
633729315
105266568
980840393
110188019
759745638
266273546
803226063
274286223
879547860
428826341
698947176
318873233
916525061
168759980
486995002
652865178
618035082
849693965
647684630
431539648
916228085
325242390
128085249
818470964
931688022
876508139
139002895
422730961
597153771
589906533
824165321
747040664
558404771
848171058
344847957
973441752
987005357
269270061
415413214
242372757
840606245
600244429
853730687
281499343
796541584
702435451
672468143
479784223
479781589
983172138
726821143
611801328
939353034
658598317
433281701
271456542
454544050
132351056
461685585
521282741
908492101
650788903
923080431
331272726
142510092
600221669
706449539
658819210
586497280
631897008
866074974
407070934
241421888
298519413
715047375
838629487
982751351
184043343
193450109
136026971
745703051
471735917
620283457
294087333
605482973
159906852
556735568
207652391
534348248
208548895
524866488
637024644
393425002
950143706
242169481
990352994
950214416
273695008
197646121
828002682
111969294
967002379
803782601
318825651
753998634
645326662
660431661
816743384
875605766
133780188
526275471
363470869
199931816
244136131
234965653
392972259
718093596
716925026
610088665
526604716
277746031
592657724
782008303
932961415
311248857
430733771
960248391
522223350
802079471
102233102
718518863
412105911
965990818
627309817
130941670
223625358
699121876
433880441
804157113
520517370
910027750
244640316
600038128
245011902
286872775
841474802
115579341
372160280
998303341
735605594
868251643
483134915
855065864
531170320
552924254
927737482
162181031
194523272
227791962
213071067
507124518
468592550
225289196
132930365
661552100
990497529
901371240
907054709
477567525
463794328
590374888
274287295
265182498
777742379
805186491
272085194
151005613
388794001
568109745
735393461
202298783
239563014
574829457
894720665
169581709
741215691
349935085
906372333
639850081
881426772
510737659
710049967
234514345
488303339
911793201
488151414
222988897
657191871
632791697
355037977
284409848
331312933
671817639
159468397
733876122
511802993
570678824
915128131
810731392
545164514
899155142
603326265
326668041
771507137
490504226
920553863
752700373
782788644
624130529
676326669
163946031
678045872
412094223
964364705
499935567
550559910
886587116
113934189
251989492
109021511
561113620
984008228
699038891
456509317
473333526
276756102
272328330
830593879
323697116
149245069
562553894
215533310
968458644
681358292
660487174
275093938
901056946
101621009
414777700
719269146
221493687
317744753
868702182
398787476
192550016
673357167
321560895
638307804
846150650
794868174
670412738
990067226
396179403
332701440
547928403
998849098
780727062
899543230
905309863
347866162
855763152
885255130
114905782
378638044
806071690
973027807
343175615
661353753
658706282
803138703
906739856
149176964
800067226
821550769
849463739
173666029
185898024
524229903
229606917
908539034
548744810
844415560
483021899
383793930
388548408
889630644
990394275
836583831
620472400
814829697
411531221
766643015
648966552
825622858
502179462
181183239
987783196
171673549
114053772
514030876
352311479
440413387
541259953
368599274
308223582
272322464
822191841
260836053
174177236
853160329
336035345
245725775
452158212
933329388
945118347
939019235
630401395
615608139
841161077
345588653
629498307
311494782
481616548
540696407
796464130
829362253
285330348
712391419
533986602
945592589
287891533
559907090
530241209
944596442
824101330
366668656
105640744
417715832
931378671
233348634
541071403
647019521
445578147
682540500
173765304
575723392
445711919
304330413
801888958
720702225
559952215
379794726
405866081
389629359
956187800
711974593
190163826
715382276
573587979
916033976
115005746
497831164
247932537
151585920
314819270
825003761
178550818
225611518
929658417
986728141
877020095
264113478
768614832
542403486
648824753
719088279
348129520
266297077
511752077
359682841
405191233
145362019
446267691
266355985
813758269
470637217
262021905
317128954
784417967
500839310
446784677
911011791
680599307
507957397
351799682
835213303
337112679
335151536
301847869
534309586
285657931
141672110
247817949
258715896
781880877
542845650
133365601
251256111
830155773
517118064
363468896
963346400
145922706
720452800
197861973
306223614
375684286
495154550
124159024
323800919
986421030
553430182
262910692
571065935
376984758
451132095
521147818
235477827
411987103
564689559
508231764
311506365
753795978
817418178
138234836
389087846
600840868
168266302
598786317
535063018
385603917
259824164
273031119
642384840
165441815
346974888
945407537
433492567
481764132
918871803
398269661
226051741
197360515
675173641
517401168
225224042
837888403
896937314
473845441
340001254
378183963
353580012
281198850
748005164
921895053
673324783
968992215
262378035
646760254
688944327
446157476
574997549
828772807
528920939
971624710
137559387
359702925
837994225
823985146
565604909
746150621
423489144
810409163
421826674
666024321
557461379
460074776
439588911
117397679
972931679
259163059
874051914
101629503
736851732
995320566
501425432
666626252
283788554
537947000
136740292
323713384
977563646
661716705
335205054
209306934
351168080
143717237
797106995
154099367
784765696
385927394
864609429
324709167
903652821
586753587
630406174
570606662
961410806
282511455
526167412
807682725
415483044
564730370
513205342
776005967
343089319
685815176
412753594
666539710
906188739
615124890
407449148
318287730
780487319
232280701
773349693
675662371
286782803
622054960
495907328
588391731
128705815
606774484
470683837
189312180
333661312
628123152
906100077
374065439
114236848
102336429
376237155
868345135
916324094
793313166
300200169
203056151
265565818
948252586
381897957
851931064
750168467
608310270
531395161
889000740
368607388
725625259
257018678
508953247
929421656
749942118
804527275
603021282
240912663
696992340
238716313
480283145
190514249
646342607
649104188
268505597
991446015
721834272
887385562
713621542
572350912
489248287
496367097
130387483
454564310
678610419
171892103
616540767
911598299
719978704
584433279
915652402
205440092
148728166
390252209
837219290
390335242
691572708
866380333
871667634
540771699
872775108
519993280
941548507
407164363
280378438
701374424
929660998
431768338
691831667
782172794
556513238
857182361
409581108
938348663
986166326
536625910
685482618
276066250
938223335
766782857
215614691
890335898
284108204
680474700
511882665
326800923
180681957
246255925
686595387
442539691
730265039
167622489
649478976
142183406
611823048
333987661
664464637
670657915
548491667
648893413
346697853
605057283
632066538
736281713
194215569
871629641
842761435
827569101
768858644
808776059
871121830
186539530
488362497
810007272
482537891
632821427
184443467
465366745
627585021
952168051
933073580
147684213
632831437
747315762
274344378
890388033
365146268
351735333
275177804
103356549
610083889
907279493
234933597
381753469
725060875
454465665
566818910
183329205
894389911
643846634
211970517
755594792
927013811
754552613
648257142
348902249
703795450
841288181
975679403
900590752
921525621
989216229
309431727
583465137
554638706
979163824
412165037
180590922
848372290
603604300
414658157
463262464
542577905
595029615
768623781
825493191
918286530
151241483
688140769
292476546
438444086
583869237
524744397
914534550
955318011
840768697
298744080
603249957
938089535
950208746
354082182
498052922
438513141
633234137
371492164
449248784
469700307
615153220
780574798
503200450
956583389
824159789
211171292
719389125
212402710
162852371
202328443
545581586
665116526
917529913
824423190
652503030
590414182
848149251
761627128
238187598
787573263
225498561
636215733
994746523
392571927
906307447
942971112
215966968
832226647
211138198
128638792
294741126
371633064
839274811
966033875
256919050
719706395
575665919
340673075
454450632
799785829
516039481
180179259
441423127
522896162
662707944
934218697
885288313
517498609
251062611
667008461
380283196
657987325
865500211
153481010
809661586
663538051
304139181
641741978
178794462
127534918
705579041
833511343
329455679
636380302
438603114
979493058
949187617
471414160
172986923
274983647
394262088
689528904
470371668
959966262
239882203
164263944
922067594
430736735
946899583
811099313
875909113
680084378
710582791
519968520
123353499
651593988
708075205
783519409
188974408
624038040
503401704
297063170
710778355
885646418
893521417
382389542
944051337
468653312
708176056
438664613
606056361
132482978
409037239
897980881
645906993
645378986
297726544
311364240
138929472
839485319
355009616
871674295
968452198
260073641
992080113
846749252
526842990
639871675
589243786
789783279
800434705
827438929
304140281
604532313
511726647
667694577
140892594
852582335
877380364
198445974
592011873
395768308
645583074
311853830
933429103
525756313
503216010
153147675
136197721
724505639
777232367
811702218
193728295
278431263
287352476
155552378
249096107
781390699
647066293
805224204
763243047
368735509
536126205
361923436
131151618
564185351
505084945
785296526
406603289
226081224
911264942
275253603
601310803
200096728
249840585
593691929
193265520
222338386
640648694
538065198
598637641
150543020
539851490
820425407
436231446
888315395
387619283
471996431
560004551
264827900
323869491
442376692
746577236
142532099
648591874
326862832
606169326
291023420
173586624
296654703
816292746
873581194
988426645
958884416
619519774
333979698
942006589
933266831
315829821
295553072
333937135
673622870
588790698
857434498
117785291
407393777
112022174
337996956
240254871
123240707
723603562
521153228
967949592
359472969
307562771
404756204
509170990
825913563
827537802
327948892
481420710
940789721
156055627
973349802
501531847
743451943
782176277
607550463
460228948
129285108
823804187
341022700
995343936
320846688
324016606
473464066
768335693
384745478
924183394
514848878
184517955
189504103
107502807
573284892
835223503
250192213
885882821
555464159
289691945
692923706
795108765
586191867
702740373
408714231
663520439
502877830
446768608
335828956
295008726
830984313
658062559
181750611
701491897
654160930
368202332
703739247
894209646
824542575
401416054
320406762
604527358
504481405
948271033
814787456
634421904
977106067
909360085
853587051
290986035
670308747
421485466
780484293
863495182
492318760
798679967
838708587
647327860
349882435
276537512
278670734
737879749
562294753
943197501
153691358
535432003
315795113
344196606
300118127
183592395
460981835
390985186
616292073
345384797
823847555
818855213
377754171
331763947
788777657
214027105
613879478
807763983
103883321
566797815
507873580
976158570
394129097
570250327
175785419
209340118
969485055
608009673
239038403
526423582
108220351
560580206
500935320
255441697
932977510
137349587
240833993
332065955
552694410
229101226
869829984
633999749
261654969
500203767
655647679
902072306
116893061
982306602
668510821
587827464
430383858
621113907
131127390
853075468
431952455
323793540
732489220
783575135
956660009
676498322
462367793
608306054
634918307
212241663
935770431
421257334
566354313
269801357
225264062
839416268
906774622
816434919
321490252
766595369
826917268
575294407
481635780
462590778
179004015
935162480
713408553
851260761
957571091
363829216
280770388
875822805
605977556
737048832
702285809
914055623
831935812
748394800
979882994
405234964
298146445
628493048
792576670
764343225
379493628
619778714
633254994
851052153
830699187
338551307
575882589
216997996
682102371
890665579
940765392
469474594
581135893
562550598
764596912
331792174
844373792
872935279
745150235
395282817
444921646
894194087
275076298
730075389
454486888
736656618
572449903
192207423
129726539
404744060
283118061
782398030
302471660
167166230
808001092
584958242
197661221
378768454
190852711
541774119
320310667
140813204
372416282
978489157
830219723
563276633
471955316
591424067
954375724
417365927
185485730
272897055
523322218
817346923
481261745
787316669
663260383
239920560
573665316
275835523
845087309
436649323
524037038
953098570
690451586
738869314
971208597
309925122
858702819
893932635
317779654
969414201
886604229
119318281
959606494
682161185
197931433
123955090
452015674
896252467
502119945
701925234
391066198
288389344
616055090
410991546
619483378
920200351
374528111
668785320
586200870
402442659
418737314
893151862
643414506
801465313
860617248
686547892
881100593
206694822
688173045
494745652
537230862
356812171
716212338
961653068
825321450
861748223
643384784
442643061
685376233
523972437
147284427
191388446
920168280
393556566
146831626
346960292
795561648
340131451
825293737
116894121
206254779
948169811
486902006
785951373
662842441
701447380
474974785
452791034
244975509
438132587
163656559
480060315
249601738
839770308
333483584
678076550
867500059
796179931
487662850
636741690
511483874
100100272
992623351
568821514
179885500
330782323
474310221
911626709
893121478
459296140
319283883
853456722
226915170
187555213
872372550
888383970
213890116
399846148
187090325
788829561
638200323
906909887
720490250
638824971
972136875
558394551
380188475
120943391
271774367
446080109
443151828
231436725
425678847
951932180
789516990
791830949
111088068
583548693
954913360
317780340
569189071
776036094
237123409
295115101
614271168
937909737
201991016
413333817
483638652
728681558
320785053
966635878
702663525
661997615
408214584
155588827
699040241
306753298
366325979
372199508
456343552
353567352
334693988
972362086
616366522
643168404
682558864
330024135
700668849
256207477
312346894
856732328
212269256
958632193
546135099
365144408
806819695
503121650
N: 1000257783
