P: 324301864
68791751
24153147
49126157
37255787
43486395
20453842
58372395
84952381
56282778
15253989
66660978
99169622
28676443
27712222
18656543
46300470
40652509
72058508
83565898
39505022
54771066
61399477
53086072
25322566
64805291
53980310
88498819
16573984
29815415
25397067
26313815
95783176
20339810
54288862
13750688
86564808
23532913
70278450
23944155
27875435
69358846
39069814
36267848
38200412
54619030
73842388
62834509
17249741
82910748
55255622
87765426
94663977
39143190
87665740
28115399
79282196
88914579
79370345
68727754
44452429
59115821
63009659
47880550
65586508
13632646
35442316
94636955
18688149
10189850
33055557
44862378
76324518
72072051
88113833
81217151
93873871
55340552
18664003
68124605
59085103
40633331
97850397
99315279
72699154
29343531
65088989
36890682
14011453
41354658
92861320
31644541
92522446
46017902
61362486
23765686
78393812
51562691
96595500
30692258
37652562
66338061
55681418
52656434
97808503
96935259
30841204
87646429
26856229
89317618
13011712
23290585
94434267
49742390
93220509
31804630
45928974
59057631
43004819
38366532
87722742
10547130
39299940
59751138
65925376
43396537
50569206
86712330
62901011
48463021
16095840
43275152
27880197
85325570
14478935
25162678
77584294
37957481
62046311
93143650
36009647
81142089
95229793
55530845
56045516
79064793
65672637
50745775
89776209
11803879
25401945
62368765
17078693
11715219
33647004
47157613
72049524
59869876
49432699
59990709
97596842
83492228
69311705
25372475
48590697
10875130
76283492
39783952
69322419
23782108
38865759
41225745
56228336
24298769
29228510
59433344
95267910
58809016
70431152
53774168
84139416
40616819
90645391
48933663
76289108
89323263
45189281
17055161
95844347
60628906
30836921
14931486
38522615
90582392
17101091
16638400
73379303
55596845
66885093
87259716
62338659
33675910
78955045
36237799
83947229
49192228
33254447
87569956
46558394
80892249
58456860
41733357
90543937
35219044
72592618
38204310
20393149
31366148
40296313
86863823
98988161
62298757
20329498
87338609
13975824
96102692
81691238
83153930
86110638
16601793
90344105
34191674
63493675
75359163
79155571
56502034
43393675
31366105
56349254
38844085
67308459
57554975
15236247
75941079
32089954
82777572
79613326
86055244
87634134
37879178
32543572
71222601
60183891
27795575
87310104
90483465
35539848
28794388
58192333
33297419
94061723
82634089
16235900
49272001
19901525
12492988
73510416
16787148
25141638
39624932
81886544
39261916
66387332
73334045
78164589
36017437
72253438
48236887
12897144
84526436
53073550
70822241
89094502
40592989
12761809
76204924
26275775
16029704
12707280
48273359
89040646
31288051
88730942
30050659
87444369
64308127
91934803
92764508
39306132
54024229
85967688
59297289
68868972
86648866
79919065
72237650
29769315
54621521
10737458
12423340
77035473
54819770
73697731
55221433
57959639
35192148
97338180
23604042
17936690
25419256
28814669
75150933
73568714
66089403
12777536
13264489
14418690
63743199
93183277
56596915
22555027
34804788
81828084
92503927
68489609
86721570
52650003
88295115
66952273
66027485
85047103
48177530
28990366
79432335
75693380
19612950
78364444
71215087
25720284
10883938
42328177
49533704
98346415
99417799
35754992
83975784
32086555
47673990
59419562
19330481
53027060
47441553
16653064
74553930
70186602
77467032
92539743
25506147
84341355
38009051
51283214
49918103
12232833
24980390
48568169
98500975
71528384
85036936
89458814
96692808
68795976
46172325
56336137
40170240
49298063
86658773
15100572
46495235
23386687
97652799
17065603
19595263
95055605
30449000
33266197
98431437
23433224
22754712
62130206
59916880
10782280
54487300
31102352
29953390
53595881
54615845
60756095
83604176
64958408
84743552
99762101
72156643
89935761
91189264
86135368
23976179
83190606
90567966
56332691
66556046
58170210
77364073
89937414
48009130
49520249
77840870
81246526
43840727
23948294
98064858
83765600
61719698
77609343
98994999
83082535
79112169
25632801
93385472
32963790
68855556
27982888
72347233
87859453
28300780
66529723
36118275
21347513
99991014
84975839
25751580
98764271
55964445
64911070
50616902
18373074
10523048
97070833
17636062
13372115
68953167
11475978
80230401
24903985
66156279
36952962
91273076
64205815
97132047
33633136
91204001
96165288
12064672
93088893
98031219
11509952
68301887
25461022
54853773
67097751
35158603
98373693
31575084
63659830
75895252
69161565
59239077
56231447
50446086
68093319
95646520
13658723
97399970
33346061
68668769
33571951
34345813
42972239
70614532
84837386
99291362
78364660
78538769
85311315
69461851
66901097
70504938
80420365
28823723
44663102
31197679
50732812
23502209
97591898
80031432
25428834
44049807
76612403
95693278
20273071
95269141
18570035
24774625
37447170
74938919
79729542
47124119
23480757
78958364
14424973
94931992
70355386
84126894
52697214
15216579
64234273
83757194
55949083
30513488
84875905
42453458
14579302
91667572
34080244
62777471
36059479
79604312
49727771
91312228
72570452
45358033
81747134
38567945
47551144
26219861
40074421
88272230
69123016
59633686
21065975
95452238
58209048
62949751
62779271
24889001
92317805
81377573
57299455
79071280
41941911
26538144
71548329
27622769
16622722
41206955
14044148
56797022
82624163
58688255
54471947
67844656
44481175
20688603
32424355
27306606
36617897
31855440
57330749
40142450
96832209
86646059
14783930
16809135
50984054
98019162
56164770
45025182
73329576
12774236
93049294
88693478
42940238
44030541
75894472
46474227
66188178
43090791
83274528
18456319
61971126
13226622
22009161
23191101
11939059
24960005
85346111
11266052
86513822
65365660
93182080
81507421
39953880
87649701
99710619
19522332
95650233
89103473
50625676
99665833
45319992
43150660
17642536
81360413
75916072
75339766
71285627
53155169
36430823
38303479
61197455
71158618
20794226
68030059
75817522
70618975
87091467
61135564
72417247
70995460
61955114
45985362
19642327
85436168
32362067
69331922
81253466
94752968
67272794
51466269
47047320
28019035
53056642
58539607
77853406
62464551
75175141
46814098
50545026
84443559
65609346
72850744
78672923
51808784
65074856
31657133
94658470
28000158
30551920
91977808
84512668
93889126
45067125
70797747
91695917
32599647
22933325
38093264
62722689
70725466
12253579
48737629
76933561
39950577
13528422
22218404
97725082
46878374
55694812
38510432
94266670
95141510
41739378
29604252
28907072
99682200
87205317
61828038
92681809
26308854
54496929
15031913
53839700
57466602
47449473
28013594
96985393
52214116
66840291
16236711
23180003
36676368
93995986
43914883
49664967
50817778
57002811
16072078
50857417
23210543
67767629
29515128
42898715
87986214
60874688
19121396
90374526
22051719
36408083
81876631
94036761
74783497
58914966
36558040
24881839
55088723
57188842
34500766
66141075
25862619
95501749
64334956
54937660
94660452
73419522
98010151
59229951
11399297
20854673
95005920
22814901
49650408
57662473
51091543
66086246
47276618
81782909
24947629
43606066
32054343
32147457
50980621
54413914
76531596
42218697
76847998
38146868
17806296
85641120
32943237
11372687
26122104
45213881
89419657
23396011
22689111
43082655
92524618
20319877
68047975
99633349
64779485
73905213
45476162
22408753
78953997
31553244
17234649
70068450
26355934
43098558
56947477
61738782
20668918
19998585
79602335
16296587
89720511
62262344
62942572
93184830
21266512
20303802
50704315
51551269
57125175
19208958
36061768
98343147
37820550
22791690
70426726
89902415
89670396
61078107
77369541
80127734
71890699
99473818
86171986
96782898
68026869
96037633
51902403
95912972
47188923
82378683
94428667
10501472
10385220
44728477
45901624
57885458
25061370
55170030
97986384
49409171
70976559
88993178
49318597
50599265
50748057
61783338
56624803
76550404
88523069
57113726
19968354
93561690
49332024
84790073
69332563
60057198
81235758
17645543
66091796
78347534
60137994
57906944
54586538
65947370
62783566
47221852
97950989
95714620
73055359
87519554
65781624
20978165
14224054
67721693
44513823
65406399
62148473
71917751
27165842
77020522
35305584
50193651
97059181
81019663
52422831
80850307
77240045
99465951
11202781
41354954
36776159
58765187
22852868
30568541
74754901
95316072
81954962
26677792
17958710
48829526
21792808
36349140
79067114
90102137
40484746
42165968
15178715
63496785
74453539
50026811
65680511
12530068
97606535
11123439
91232567
93963548
30348964
23331638
95047503
79317777
90300288
19147721
18157915
28536457
51723747
13529109
91637652
15174880
50985472
22121043
41515676
65448162
12527225
43203988
24333635
11862407
11384211
28630684
34125260
88547853
62078679
60577265
17136473
65429470
72385087
49248384
96848767
48314812
37373251
53455586
31842257
85918879
97272367
39279039
84494682
46423493
18259819
13516660
28159425
33424634
70417477
71363665
45391669
23769830
77767867
88918415
86112280
70489528
76322989
33459760
72678362
10925025
17238090
44869754
88289644
51388804
75644383
68714749
81579257
75065822
27919644
92774637
21411231
10893630
20135432
94151943
44208397
74314388
34235844
88682040
27952560
57389057
49718254
90348988
65654529
98149840
61832412
92208635
91880030
26418456
41057909
46375894
78923167
22425363
10219350
15193075
26663425
31677316
62569508
12307353
49353560
32486683
11867679
17302276
27945863
84911670
96598536
56627558
95849481
33737895
90327901
33415026
96568610
93282620
85814228
81933066
85585848
34883519
60799689
54735702
47825297
81464428
30785276
85687597
37439966
22887915
70195087
12643151
26072800
95308240
98309882
44988484
79482354
74492958
49349714
77607492
95512864
16601665
21937099
24363552
62714006
51919495
91991329
43062437
32696027
96018407
58797478
19060777
71764071
32509912
97164789
30005967
92894984
25733679
52818298
11173818
14755528
10169468
N: 1059459335
