P: 1060504900
495432371
262925695
279652607
398016931
239251186
124898342
393866064
499369781
634164775
636988548
983247708
512162538
535899650
833128502
574775569
830428494
141465257
487689497
637686087
607929962
567856293
571273265
138159701
538862058
822033100
879358518
610740338
286954855
251954875
809547634
430383339
606358052
233015454
808920376
536245351
529636617
718383471
357406970
394741926
180564089
325487317
552148336
109615270
972880354
839946389
379370037
182778841
317188623
875124798
121176311
184539755
210700171
311836673
691844277
761445024
895870981
490863230
772251103
221168445
348482974
202053459
497955067
745595745
463212922
229478407
838629437
515476471
592397014
363909433
773216816
367410884
868588764
784994075
967141231
682507290
676371902
256722585
657195089
100347620
992297653
649739598
725266056
991251668
142942268
518790802
498604354
135496122
240145495
777309141
690553013
576548214
600796866
283768306
837022099
621077343
748741467
454883312
542547885
619117556
195952494
500067168
677003746
564072118
897371385
567196356
510950117
125902630
799992232
674266866
848204918
193674195
600105982
386078786
219611154
324053153
705679435
173593333
605364573
794485085
240797072
521439669
453671099
478428811
415710962
853264325
902208216
902581917
766383153
248702480
356124438
535391727
902375019
686432049
111607251
520051311
369261128
479335757
549256422
817368912
333356075
719730349
454813912
148486537
467692584
584940435
271328024
316123293
767483646
149165977
649579494
651483477
907871622
182577088
285070583
432009121
460780762
992710417
302998868
846918332
882004000
663132199
774147579
645157802
345151185
568677596
207313488
971038453
226604625
232137474
940920289
727966942
805649091
530835997
163718083
916497211
181183433
149946826
474698323
468796007
850593145
373634513
903155464
342265537
197162397
464474687
705989123
658079777
852946657
308066944
830758058
374542160
900881115
814869346
178802837
299991060
562340207
317407794
868168720
456235149
872428394
630428850
965147429
347565087
833341914
392079848
285368391
457500048
911612759
646953796
889035140
403850426
739325813
763168793
269062969
888457196
252938551
693761821
544617249
658292822
624571478
304151089
168496160
595934722
894594241
617171953
842657718
744819247
697646493
700476839
209279677
138397141
677143570
878782588
527665875
413449477
893246308
125796914
309003940
314161318
765624983
650643008
936667834
838124673
511703425
111715814
840391162
281107053
439888010
889678271
993600541
705359052
604531987
722448156
909086564
275342636
153082635
603549520
412520038
580859561
153814432
384802101
557613071
485592031
783236157
646668763
549441502
732373870
513735141
838695248
174914347
603891958
626809293
965933792
989107564
103201000
943309970
720559662
448005382
553324111
474413422
683442187
716233335
187758907
753331982
567133249
727887810
376303462
983040377
236852441
262689011
857235356
921299666
827987475
498485003
739372442
280110679
588718836
796413004
124046851
673092647
358748279
741284329
811295227
923774229
890864300
688713961
323052736
684956303
821706851
648316257
680638291
616734261
756949756
925803344
745922405
387583725
583185445
779833083
140501985
643632564
604005928
559168486
908029827
113182845
873909507
798377699
582241825
772851794
897847530
721143942
655722940
255139915
506044423
653803133
367050706
538193929
261036564
144839511
707232852
331497793
684011371
744992910
170236262
586278684
348383770
580936945
561113808
296375455
961368943
269791959
832870884
858811327
627304938
221257768
440806563
464812324
185545930
639585338
752134075
545188757
687188686
789354692
455091965
317406723
537127212
231199798
704072893
453354786
263814039
845313796
107141276
701256750
248578271
267431235
735164668
718175595
104810048
552721219
701638364
507051670
176334798
362239008
784796175
710750458
521878704
207940255
383534522
178282957
191783503
502766722
628499336
959801676
847677271
679120298
310765280
446404051
852553315
718554505
194293906
344044413
194361659
780823158
974718398
617913202
815649332
363732635
336295219
390919557
395566145
302672673
896915778
540918341
621574625
353839189
285096372
371139453
287385103
668231270
325702975
489119223
735319978
412259099
582445243
855104004
711572881
442498417
609824770
307192787
553837977
341124149
171001002
383844605
696072591
810740800
404562298
300665200
258801889
769836485
492394855
412722474
690910620
862418533
719555169
117516221
174909173
145397318
634514883
929218677
398864037
725478063
885059725
186053244
133032713
854247178
703792039
118002565
437249447
404466351
720196334
483757308
131336771
754140401
211125280
540746293
490126506
420601535
685014482
394439788
332570843
585584519
251623069
606780401
859525352
235372212
382928295
302314761
335051063
374404217
413754124
759843749
185078166
122605847
504448788
242105969
898239272
637953173
228118911
906422418
944202570
346137667
761622233
505285513
301338835
158052396
531837057
567057795
178392500
778439439
656636944
619174665
147758386
768896996
647974186
414052659
458851491
170641426
300697283
505555328
358692970
569045676
709935775
963746122
209650964
530353332
520932690
779684597
445856539
187131120
837156136
155194545
363910405
984818177
853825876
615223671
377394496
119965214
564539149
364689943
234138281
629918966
978947763
326890436
304657719
857401322
267675264
288232347
388633656
563607551
605395004
463359468
750188436
628799557
871779787
931167729
303137826
411170126
818827889
500404867
641011074
588643905
675833031
660387605
134725991
744604218
214416829
507722738
709585034
374690488
122264813
458873613
384858963
847234112
323898211
150808090
682020245
193171489
100486721
316105663
999497722
604507487
915203326
228736947
907653745
124617267
954560241
215535399
546888383
574453804
463315256
177781985
733336377
756585389
994425213
957379327
817894810
583906148
426754808
959127149
902725713
120993060
923463176
975301859
306610433
191727078
926438759
530335649
739400003
696550669
422183028
846716749
175473953
967294348
292898713
344470709
754418884
158365010
848994365
271557842
887592062
345144620
177616635
342881629
973650544
514328905
842539917
583928904
991561376
510947068
624000614
938709008
486299110
926728859
203489772
251212616
652847641
464505170
922494494
448541473
741647467
865652649
651288333
896594331
401367521
746195887
487778630
288196186
887651068
861552216
214340887
994212569
853575704
243391363
178984769
328211841
872584443
769725204
652972018
478213652
315780115
936511393
451079099
751672091
583155016
870882911
912360364
721588611
898381641
607977160
361357728
485588466
163533830
587874634
442648185
613591311
142118880
683133506
254753294
447726704
595163339
546090636
261703234
496664269
684957030
828534561
343068013
113189170
584480895
193932063
707188993
532824617
560021194
134096715
895755534
174295233
169308054
783307896
829542224
272733253
339490821
848031881
721992656
560817467
231126731
894705702
229507162
978008965
211912437
724885244
804584081
690927431
578558266
137337783
459455205
516837783
902918108
813436263
916157303
669434655
720593771
698732959
200809886
471049769
215389089
952216126
349221532
727194712
276027467
816243791
287306891
598705973
996915695
933170051
445062886
208455013
197776272
311934370
690641930
574734109
384319351
130417861
585384750
456687544
640986707
830018898
593465189
415278979
443216944
899746457
624791890
366227918
443670185
333558857
516503105
822517636
965140150
122925250
621092758
862579823
187316945
891696510
683081830
591594180
980873932
268245650
889182282
369999205
490701413
837701012
713041936
343579426
746421150
146336090
404726083
150730596
112688983
225800596
884089193
756594988
908744433
603719382
182165906
959421926
566763298
130564078
936082840
231409782
976690620
158377528
537405980
206767324
754969162
975007262
810770670
565249344
946157167
481041353
110544279
443180327
512725995
208685769
341680124
980585599
961412915
524250012
574602527
338389677
533633285
975460894
467775369
258059347
600716578
622934067
359024651
505330956
373114371
227494278
617701372
894031573
885875410
364648473
633654114
169980976
821056105
824003457
634828619
879255701
406116116
925634521
384474114
692613306
238796000
556118660
695134804
800450724
364773461
922142368
583410376
763679433
781763516
933062796
269097786
994090062
379140201
425666696
493134953
468084369
215806760
556500020
164771644
736788695
215539022
182620767
781502090
156457861
452475722
398031627
668149496
234870028
201987772
492131514
650882391
328146734
388063690
636024660
905490967
928437219
187449368
323901709
971708386
112903419
318165958
147842731
441532214
401738351
201505214
393522743
715932634
780757934
845834102
572049217
560036066
641902163
262773756
895587080
846272666
820473393
201338480
293890374
330015922
628280544
272081867
943124855
586660558
692994032
968102262
362842049
511849748
143214960
925344279
365092197
971417064
578856924
400507196
752442300
944731734
820537985
113939157
885122035
365296756
500230968
999513729
679328283
363771693
520210285
550570840
491321051
175014732
878634509
838461406
920746162
204212585
588738068
705251649
930534538
148756268
576606791
368996333
564020738
582670783
641938925
376286405
641109714
485597954
286535209
448486390
464249072
692727238
939255198
511689142
298652336
301554442
297491913
416123174
320784196
686899846
556166788
531050817
414287323
668234057
137286098
792940576
126446320
902363158
106772045
400561067
632008598
771279317
473525082
961133861
331980693
169307102
366510752
173182343
477243549
582363749
712244115
943593717
876971544
189045847
430652350
146721977
574604362
709900122
142941023
750049075
774237028
518193945
767839176
144226273
446814935
360202248
903955375
201097032
684430299
330283535
295512435
866485225
233905953
999131224
122912901
953100746
985135976
151485459
102655065
854300184
324162928
712833852
255211734
702050502
747730019
728956473
333680724
585490340
945689312
292037594
594104726
213794608
737494362
860512297
817258514
477203767
684228306
629744521
111432431
893357669
996599284
849924793
707841578
216459532
387786551
722592043
592604124
315182536
628674234
842538693
647337474
111609268
673757787
207713457
727300635
318501625
951155543
651125736
638881752
470848366
640801650
103893940
661567129
376282775
196913734
824535361
359284833
491499128
804495088
730355640
482492778
771783376
208996172
140041279
863435390
881935989
422850524
609845505
768259083
562890980
121603376
560651560
929201287
150926907
926932356
598908308
128741515
182991581
861500481
274210467
924720712
858016909
965285953
949210406
391723473
399516600
691812365
345693562
886700155
873732422
848192472
636379744
743226616
908172523
600288828
131567634
327983917
934171152
200036115
915904407
839803560
372659822
774262665
497319927
281935780
626030667
391579849
965767557
615473789
666771267
328467549
521924430
726531240
342774088
856409914
731842096
118178735
530101700
521481820
891052812
140241863
932347800
560272263
243933365
804392708
545699416
445908468
720291321
841703358
406637148
386361779
183377958
984010137
668349769
615693489
814545421
281514291
449315177
544713584
680020754
889219778
204709298
654036348
382054995
209761903
471551842
303660529
745724107
459712417
742238854
194888203
712760915
512047488
656518353
606995503
211894603
874187237
370937481
335451539
930863805
140627086
892736762
921065422
651784604
969336367
436684730
362876691
915760841
571441059
874801492
373030147
538696595
707238871
803386912
935695798
513512845
397370988
141719454
714879615
693337153
109694986
907476065
893910613
825731928
715298069
943593484
437873706
282505127
285653034
572499230
173666883
181867301
536033171
251770066
797540451
842798363
701373580
500814518
671998205
645759375
510249073
364201005
465991946
154410835
619377722
627210334
966874699
565754372
962311306
915631760
169587434
807428858
352813689
590290183
237454959
818799066
545410630
459414148
751229964
351036692
596038060
848198835
650019565
711544773
211283111
803150298
130745021
985287054
150216217
500132841
150001955
245251008
703517320
429126131
705597121
134711627
406756384
350161095
805748494
146682821
839470060
312104956
587263666
861543484
530616480
428174766
617689541
319865246
448790422
256511102
980657812
711717458
595263058
525199337
661381681
467596432
108963376
702775679
716087365
677019344
747342961
416895740
575543636
196620059
979701952
959316647
971228831
355383904
359780003
951960893
207035530
859761816
890733873
899188391
371454632
647580565
611874823
607801031
895803072
796611899
203612100
802572780
911828499
327860060
736541881
837345301
763220421
542442891
956957524
948416744
897875743
253293091
474821832
776773435
637283300
413895015
375787803
713362955
123720827
470729275
702419013
784507663
751002519
862248116
712926671
355309082
953559747
757631638
470254841
901989715
661482191
689029387
772333751
797988055
716587459
149762097
206467729
882741801
413675593
958976322
182270762
946381788
464973701
536371691
566079733
836727059
979053240
353322892
837083463
425275044
218252062
771952298
283536655
558179841
426165985
331584944
764852358
576118402
317620759
323196629
275848005
479761817
750940660
444992917
521582579
874205019
350084154
937497414
955047679
880034276
692193290
662341445
597093606
880733038
295303878
221337927
823003148
416247007
901593632
240959299
728607772
249669265
785003060
761345758
156981726
818161129
512722096
809594611
419012293
584816632
911474393
428294517
663241093
673680415
207227700
523365288
728030739
617049294
940267224
566030201
515725177
580297506
408559903
537546332
453952147
201216313
510964138
484259615
565532023
582430345
207631382
970612504
967492126
665160950
780909989
508553427
153498686
749927622
343016134
591009921
835780870
409633382
912879891
432957922
730156420
701358719
582207545
463246796
363833993
818016009
469982941
641159846
998139779
240643461
627488881
133344291
421294911
269311215
781341697
978721548
807566044
997259530
467858582
546804855
563482289
661002530
142440869
206125358
593978755
916825191
476438938
433915900
976218451
669087033
371674590
228112980
394121555
261382439
369811231
218276480
424816108
680763608
169114236
495933627
738418438
364623792
511329587
603877688
980833055
442606914
459753830
735190594
935979539
609274046
127091937
471926522
150102872
740215168
876844064
545050731
893196641
724344161
523285590
431932338
938865267
195067697
886283108
123905309
153195769
253850852
230138526
815541180
102545396
542378736
450520502
115568605
869898582
864061055
743400181
127401541
972528498
732421216
613129266
800153938
840584443
604580354
647666663
287909827
616791131
852267586
430580350
645050224
899156626
739086005
486725423
234083179
826031913
668154009
815556582
858955078
170240528
262856603
433384772
673576784
519394943
608393685
262406244
529722011
411299545
392748524
185435679
480456163
787180370
618623941
984841165
792079981
864413876
596861971
166364639
697663011
622497944
422337448
505920675
874707515
828048820
360208070
942064856
183621531
404258921
192201430
183972573
552476948
383147225
188882317
759820670
865096012
716401186
382719759
793901430
813314274
164407399
246003079
397625639
350971130
891710991
522812183
180084044
674238121
739287942
916441024
851667013
768603133
588462854
880103459
291612078
124928414
997081208
902687583
757290128
683986727
622757806
715892941
416387909
724123831
877481407
789604157
544540124
711623921
258916588
484029069
173237388
552541637
309540938
931839590
197194484
151899215
160018358
877941209
560713805
728421957
102906056
854665739
980999732
874860996
958295736
487252209
928798337
836705755
792811692
526463127
781676694
433511460
517593050
669205425
151420921
653695195
373285719
737231556
981786082
297021663
957726394
686536354
671139303
592564268
404141395
256235722
482339255
398231915
216052458
738614637
725367688
372310539
566605466
325286097
232336521
484924645
853412296
868636444
217326174
986520407
297945643
180354640
708531353
770442251
930395545
298623594
834452518
864193440
899754559
702288993
473515420
501252405
778478244
369406208
263759644
362092625
428037467
330591946
507743834
651970550
937811165
546987542
621600815
796124913
177311459
285059945
318562923
649936228
689053374
244172024
312063619
382974419
256825109
316611722
112653090
427127655
714476959
170781523
196585503
607164487
802507569
572640977
195082379
568898838
695249427
673362884
207859801
567409962
475371739
232497907
449092881
720885088
733294176
711402544
250147982
699780943
297282320
464998008
283705193
155165893
709945836
849140605
623408890
777604265
999342128
261388474
778698877
531332270
399560662
294407543
430026419
324164046
712913860
643077118
452231037
396103709
284508681
384205906
864507380
875146004
148771240
721241178
470587151
156800067
157970625
773049218
273266762
626578211
932059809
800628066
579945498
334786508
527305123
629865606
269219794
888401164
546527683
274132406
505532499
696659430
831483416
426340505
638839922
691996946
446583288
191554292
417434517
685044160
967389734
102379728
418511591
511025900
714926519
585985803
717453904
785783578
786999502
114452194
852615151
316474313
735010307
916635452
246144774
951559509
792676879
246825418
596502102
629662608
393002543
503438977
195687303
448894129
920993580
750200018
610384592
391897630
643935208
524662021
941582452
922468578
172937321
691958658
889684275
796367139
451893270
701117580
807589355
864285038
896700181
783906762
819345443
895195362
331379973
991857382
272575802
167569837
419960463
263225656
186328515
872634949
576213747
353961824
232096019
333981477
865462558
704076199
480993621
424683997
610786405
423738939
903008232
722684033
652936332
575628286
419850316
333853328
533779119
426101352
987838420
863337213
114200096
666780011
601998298
119632541
517084739
231798880
788582106
744964707
705995534
430660815
172744263
649783522
360059704
909640861
698328880
686242161
411305187
760781434
121117647
682524599
395930688
375058020
469616567
723337183
477193902
384003766
352257809
404451670
419676547
482069215
596096403
107446048
137637193
302553321
647120787
592450998
286883409
932992202
510084286
626918950
866783998
265244057
854995694
789865063
677946464
609355483
423298779
634555360
843354126
333580836
949566341
445943260
221319123
373405095
685464528
628746803
783721897
423907857
986426333
616206921
104120001
985699831
280185758
567957817
559634693
111754891
847853870
544288878
999895087
320227848
796813067
250398136
454552445
503719275
806496782
261630938
617375716
272780267
556696492
410831672
578781444
520578250
771883712
328236176
463563169
717421386
778792550
433354226
205862111
491867458
709790175
635599245
244854673
414993501
580784838
334760424
330068290
928279574
411756892
956985104
431494261
554213356
548407252
218486113
246733538
494142191
434039477
655735940
871488016
863117837
499681188
476338367
587843343
976047753
292293157
851965341
451607377
565317059
229511214
123702367
848476558
752766542
592383542
291041054
250750063
979515634
437708559
579176332
980157610
343482965
399610354
256829237
405627628
375556945
154289565
749903301
557512890
780944020
944502399
435081882
675707794
550666828
258934292
125110688
432913241
629157802
383235801
209972656
675140202
195328979
106294039
730632814
474287748
279085571
905466267
708136841
750962350
782293547
950408786
489583113
651940489
740629540
795761326
305245423
554215225
345241018
567491750
488586729
735298084
860989950
683239231
939284863
783688134
234954733
293622093
676070353
359618883
290625620
658812722
451966193
408456526
495320093
193041261
244418209
164649362
145780267
898342463
982893830
893109637
725477149
769102570
275765665
462114587
177243879
471470600
712752139
453260853
189546478
533848466
581840420
713687774
994587209
839445594
706067261
819458076
450765450
130461608
325284160
996409028
921714204
760700851
481189776
281716776
968984141
810554822
756586045
800244794
820133189
647021493
202542264
935910006
810823750
874768283
578006650
979207346
177815966
651288290
969550997
931739367
733442473
680180619
877123587
884261992
746640529
453121396
758820483
674916486
186853356
863466605
241994235
390719240
544147178
117801692
424576746
111404695
468430793
427777775
272594291
818579131
928700899
598334696
552874517
326548617
871810115
145651388
488268708
636081075
725804418
499436557
337607427
700389369
603169296
731301904
713072006
143936135
806515216
225697357
677879481
263473998
611131634
863270456
101635801
267324780
124299154
170114291
698974593
400586505
104453091
416209815
938473996
208017869
692357992
441355592
325884582
909610977
514969426
830859522
334792311
115311282
556860875
735766413
881425277
124381738
385712151
368548285
921616569
114540799
603479281
546005450
735058939
684042256
950455307
412845601
337245599
538424702
858545831
913850124
795266495
400707701
980411392
723353540
209090335
611336541
413865502
537233614
262296566
150436051
312089802
913868671
857490956
339854492
114411319
517714262
861002667
244748234
356510129
403362460
783205314
812932045
959712885
822416660
784180492
482520865
691213532
249229961
748361163
900120414
521144862
328609906
259770131
668572063
634860957
298526916
886721855
639541074
370263087
832552383
423392796
774094137
742972286
230813919
166465096
252650478
938059452
109508351
431401903
570599978
628479150
617583895
752692404
625864284
567089756
582941633
171655169
956007007
493417670
433575040
801954102
393410872
400704538
417423383
351961291
905637050
939481232
489956541
566746511
789236678
635032670
761225441
630658160
855398557
582749204
198254710
820662170
400597577
528664810
306029876
192799474
797086401
660444071
582020868
770552463
631107633
680262575
307689371
268778688
408580374
619180409
174573146
731799680
841391349
761330831
332409036
110896557
101943688
360678201
688927047
447792983
923883760
637747330
877678211
581430768
147854231
899229786
683411943
393899863
718617313
773740775
816785227
777151957
655849233
108658438
170079257
592207632
573249451
532741061
664341810
253683253
379791812
353012866
462849912
361576288
302814149
242354699
519291579
457202434
904896648
397693906
763505956
394412283
987661514
282710109
775548182
389688516
766330761
864889476
769543365
517062481
152112684
735058202
119718827
619005276
193061672
498744691
906647626
805025854
768970344
647624061
243169799
775105117
789772016
327442748
661173594
650206453
389860822
204488633
134760344
970410258
683090713
680146096
744151521
410563755
152704963
147287387
186710571
192718620
314429901
749832400
179940662
718243357
165375202
777831138
841389535
996612503
140408292
360272923
131478950
541619002
510924385
345187463
851067816
807730247
106005679
132482965
244614055
383111989
830698918
938630945
465368755
575128538
629344967
708721475
496950184
526749312
757679609
783352252
629555449
221342586
808948790
533530643
647645247
779791405
235146782
160432165
414012692
567661771
436563197
611878313
111760296
218608346
967623913
298764786
172432455
635688188
774573639
203635979
919791864
209564981
485221951
778769001
649994562
457536390
390323951
566574000
978641376
505634210
184695087
228326919
255953534
864503516
286468217
201481346
577251890
906326439
966592517
498219135
702903525
210730607
369741714
749441688
703694329
122837038
335715220
179271585
903699437
346457439
630776446
578528050
727014056
468256910
660573630
992755090
113954338
522654183
375509854
833403205
951301519
562796324
876933539
574989277
264288140
967642908
592074903
711805636
544670373
236731577
498871445
306109910
130627948
473290243
267221001
739389929
691878631
707413089
461767115
474313505
886243619
295723001
118907688
273703705
950481149
493499796
713026622
226697515
338342105
991173914
784170867
697297475
235480362
756148505
762667184
426110779
757324845
162009587
472070600
913017184
456584220
889260817
387397105
424947876
722971753
522271767
351704922
462941598
712808922
118727662
719934074
291402348
301418207
101358498
687815210
958753320
961490842
355037138
579400942
210934761
760294100
434684085
263400720
742754946
684838014
578510330
708873677
746817831
180379495
130254992
596627773
886765469
596146147
610376778
589701775
854007722
906081344
910799427
210540267
963546049
813260317
834797847
428541606
313844550
762720348
181215334
623219522
180715642
537487158
477126911
543802526
221465821
821965329
408105273
537197489
641278720
395489305
752635571
405593611
266934211
730960652
492891862
959677876
346937206
217500362
987993112
977158364
153763143
643047760
339149066
504577600
882950802
551862988
403572512
732151585
886751873
377142787
410216037
229610435
208616932
553009953
684274004
355527124
247917713
531942956
647219733
236718535
388375809
585908874
424152011
393164430
978424825
802230059
697540306
624871802
707706635
728419370
955366538
449846291
849777634
815403008
330888717
985963342
474708979
502838540
791504748
370448852
343131438
104251717
455114387
277464712
173766734
794106927
487999987
653783827
495160647
797585001
996509812
535926534
215471769
851733331
819575541
812871051
738450150
508397949
760100235
192332884
678326113
864848007
639106348
478384086
935001222
630509613
729107321
430818323
739744106
707984343
492306567
109594549
735448956
318033555
679580882
678039586
195615981
601213012
953102392
322961544
595073378
130271295
857251917
971436173
231218179
453445128
788957242
517993916
543714332
274697886
677591023
121554084
721566020
694936181
218165034
619126536
676757507
967908945
136753211
718133098
748120443
242469626
899117238
902433940
815685477
105801986
338118376
264488945
919063714
641466821
994784675
304449271
330663925
907682072
354754214
642261521
631287520
839991491
839797122
981702638
576856071
688387402
492232877
723638995
687301909
233379016
404774953
926483427
705437588
782640225
860551084
226442152
677635088
927262249
765898722
126294366
113942832
692595922
509750352
605461486
125466164
596098895
468137308
247242837
359852140
839996546
254482472
465382206
173986480
101683216
822266499
770548193
501488272
540113446
893650489
716728793
449702487
135135169
688719842
443408743
305828435
585484981
101969357
200223728
346179474
438741099
470139562
929051858
629950464
535662800
410052855
196562427
641733776
407420685
896467083
518956651
632698630
306029131
157459365
646389993
821487233
971104790
837363088
318390411
444432116
213011100
250353153
544890340
463994251
424481550
551679035
115016919
825329816
959055213
787651845
473438387
524694576
130983555
987134625
635383489
247619689
864907354
519554865
221672149
430737389
124328668
453464551
852426898
889652244
656492650
229848031
703346406
995782076
252612872
200293614
774533946
394405910
604351373
786286486
546885401
890605567
650820488
455290620
866393793
595102496
587272552
947472882
505335639
265025625
375607061
844515408
669655860
976054121
181381597
376914980
210587490
827361146
721475991
632405550
696336826
712327752
494111175
156498339
577353030
431170861
347562023
643827171
148920825
604636608
270880247
636426584
855887297
968472831
440807660
700501382
737134468
131306796
192178593
268414118
704695066
692643003
641346830
632843886
978665225
845800425
761061188
336212594
611922493
654250711
359664001
304675407
250124187
945431114
740524578
830998839
317890596
235427677
222999581
905775493
150789823
971864543
826179274
979967760
981767108
456854867
261467242
559211228
428354888
315850179
504698768
903514535
768819867
753982690
473146529
242567422
638251392
557673649
846732558
520636758
566723113
743953542
526978438
453125578
740054784
301601448
801998514
241907035
855131131
342591836
711923706
275339306
219163747
583277024
879280460
107740549
282476667
574587618
357434842
570305173
166369907
850119230
479673956
902371963
906580320
777588522
353860497
733499199
174743673
571800839
687048755
213023491
536130133
253952059
976673767
547723193
222065205
197222148
400829849
398646675
393002316
193034783
973417632
395724129
551603997
157246306
387015674
125674844
936137466
306345545
987747394
921036141
652138327
737183349
549526085
791495117
921639328
297003571
352651814
300861643
397096751
637501478
409508827
672330730
500559420
131061548
410766643
137420330
765978733
845436911
888358273
252759345
331335514
526986649
123984238
269728004
804584273
209358255
108991122
115687632
768368608
406719342
494337617
199565952
585243419
399814591
609372227
731604984
954930804
441481548
763156355
436900396
223867278
580300506
702357226
905398774
268702856
599159795
824940237
337634936
635535824
641690449
770293460
188398120
960711796
618382701
912891750
226490707
256222713
396711823
661400869
718808167
928054209
664269935
618460494
106789831
462852491
236825658
397025071
583686812
489653265
368778413
843088228
674748826
916968659
525248867
209066704
321177541
733323958
639898704
250968851
861617634
851840727
992750779
862351538
213884980
939842783
356733284
596796338
620742961
778878602
226879327
753800480
728486610
502254214
163173692
985311616
657973267
580324914
405333574
967992932
818009247
840138635
698056962
544261686
787291893
226600004
298839000
474133211
470973716
454748654
101194520
379281362
191888702
721538734
903568944
363361039
322007131
517019123
548416545
427876761
183457537
838247569
475128103
629965791
584908321
101194492
711201030
552717058
839514008
227058288
127684515
381649803
162178108
341030794
771941062
625079149
586028211
629647803
101441552
897820210
679354641
748225663
678202801
404216131
901261189
762228143
884878560
209722679
774687902
900246645
172624003
921770254
280870318
302539719
493696235
787381902
968373607
823090783
515391159
427539339
265192388
732004242
719417123
244714042
318169117
265102310
324476774
478053108
670912232
732662387
529923857
260671831
404302997
418014836
963198090
404245589
293326854
701150755
588206972
365892678
529331507
360648770
655792525
267674248
568477953
559785902
355693810
608328881
728216037
640144252
149185379
453434899
886400861
420915257
839520334
332864758
404711709
478907422
144501371
266950798
411119537
319239474
138348903
307103548
186144946
461888971
446981420
604140100
837289916
740792908
814467942
633842226
533630349
895092583
598990514
224607007
758244187
866417046
604071347
986880419
222390643
993679802
424920053
109182609
216164472
504079431
502738617
782830132
761085075
393402803
129275540
400255404
724593600
942463802
418839711
655291482
552327822
935011711
785719565
282602438
601271361
775919540
878341760
411157078
828497417
893234771
599366416
368301126
835459062
210545740
425826834
559718814
250603323
534903473
580070818
580255730
157242135
218969338
775831461
194845266
768036146
350314547
215128802
840111657
676276325
689175529
881259088
332350264
275968488
235128717
663817592
772092045
901053527
462452509
118090134
776854199
493234513
327965118
408076661
847055011
744288574
241846234
943861783
428116893
891141372
694735066
475944107
548095363
223826605
198767219
322320773
267339967
228547823
834837447
166843805
425728151
819066879
880598560
448265151
524064133
416553401
890160635
351441014
265323126
332806998
189522003
783637982
984029194
248118617
493695674
480689511
723140798
686577885
188146664
798926594
757673419
641729901
348942362
133858016
640048914
699832504
507547957
291486889
844436521
793819020
157340295
186623322
568934889
760476650
310566568
550474867
635013195
493014841
633040972
464595751
917830326
624702117
776235677
144672871
516899551
160714754
154754718
671412493
887128498
447048564
842779696
203830002
602988813
218752938
877275896
433525519
567281069
458844077
411574723
668560227
871510770
369523312
330158164
972788968
781235759
171035493
662267228
315690536
126351946
392583300
887099493
714593819
723680043
574196715
912940782
553060134
681465112
235839752
549421882
587146656
128048375
617947091
639119323
383733310
643623355
378358532
226279774
741253332
612736165
714199938
136731994
254494942
348453556
833486731
549213574
952306531
517077225
851024668
912448538
815058962
129067298
224716351
898279706
129025975
697671098
166212872
539127494
388445570
134217300
410060483
185115455
896954569
952072209
855792095
854303967
691936982
828840164
812387181
869502079
588605669
398732911
741605845
994555857
967639605
563269960
235993246
529067333
160385669
898720635
525760714
349144921
979054404
791351398
823178291
137586380
270699722
509071715
960625328
440122232
487217838
501041060
468591070
452425541
737507027
915283510
718489481
744814533
605159381
282377990
985291442
765285790
853671342
470816217
745941839
567888314
597391269
414113900
618039394
927577981
771053559
228854208
325493408
349815422
656138446
570537516
551025341
724039910
307728640
348136374
145672485
327635883
929528285
775961006
361956977
751481578
111436261
985197918
666610470
260424384
664252741
180773562
625659767
356693592
681970654
895914361
963350006
596970256
509385482
963537507
215133174
509091893
162093951
854997637
865919223
855589539
554941279
394387689
777641799
336862372
165826199
135215453
929421594
393182963
399699988
371791299
170790096
704432493
134152227
575621835
657504123
551039636
443429319
937182830
910950192
126328069
833794401
516903585
307200178
718796766
920865803
584637592
912286129
333914126
839575376
328433082
409719497
561315952
275679043
429889623
384431015
103012903
588598743
267529294
129085253
320822285
625572089
793390797
646647224
896078006
989769396
246475336
819744783
167904214
265302945
477989634
582247372
170654424
502227665
832325246
677874372
570277868
323103414
225161473
172780950
624973437
428748243
505781836
843772682
647332487
550327359
200262170
406240979
402966212
972129122
449398674
698449863
252154111
980276349
950094387
653184877
360418586
281349721
836829009
474472239
583953463
215573929
658539296
437004139
614493952
714881454
968281517
477210452
736305524
607357772
645013424
848815918
689741698
928823028
699802274
579159766
840235909
570594375
543347867
761158585
482286873
705144609
585252321
714607484
294448492
284577691
931712708
142494997
426737721
510182742
412406833
424015771
481351337
671048532
352067559
420873207
354537471
399849122
715614663
791001349
215214563
652956917
583274878
903079501
389816921
777296424
430196092
665063534
502921752
545560871
188131058
134824859
485353958
272939130
263901480
892136120
619125259
869530175
115662473
600313286
790495954
549485392
284333349
205435650
401322533
439677466
387068678
276884697
321819337
401941020
934274284
633331477
933092535
152977680
443264421
476606165
620496305
551180747
303351457
514110269
898365356
955511669
993397334
807977300
642479742
242295631
949722520
680264160
395898587
528585241
835779062
216848433
134461986
401120186
793274655
895778524
103291854
922575747
812553144
892253323
617809310
878145681
854670739
260853919
491511567
710719719
846825672
630453963
579236227
151858954
452296663
324075550
961347816
434295311
858917233
795837534
247914906
826931545
702508157
782875896
859154993
872604704
730334753
131848756
689851890
547035264
372147864
682407445
576799821
891222015
171833734
363494776
688052058
408378438
725796741
135215415
463647393
977294585
200710938
114823187
415908760
104605093
663462204
791988731
862688935
374354589
201163283
229263907
285312980
898461940
615048974
757472354
242435568
158388682
703592003
378414735
613906227
985209781
473207497
570593720
237386302
548668360
900532010
125887103
305304737
211628082
538252272
736070551
988719688
697219817
591615291
721875417
861401545
345792238
116511580
687494225
500038917
203336744
643439131
865509411
274073561
241858253
508348926
940525731
467159779
381958971
297571823
760286697
251734831
150965346
391340751
102922599
913768328
601328407
569865523
270418137
245652783
706320291
302792629
183582867
242223881
572109442
661893439
774521905
399967022
581242020
121793300
807488867
517010024
648280864
920143859
490431674
314793932
252475724
620164096
126015848
661160901
395815638
976964337
385200735
598308075
956299445
659129280
315883782
387868226
669366937
105563860
583868050
206536148
519690828
341295592
442677934
655615162
959831641
370367789
879137823
614715780
103281547
415537923
366468068
365502358
812760433
671429090
220427789
474986416
509033534
798474202
434362758
360586624
982866320
366560176
431380662
441566529
944411650
918179153
353881334
301384319
250950755
375201202
350281574
460471521
125052373
782658773
585555213
456226742
806493927
484503820
404025562
384466890
480892008
585729221
236654885
645571390
682192449
291565693
155796482
795002686
419614501
737725782
260580317
973972062
173161909
656882557
663104774
694267658
101845037
644538436
486169694
208149101
491549643
747257051
523010019
815751782
523003210
487329979
686124487
215073684
552676274
654630607
391489716
547860109
393515590
772445497
394879942
445560097
422180292
104152657
481112107
784077759
396836673
463143641
725300033
234784885
709123868
695588708
174460900
804687943
983512483
298885925
900918578
288767283
768271812
438007813
875647841
827535129
176986366
205759481
402581534
244551940
822960646
187937765
331870146
864924988
283036077
107075725
399116420
936094352
709555600
234888776
786404100
995968552
289738903
345840571
451822126
129569989
943190813
206880068
813575798
296808986
736266012
795567210
547148421
173407645
520118376
412373345
498847112
140615396
592918070
540902660
778086873
918862504
643080081
228941484
286339454
858807340
747565045
286257487
179000795
750334859
962241351
271539856
653153991
149043252
681946393
584377753
876683419
629644912
268459536
990547320
407105068
820448642
903119724
385077497
923622576
171966980
832271075
503902620
346319787
968952333
354255476
121459702
360823162
944823084
132126019
113831908
638284166
858507942
532720203
475657907
847335973
185059764
382633042
312819928
735610482
151398984
325681076
549592767
535049941
513397228
330686448
577579129
470480465
970599701
624896946
213101589
158673851
542428467
713749679
676267144
329795331
958377097
494559195
621159778
849944804
705167600
844311508
466088940
878277132
517604281
554887859
441538830
828622422
768967489
855873941
330293615
218589574
559933976
762636683
286970655
963940046
898295147
427108181
328578932
826084698
580147991
561355714
319056053
269368617
963832308
150070120
288713053
410486680
337060774
968323096
444009825
115010101
769472623
813912703
558735043
610050972
173618897
320227344
674931409
128013045
809336536
307808455
551582812
102895998
883070787
545459817
316824177
227743869
468116658
180323345
331500371
658388309
410988025
344038358
655222205
324048064
946666749
899489146
360839111
318649129
788536043
106211904
624705790
446733234
442639692
508760960
800624419
249390744
531956458
123597201
574842080
126955762
481505295
590443500
221814645
579917786
809070945
474282703
110389226
913991210
570860891
765853672
109832727
886602373
981665672
294902048
112534993
960968561
254473043
504341673
462224406
791878920
425275759
146318609
137010125
294815992
334944706
966726058
804962269
510749113
155914068
262590375
807568534
483716465
423722444
510550677
847605062
161960607
350363117
611416880
935628772
981059931
217059318
105532848
451561218
992032256
881667163
482323839
148857060
224956621
990667588
545098112
455407709
809824754
495424967
810012920
483195158
116464949
414154137
507281964
761120093
555962743
969957381
486445774
674277140
791900347
745474085
281956112
722540942
704413543
557119641
520161613
711178110
706017808
284608699
912457810
210964069
849561688
326575557
912562886
172544794
697524959
502999283
207807512
687736575
700404546
825172981
124362422
517180268
728908170
598226330
570380063
500122634
806366548
777574580
410109093
666893349
253080047
450611237
251434792
127088216
963051074
188965172
268774239
721505444
231034845
189276120
814097233
515514951
302384883
257726432
688243749
116000117
785938601
525487320
826290899
555420828
112118647
949807326
427981425
487350662
384469097
182994566
292690521
774346032
329905645
360331179
123880717
831110213
696491621
379430086
936000057
745431519
937565094
940034112
334861492
123788158
405455937
867107294
513530689
118422365
394464779
751128195
977738904
406774650
738677698
107713634
682602855
545391000
558851091
373449173
976552345
215582055
675637180
610517558
171075736
915926144
304503640
189480812
102863137
493369988
884969100
631996254
176866694
323106152
183803419
951629260
355676882
176156380
287296638
525559053
979866729
729974874
443042990
357724577
191727743
184384315
556624565
862373657
358626120
638743115
397168063
283437721
520034773
779335885
937496565
316456715
168277970
222371792
993802336
731565077
489479605
196285884
901673852
336433260
999352045
415257318
767208014
490356917
490387377
248775067
303089590
389323927
661582780
595601088
471376200
267397285
348718541
173491118
893640223
751808626
306238639
746861043
483257812
518256429
575704959
400764814
643906226
834715306
113694417
898802947
647983152
576057317
918648788
567692898
769622756
624202385
425086612
300415811
905708669
617099088
579299209
103686378
651829917
503148541
462683625
613242843
435963677
941253736
655428826
462237819
335880949
210176012
435357313
909945097
700967748
835281517
376007016
903691230
599271747
935631774
304537154
713789307
688260112
641586787
120874039
931549330
691871051
352940758
734469196
442240795
737421393
914284618
648890902
247574698
577842943
659753021
722668968
602649392
583462201
557802644
539904158
588874323
978860271
851389544
274675621
150019978
890333317
583846922
865919451
637086840
567101839
743580415
640819690
624195942
135842000
467028784
168550549
308527533
171132940
405298334
916645452
209946561
891790487
437471018
889996752
848621734
983241290
115408719
913636618
343925843
660486388
485355495
197539821
908789309
176000301
501800465
277270161
810260304
299599514
978666921
672755895
163111145
718756871
826010374
435711270
422439853
571388560
721743788
897125239
735380737
341609979
751518740
226973735
462472998
616090078
385597381
118918534
936266229
576933742
258941845
681111617
725523860
830712818
592389649
855622299
543676760
351570990
276529332
355476824
304334830
933212493
343049394
252218630
809013812
709721485
310621868
438425200
774257250
867710186
900925416
362547688
539607593
326564441
937471308
233631170
420611378
557995819
150243287
548493124
784265190
931768912
204680981
824278289
580674565
940763760
539870436
381567540
680260640
953764926
558417256
731237923
118718590
748447824
659778547
783470673
650472777
554788584
231352914
459463989
479546292
641024539
496438899
584508039
898048426
415850400
408707975
812353500
860358747
801101449
662569082
439993398
261185925
704863986
255973022
740724980
218828468
234674467
996901858
336133106
291765475
873528468
612266456
750291041
216979582
952353314
397139709
556768433
813767146
145881572
317467999
170789080
942220977
232760851
272941152
807850053
563934767
289278564
378368970
966928390
422111846
118043778
659963501
145895018
593165091
972654541
795988037
402498777
971112943
929454801
456460583
891588478
791816679
605718948
299326379
831625927
100065990
119395763
681352983
856978048
517518262
952664217
805932556
218092578
995382809
237312627
913611506
326327962
822879624
181882829
341053257
594335891
157544088
756095950
746843409
194064597
894303264
476195802
690885510
863638844
173499157
550239891
748515281
861847600
718020825
158451483
308097479
606551368
697043999
406723625
668870881
679224004
552372163
710984655
927087344
329761471
229248056
443312876
899616735
276205258
211559902
246763301
167898061
579871500
216268272
277267850
577337011
777488453
179267815
822079497
763421482
600898868
227588545
983568830
305794021
159341827
843645475
731759580
141830938
999696937
464050799
846497559
710011840
861431879
443002723
121793008
787589816
782907826
524089608
901046503
740624210
955441492
326415751
237511094
878619483
513387956
537703585
607557101
712705120
494108025
403260968
926486054
551354943
587465144
508372200
397101533
246510696
574181637
629520544
241040489
624237449
288582718
205113208
899103896
388527189
983408561
877228358
147805318
769555699
713569879
658442393
843143901
137852075
206734325
745165631
202813499
976258539
200544396
980031809
788623730
199270756
203434977
143586932
310018322
925449102
375864136
327758805
127511677
484491364
703810057
777414462
268628901
557087618
447909237
161987709
679329988
511471748
553682115
538731770
988012102
628000636
473201444
862400193
159822092
806864953
134435284
739180578
119767397
133827838
156705410
990234038
590101453
299140205
617413793
274266428
799567316
684281037
550288763
628770935
850183209
400126261
666712273
209414266
169591026
842050201
965744011
308570057
292915056
175139773
763633178
402813087
695864227
544368743
649771193
639252036
437045816
336645586
714302650
870081621
552524910
107650938
975439803
765757517
703116335
661785767
438926613
447436412
215711786
234469491
109962731
788472541
476987451
764132506
363727693
846202423
529730206
181894554
893574599
244091738
187347535
259927481
834750397
691034549
386324796
532965410
345242269
193859263
474529527
487472713
701260586
469756642
655049426
932600718
621803093
142207837
360492794
839739449
298746328
356516787
133407356
308097221
429227562
570162353
199409104
539954454
140356386
754104820
423802442
709260146
494285640
966455287
554506948
397504392
561568761
569403248
771158105
149806769
173112390
175106502
158677731
887910028
110235752
774451344
441643138
977072988
589135479
121010367
348263054
473865995
695853796
882194784
334946750
997378327
990369044
994401266
721426398
375877563
277427311
967781202
781275755
588604553
980888230
579616658
271363908
707308766
715821941
422094828
232613599
443467680
786884629
455725607
718090416
547075820
286414161
662650921
120868175
119120611
465749615
391859325
765185553
628290393
341224683
887857413
606834117
652729826
533755372
812543159
373120919
943890447
266755122
251797481
566608683
830118949
174252572
306774134
141535314
866438546
403093938
774275568
785931106
159678732
966842033
409284855
810987253
112655476
984265651
574735677
945200351
459458497
868213622
627616069
162197967
121375921
771694482
785395689
242985195
486779519
474172099
290893324
224963195
463602287
304976086
452268828
672193405
951947864
110831392
238880042
510789694
137081792
730163722
985961178
457081132
834097348
918759367
196394255
106298349
410023189
435760777
505625488
396237048
107434761
819010990
815834517
115046352
602931117
352917498
466455218
320744991
650124378
812741292
453478025
510960161
521439503
468147304
790245898
462346096
278015189
738770223
535859161
307012576
747086123
211971587
826601208
324337617
580483296
516395484
125896127
914156530
125106250
522781560
998017647
140863358
268729891
747142700
186926001
259716572
118596800
829506869
344339296
785873762
600871009
256743867
286775315
642654085
365081375
126973633
637196276
666358180
615630009
998380556
859706980
479694315
893336785
259073988
147628059
587417154
726728693
425867082
574966317
192733733
630620634
921960672
732822107
679600505
622582650
103677537
743786701
272657158
472099766
594546976
406384763
587353702
200643951
776824548
977253803
333812635
890798427
140636835
822187059
176251682
229024894
807269319
443220268
262616141
123557501
462425580
624261588
114851781
515896834
269448389
489642859
535477976
188012868
150541613
999679203
139093790
583870616
848043196
309582395
720698816
544527736
502486835
853705658
121712659
741146737
369084256
765415537
264675827
598633134
224584926
992175418
246387734
827837258
833782465
651284499
113865330
350289189
220672086
594076736
965507703
701138711
910716263
959632161
603034521
711578423
506760094
356365317
645425317
874890360
402242312
763595036
450660005
653563337
828619070
997710504
943445566
508127382
130074594
816708387
478927982
772449588
449906856
464893245
667922610
651034102
700040276
882993817
622584344
258171204
235517015
744409019
525037403
905376386
787121992
621571148
756342713
713491413
634928607
795007531
706875449
441636224
135349114
253147905
516448074
326051860
821248322
830759790
844373162
693401255
667037038
898567007
271306738
148248190
365244519
549294621
674008642
404499966
187461128
696511462
593279544
646674371
858681356
289262968
906256593
248686940
536544978
498532928
260753611
473269323
513513349
807861696
297475556
951219587
928441686
531431105
332797758
446177107
142063432
700076328
455949674
453819465
236090442
739177335
749885502
273265820
819895125
263185040
766011998
704157323
434691926
289992757
324505883
833000684
159855799
197823061
611816215
874474719
304887654
404217439
559511227
926870014
766470688
264258921
806930121
361603496
506475921
421995924
166678520
164220515
505625782
415172406
342010817
251179000
571485009
943244296
889687612
297074920
344514155
738524545
661065837
598745830
115578194
550661187
328432131
278925816
153563284
941226604
742926946
760469225
637686764
469919119
729630246
852120580
273831142
326265561
164315992
261702554
479962949
582049281
750117218
657545784
610864027
247595669
194421574
670124015
337233931
589159101
531314741
949018407
972050607
891220356
338768062
903061656
216830591
601314775
130607172
142386143
602015768
294009896
420807040
806362276
642103051
828607962
200945999
961438917
909644860
537348318
742968168
446786450
375085050
216499510
811486512
289948331
456498897
523842697
246663665
120722319
441132209
372091370
127527511
351257152
697294013
991930895
206645852
261890446
206737780
650551257
325181240
893819927
917277415
549490586
665965769
544454335
326819979
841689135
219188231
843416946
167616283
937114437
306485065
738021206
454995025
734090424
649699217
323093573
858684968
603975115
300927578
911670378
937711304
915696969
953494993
718834209
833503359
327656304
173826626
288594152
776456572
319042606
645675626
325107586
577349734
414100916
701181989
720658096
488421218
629419470
511789081
877163865
785213147
267009068
882814163
133888647
151396502
633996849
318776270
356494405
716582758
566699293
824658283
444790082
416570796
946265219
420440639
262518020
948477518
698036633
802211792
N: 667877708
