P: 945590761
4275512
2242503
2558551
9790394
4466098
4485276
9711412
7649946
7351447
1857451
9333542
7052863
8694626
8907314
5221926
1164023
6021675
4131814
4112295
7062223
6838367
3724331
5953080
4499171
2401649
8464302
7201652
8162948
2908253
3952570
1248888
5406593
7047426
8459481
2127680
7129683
8874526
3150932
2248470
6645100
1118051
3029399
6371891
7955952
4995723
9144731
7983013
8070067
8254351
9540338
7585568
5144342
7893687
3026779
1601855
7307257
3106227
2641862
7730458
6691209
2854980
8211868
4719308
3659886
5746885
2897573
9289449
7991074
7263415
6661704
5727538
3888789
8100866
3943183
8048100
9409099
6691144
9201490
6007721
2591787
3536255
7985562
3214973
4532960
8113049
4021236
9983560
5362192
4603650
9271216
9935732
7007534
4230622
8903609
9130405
9216191
4719822
7398684
7378195
1329925
2629310
8493678
7950219
3290112
8758417
5857016
1363639
3616823
1524087
4473623
5942175
9155546
4437522
3543400
9773324
3895753
7139084
4813096
2981028
1956876
4759218
6953253
1962099
3692196
2469365
3946416
6878783
1321182
7551238
9078624
6772906
4878081
7983883
3765110
4410111
2551897
3512627
6198113
6669593
4432700
1661933
1587945
7963036
5158654
2274485
3089918
2368916
1370916
9950408
5582601
2806525
5535122
7348059
8771530
6357176
7665280
9656773
3936452
1727157
3527330
3507256
2765062
8186274
1818044
9483954
8438171
7255928
8842312
2287140
2486120
9687660
7004535
7351509
8998323
9601694
1653251
4719842
1152343
6433855
1868335
7326158
4651334
9951952
2827216
4459489
9838987
5539312
1886588
4762510
4091011
5609326
6784888
8259853
2347656
7564736
5028656
8314916
7556069
5832938
8227985
2963567
3989646
7309546
9120196
7549844
9227193
5321357
7285618
3009512
3216216
1561914
8041122
7146290
7521376
9339063
5851827
3016998
8903192
7898782
1700769
2884758
7374451
3020737
8774013
7728412
7144834
7419349
5653779
5784926
2439291
6431882
8350748
2204689
2245947
9278076
3386377
6752608
7003030
9302447
3660972
4270145
4419140
9264367
3205612
7598548
4861505
4213958
1436311
2047419
9517907
1618714
2308333
8775962
8683896
8816526
9784928
9976922
1844161
9214259
8267293
5247711
7869559
8832329
5132248
5503946
8167208
8993785
1934425
4390316
8352811
4416435
9588584
9983093
1381020
6058595
5781920
9037933
9222276
4026327
2111055
5938774
1190589
8192124
1390283
8554703
8067117
4569294
9043341
6524614
9285668
4958953
4361862
5097419
4971524
5830229
1679780
6973477
2399820
5572587
9806288
3117982
9599225
9338410
2769633
8395099
7069438
9223114
9031396
5096004
3544441
3501307
4593597
3701333
9971211
1653830
9453581
4730393
3580921
5705574
3558983
5459943
2572656
1750444
1137278
5403835
9479990
3877297
9849195
4006382
6541659
6300551
4262004
2042280
7789365
6385017
1708157
9508705
5162448
1876193
6843557
9066499
6640872
5892428
8755428
8366046
5368920
5722230
7124491
2491550
4326919
3252997
8852176
9053120
6542855
9220553
2295701
3504223
1834609
1799301
7272426
8801946
4751730
9896768
1249842
3590489
2765783
4896236
5712606
1439105
2082681
2830768
9587756
6915917
6098998
5934053
5495420
8830869
4704455
7858800
4581591
6683566
5975363
7580407
5701504
2123573
6802223
5363280
9451853
1032595
1467472
8064940
4670231
4818020
2727108
2474187
7610581
7396020
1631219
2678650
1842765
6944920
7332954
7864979
2725848
1022465
5901624
5671435
4703712
9760582
1412303
1373793
9271665
5435739
2854990
1171340
2811732
6128161
6758579
5037898
6724689
3080839
1678551
3333404
2510556
6667566
6298429
5618544
7630423
9825602
5655916
7432626
9182361
5345236
2733307
9451314
4057923
2598774
3318975
1353306
6598765
9745720
7236262
N: 0297523497
