P: 311804969
94864606
65262816
57769154
92007320
96307581
23419508
78561275
87690828
13537814
56128590
57222876
39963718
77635519
84284888
62289789
18550433
28911211
58320712
40537860
29931156
12731648
11940401
73602586
32795600
65173699
29295305
14946507
89801950
38462482
29875355
95858377
44538082
49430471
10142392
80696260
39344339
59302766
88753934
20648785
17478395
90435224
10193612
39094500
66114491
65136038
16449359
68620252
58126566
34277744
81853628
11041049
29843900
47443941
84564387
52584651
99971875
51994737
80413363
51058516
66397596
44351553
20452521
69436398
73333901
89356090
79217803
54968824
94715604
81810585
65562157
33644932
67757976
39825249
95204314
87770509
84434620
34454939
82958083
22126365
52961940
51146088
64679441
50214599
27870619
48029159
23608922
88574998
81537872
98819862
24728378
37843150
50063152
57833037
73715073
92794826
98486249
64684366
46401256
38830028
82509754
28807759
71154462
18599358
81906436
17968707
61977176
24680958
44983313
26555118
84526671
72863783
48226932
40566480
37526685
33098177
46357862
24639220
15701935
86588017
81045213
41075584
29601792
74284982
36399841
42048654
20672959
21823735
81107529
59332797
32327239
28498966
85015161
23948444
91845713
96800938
30268792
44025619
90397179
78549663
52006672
90865818
58357681
91999475
80178175
16547802
43094809
95080477
30386155
43384322
26389815
91814757
76619451
64753592
77384081
40967143
38859883
73647157
60091959
35190931
59787555
36680953
69840826
15966482
54129104
65206412
83850327
73796793
25577176
17067285
97129614
19192669
63051848
97412422
45766506
50671579
18962124
77114876
14905429
19098043
56646896
38431628
77200558
25809948
76735548
77657942
58375109
26155376
28147277
24460244
94266616
85107953
51786753
50952222
69259644
65624143
12289152
34553176
71178701
92930460
49716974
12738727
67009487
61592450
79827566
10293357
21833128
78864964
45962761
14528991
62828997
26035406
33105464
51512169
86261428
20661209
83459931
77568796
40386366
36672758
44021068
95653067
55221735
96466624
73294937
16392496
29944355
63104081
52710429
95819755
10564297
48492983
92949944
43604316
26290322
71806548
21486259
64109812
48878454
41104368
20276552
22339880
86886340
70647033
46513950
57405498
71229601
19042683
73478641
82250630
17021572
15592656
28521441
39666320
81628347
23697174
47402857
70930559
26438506
10351005
70944544
49168529
48698773
60370501
63623073
64689124
23774539
67106334
80331984
80217185
90896858
53832683
20845230
17388289
69058771
76915661
63275534
60244414
87403865
97074752
79530460
11882981
13545688
35883444
15946327
12933001
84781411
11931522
65854283
23459320
91333556
55448347
12329985
96737539
52004588
75500918
59737916
48361694
29664466
11852882
47432982
13852289
17516432
77752323
57774865
58508678
61514067
76102337
80175246
48162935
97857218
47524652
93719571
19895917
23001057
30905904
49466979
37968675
16760108
32313512
51886935
18943666
67416440
51396212
13796877
75073962
11058183
37266838
70727768
21916479
76828701
69691564
18770344
37774210
63332569
38027050
36228873
33475682
28996817
88102250
45684355
48608383
87695453
56686118
91728485
86381621
75914260
62239015
89466320
81519333
62035536
69021827
26092768
51409155
42930264
45333046
40833299
63558891
64932041
54746912
95327195
37699133
90457346
87320460
65336987
65850860
56940910
16855601
32723872
96171376
30395632
32816732
47980071
18170393
23525781
64975266
42015946
55127188
46801290
18227726
44212308
40354499
75975118
32108247
59905526
41173492
82624065
49250441
75671906
58893464
89656844
38545135
97500901
17839473
51055372
64329230
81500199
44485895
35427302
46838054
75574543
55377285
34764997
56301253
40822436
77273080
88143508
16634912
71936172
45889538
84769594
13273694
10464263
47329635
19428208
64036125
63741013
68307936
71811921
40731592
11111765
42395260
37064182
39214457
93218390
62978880
74189696
94644206
24244624
36181490
55931119
99010142
27719470
83984581
17593591
68234530
67008392
25253111
14523759
26969379
98244823
91105070
21791994
46075408
73677314
51955548
70653933
65486682
90908175
92695238
84805740
42570540
86333043
38049238
56233768
86494119
96501068
71457991
67538314
22039079
91555257
64968478
49363816
79058294
17230662
46485106
89174238
25006145
76036822
72604567
70209535
85242613
71541643
81828328
81579875
49607942
50677548
82751736
57911369
80285297
32883543
24348551
69441402
26110152
94551718
59015296
97637429
28877992
77037688
98103358
32068142
42628801
92703485
74262290
57857333
17208905
73070137
46024772
99626831
52597482
37720796
78305609
88124032
89818350
96291101
85879801
23053338
36369430
57629193
65845857
73608695
77757164
10943215
18880180
74703957
48078323
14971950
74451572
51932933
79119692
28209002
27734903
13637766
89553922
81953853
19703977
50348900
53659113
37336585
78633775
23722488
97057968
15496560
77554191
73328478
98894108
48716321
31045108
62164850
76005771
68186248
48559022
51421397
44172886
29318930
39316113
30868330
33436685
71957039
29950253
11546585
77619886
99119438
85949041
43653208
79217818
48706106
85566683
79391239
74003310
88648220
99830089
33767678
16602311
74490331
56221148
24418343
26617975
76829858
63063114
70737984
38033700
58154952
11124802
69344531
54407327
28495715
24679543
72747870
28174501
36064323
75448682
76147717
12237483
85877562
14486562
73476289
44984409
27259521
90839264
10665037
59266347
74431348
63927867
58052279
89627257
86861776
37924773
26399095
17287795
18316482
99207354
26391587
83286425
35992279
95283120
34714261
13834471
83370022
76002004
10325063
97918443
12652641
57868977
73227925
73242318
55360331
24944837
80801573
48132491
11475634
34381233
32498307
37621922
97130894
79661858
32524480
82516856
64652716
21145266
48469413
73721655
31768732
87253931
21767033
73001571
27422971
26394770
17707380
33338526
37568149
48440851
78676700
85714451
27989559
39190498
14668917
81460489
64010188
69642634
22598747
96175314
96432374
38902931
93164638
78089711
57806285
95058936
39448039
34102204
43811544
23437458
61533697
33369246
69659546
54949779
73963865
39498473
84787920
70948837
73000435
97110092
34013537
14465111
36515843
38279411
68248477
35570245
13038388
61774941
77066698
12703635
86890845
69209723
88373156
14878541
60158907
39282040
86381522
17205415
27032561
92568653
38482198
16114008
81199495
40258268
60231469
84016223
38062274
17601086
40833974
67575064
34201745
40722966
87193732
53147093
25862132
69480894
27151818
48195857
89759464
73541533
42479935
74695486
96463373
31436535
53523336
45696330
46967659
97271630
31016571
75031130
62443844
13005907
23577835
50960269
36455529
87204013
73938626
78121488
18861047
87300959
54246570
22107574
33532562
66947791
70680456
51962314
73461738
78355018
98921070
72357437
24345561
54472584
31536974
89308208
31475190
33813214
52969245
18229961
18019467
11195171
35517580
50381715
33091908
47299444
65171708
17906778
36981393
21363941
66239314
97287328
31273520
90563738
13258502
35019083
56166286
89865634
14913489
24409806
46787949
15425253
80636926
82497316
65704531
80815408
24213799
14345535
62628113
95023693
40162654
60290678
38846402
96846294
94845533
45903060
13203185
21246294
27531439
88626613
46034536
43559077
12950972
53495133
64923892
79556379
42655613
76161722
77729962
44152486
92025100
38111615
38065012
69622774
80487591
49514676
47156249
88250328
29082660
62301699
81259758
83050528
86032427
27428912
23258609
14030984
63686354
35863023
97299185
48559494
47931398
93365453
24706031
33406626
99919336
38949829
57009135
25513088
52480294
41582227
64094432
18991470
92835850
92098784
67106669
96074305
51266619
62481193
12947889
75872872
99107319
99886798
73220964
14909299
78409863
44868699
10130050
95143451
38729742
86445110
55741151
80040347
87606382
79992797
21233842
26661078
82327179
71555165
68628455
11086507
78986960
85559968
80515435
32326860
34946875
26046244
48238988
20860139
91426683
49761691
13952656
34278885
35103226
40102787
73723727
91860856
13267702
76505665
72608713
23129516
11984433
42515908
97144318
70799061
33828623
64984093
51323308
30667471
22736541
79478128
95103584
80874201
19098331
36379892
87855219
71135038
42936295
25793565
38677997
72166333
98462766
88090837
76258638
72075532
68874388
57855362
16013131
81264352
92904534
73735653
71941064
43206856
37646260
19205832
97545717
57711517
20623018
98021775
66745815
40693808
98000515
65809944
58469482
77584874
74427229
58965572
22731893
71867886
48063566
81230572
61755443
66154842
23258381
20793679
63100436
20646586
24742490
82835651
48175320
77497584
95588163
74647084
82561795
45931870
13915986
57475668
68393550
66744780
90701681
15158091
83731101
12662718
42499656
85307570
21348459
64635806
54155722
53312947
68261221
61969253
38451326
15706180
80590609
70441112
90916910
15753740
14657159
18971435
88458573
66333630
99664517
31746846
55534277
74886173
52199865
91024391
50533887
38197049
95120329
29745747
93747948
55737952
36570770
78162635
59286882
27239670
63750156
59600970
13139441
18033786
95454242
93839738
31829879
64709671
10408290
22345135
52940021
59616034
20382489
15737832
66556812
30867092
43627397
58637580
84048680
89375025
92280771
99865084
65547724
83214179
78294483
72361090
34630088
29353699
38095612
61678868
77757753
52083184
49700198
79093421
53460838
21233358
94533925
56516199
80834621
85839497
83043128
46437720
25192740
61848225
79742089
54925448
51370778
73319240
47956423
92562947
99807470
80919381
97231962
81601325
94359615
31576472
46758742
97135611
37751465
58285072
68177679
89069360
52771639
84411342
56518424
10309746
42230421
77552007
62995173
88634970
22613611
47362254
53509076
69815480
52235840
17752817
87935010
44001425
25385338
28497467
15877447
61639513
98965128
84546229
78333601
54761360
18671704
38094178
84208236
32462032
98933044
40304454
48557689
54280393
89825220
33088311
59709183
15303345
14441006
83519387
51589314
N: 854300339
 