P: 1044014487
61633220
66979000
76203426
65184199
41550857
92731042
51173687
66407184
11614350
50357632
54732846
29079730
27821190
81750059
55500563
43853525
18651012
67807964
43524186
51727637
77980951
54858661
41356545
76965676
57907074
41914767
87310653
51206799
84794017
58925270
11294301
66177416
91129466
65106756
40915153
94690175
46527287
90216876
58400509
96226710
17314910
37101947
21013883
20683357
65836779
73666529
16652540
77534847
75015960
35674315
23242224
94469268
10705829
14069550
14601028
46113856
98062074
50932287
13502356
73713971
31365282
91537067
78898556
20738641
25446565
84797194
80465697
42688279
14814406
35813640
26307752
17869792
59913940
58484421
47878464
46036537
90901699
31184677
82266008
57541103
56854174
11671153
93061243
44095825
91151626
93120201
34617289
92018456
10843981
12493997
72714683
53985070
37885653
19487761
88418887
74450296
45476328
37665282
33786510
46445736
89553179
17916057
64772359
97140529
18395865
70461488
78115820
27704795
76052801
36821929
68140117
29848973
31282984
90519450
19452902
37136829
89595436
76390341
50234138
29738411
75041759
31947356
48395770
19008111
83689547
90943202
36156920
47272336
20403852
71974246
44769496
59709306
15628658
80543295
61966443
34621962
55574549
50381175
50935912
72437413
89422357
37274554
82143136
18849998
77609059
98710072
71162766
33707174
83677278
13664174
88193437
23370454
66639200
74055245
38493001
92113763
29648334
42863712
70155048
68277001
25248150
94610559
41869443
75778542
33598937
33903766
34151261
85079280
46825539
96249764
86839027
48145024
66423183
77125002
30608778
37972154
85514313
97684178
22705718
70236921
15687580
13941254
17626318
94139651
56293431
91146496
61272074
36584370
88322423
47116408
54402615
93745553
37551705
77935899
25024459
19498009
17166474
86480287
22661317
15971784
38603145
45199700
25959022
27617395
19825121
85960240
83923095
87752171
44452251
71365583
30701236
79806118
13567570
12931336
89009355
46420057
20581548
72228604
77127264
73798088
10683842
63187028
26971797
43571149
93557971
27364200
58414675
81310056
89394074
64867199
16102087
75087138
65981232
13939574
16753444
86009169
77863084
70336666
34573899
30800641
20485608
12209603
82263650
84296088
24825951
38580746
14716568
61013924
35324060
67275242
32463008
72139546
37265426
19269520
63579617
53501319
65214966
41483210
10525217
34427703
88129189
82585799
79905551
42142472
59368320
33770075
18879999
69040450
31620452
91913303
78230983
81836624
29500163
14082983
11942629
64501215
48437370
36613024
77144892
40207052
59345619
71073469
64433242
76114068
65871596
57360446
32902944
93710810
18559777
81228665
71718874
92558206
10335318
39397801
73726760
87068601
10227819
32204942
93333445
34515012
19738297
95924061
88713754
49454282
49571232
69694041
64716670
18225769
34169108
89912033
43478802
17469002
51289945
35316182
97321769
18795594
28302837
77030508
40983592
92234314
11061597
28996653
71596275
33712678
28815639
90547766
75646749
48165981
71046544
60789171
96017923
35503790
23987413
18945770
33434055
60146945
24643680
56480037
66409533
34045865
40639425
38909811
61110112
59944461
52158346
51659090
91503548
69359655
47254004
29155357
62064997
46335242
41300499
17327695
82110742
90485247
91604444
62146708
83273167
21210101
55145363
57916444
14718930
43387203
45477990
32875400
87079777
62745369
46486894
53150534
61356927
23692412
23330029
43620496
80545632
63247368
60649227
54055915
54569109
31647787
88181172
89844207
85332477
12493278
19069814
46202657
21414911
36374278
67552418
61487387
67961854
34633334
42149503
20750484
48945528
31642029
96788143
48705236
44228594
12275351
55035335
29156697
80591437
28398207
45618427
30076882
69286069
19747551
95742587
58428719
70942200
23201341
29097109
79105227
48656003
21564922
34644421
87883983
98181730
64425759
32178710
93823634
57136063
78677444
85425994
71248641
33845814
39158426
98299003
63427738
57631709
18574049
57028567
35084693
53437580
30779423
98628986
50356585
38943315
39573389
79873597
24951058
87285732
69564159
78876889
53361970
83670148
92135073
57304706
58298781
29898855
53741700
72538196
74302618
39779500
88663550
71094521
14780589
91685748
99491098
28023624
17299193
91692881
67001363
89818676
49182998
51968150
90209394
40241580
52140309
38182511
52253331
53460887
46119602
71088030
73665979
88728404
26745145
49177031
32339111
78226609
24234436
72258080
77310920
18892827
54684622
52432690
84963790
85888266
61225437
75385949
58631088
45592074
19250354
28495568
31309540
29713252
67149777
24845103
39027392
58967746
26735313
70608289
33734802
75142477
59325569
65872635
74296496
35785495
77586037
90565723
73908785
47149852
49135306
11665709
51547537
39921355
74456580
35951449
73096949
66471240
89124591
25825280
48980692
29107140
72863460
70717714
49563270
51838338
35622666
32706863
94379751
46356707
57210881
49712978
31779759
39224901
73769198
22284122
33504630
80176828
23286547
32499230
22439836
73204920
43082077
88280008
49947921
40622252
11531280
37215433
15104835
37636996
38027805
34558655
12000891
86051424
31999242
16931977
63291803
24929926
18376825
27336435
29279148
17471016
90559041
79599207
67969804
94466915
63876803
64739056
44559398
18151407
31617087
87871428
61036301
14846553
31562868
47269104
60126955
92361856
27856696
69728358
31995384
98212259
33796552
28723187
34737784
36726681
69351263
85375116
82254945
69719820
49321418
70006566
81598282
20047915
69207713
87758063
43510107
29291285
65187755
79239727
83005511
60305008
12688468
98409395
28087115
66822823
72737245
66603302
37385930
29633378
25675206
20186986
25521317
91369340
80953453
59135256
12281304
81553993
66752774
25640080
68896267
17984723
37724058
99512570
55887290
65414776
37050820
24229044
61823308
46267846
24006213
94041296
75944130
49552591
11083205
89218872
90140911
51912771
89307222
26493632
17673995
95883086
70594191
36766350
41857224
96771635
78910113
13630196
42809146
59320824
85578556
87700232
74400166
23662303
92495145
28176163
86196933
61281075
47246098
49190745
92937537
61304901
69782196
70713363
15551204
63183920
58801873
20462753
19882634
81376725
88123910
35740871
73106563
52686494
40793528
58541927
67663983
98280651
38936765
43314181
69373034
24560117
44922606
44264195
53279221
75958581
82473618
12722403
22073530
10161627
59129289
71300740
92986812
53798657
96882447
76597322
29488991
95199003
83271476
66491029
52273019
93006969
11173828
75601845
99345725
88656766
40601227
10046287
53109060
12099722
94963249
86466996
83570794
77471519
68599319
42869450
66433819
92509345
50053803
95650129
19332069
49809795
72513957
45066596
47802223
48481549
59084023
39313464
36992234
77003763
16346002
60464918
96380562
46525283
97420342
82692886
97829223
11169851
20500947
67446035
21188419
34128603
59397103
70180660
98363206
56393068
33749467
37238574
43707733
39854223
91185560
22873782
39135642
45878418
30939589
53295240
43351347
21097124
94310632
27303176
74659493
34932449
79523173
64010486
28926192
49467770
25744453
20661691
39604067
80608262
21185670
96489736
19025273
22676565
57747007
36382051
35918342
96101066
27479571
41616744
67373502
50620512
84395035
31662979
60655476
35956089
87260737
13847349
39504639
73805417
59099207
30572004
60003366
14958055
67595930
18042322
77975024
25242931
50591914
76079139
82896704
26233910
52951193
47332542
67886687
30369088
61077873
67627653
46109723
16419190
19352902
89220985
25587438
25613431
60385814
79495592
66921071
18094991
84930498
31629801
93414574
60173231
13630573
17360301
98162246
82903446
88941633
57346929
10430916
51885891
34466616
52787409
95479182
49800164
26043592
92879762
29883084
88462396
49116579
12408645
90908733
20156208
60534388
71577171
82780305
29531999
70346440
72644889
43110603
29777891
80505539
27819979
24993751
22446895
47902031
73185993
97085886
53385126
20399270
98303499
32002716
45460698
21222255
67663910
52644566
20545200
15970358
89833732
46844963
33631991
45841848
29387797
49436030
12629068
22373321
77649761
82529494
92491738
51828470
95115040
50668373
22765044
74413071
66114291
82755021
51944997
34100785
85051917
75322676
39735789
37660405
27993895
28845832
86847668
46517359
43017876
90658004
97846667
46815970
63305116
44724783
89077100
20702026
64318235
52515667
49790247
47542407
81005313
47926235
61704276
63676257
46955078
34482956
84841463
95996181
56647226
72993233
15613651
18616447
65935775
37369930
46047142
41984224
42754804
17097798
11582430
48497652
76059166
88658004
16990832
85907188
21335490
94589998
42195728
90696887
11229083
58008731
58465195
48586934
25445389
55099515
49741184
84226736
42728407
16392491
41053816
60643854
26584556
49891629
61265813
29607846
45473658
96613537
72508567
59252066
49353569
24503721
34995476
12449132
68249660
74571360
30727416
95354395
26156775
26057581
45035474
66126937
10277721
97488603
55357521
16826966
74790233
81562730
13350999
92212806
32815351
11887310
99476325
20197357
39027830
10164509
62109908
24127476
40759045
18520036
95065041
81222722
45041953
94492548
59596046
75955909
14245442
80268352
53477413
29703833
85314668
93984041
67514756
24538732
55678786
10711723
79822406
92906057
88422679
32841075
19655988
31226109
92468724
21488289
11437069
14308673
57898501
80882781
79729110
37050609
16788680
41815311
85020467
70768648
90525524
80842600
18004587
75339377
13810382
13836527
86961436
91392864
69783459
21263114
69432025
40151555
59147962
42363004
59083579
20781977
38129916
58669264
23782964
11476880
99324172
70456365
78600670
53996714
91681836
81050406
33029690
50947452
65595069
10849123
94589371
44699474
76418805
22398404
29062471
43824467
17858540
43704469
43292868
51315170
79827039
13701909
76496153
78064171
48365252
77723539
99815738
11994778
64054488
92241730
64136229
28212703
41931634
93328257
24650821
85035210
42110718
15263299
68680983
14087544
19129599
50683463
17914017
64997617
35570357
53496839
85821588
98802635
74817424
58477344
67406318
87522003
73235000
17535811
96690999
37697528
11795551
89795157
19646171
77050331
43829394
59020156
97705120
22136794
31023918
34561113
73375053
28398791
14343430
23063945
33309757
61040282
85545696
31054711
34995851
42902288
87510401
93714441
32863249
79256201
81510947
41698867
73315421
91890901
54085384
99486557
53343053
12415878
96477846
45195659
78565627
14847109
99053750
76408096
69163881
42615989
19475807
57448968
36235630
12527695
54606863
10725235
77832839
96224186
63042167
54534704
15328800
29655119
95583809
93698614
62002999
76403315
48674950
25015822
76956526
14276484
87812669
53946426
66674982
23162866
96136279
64194135
92794576
48824014
92548841
31370165
59559316
13650710
65239442
60093368
54717627
39073878
64763339
44756443
74862540
76091137
64486411
13260874
55069686
53981627
29411991
17088963
40585980
35021868
11078643
48455947
52118705
16556229
61756509
50493382
19248058
93520818
67474344
26316134
28644560
48627007
98465844
57696980
48975179
82608983
13151005
48796910
91488213
16632529
17179152
23644947
95525587
67097266
24254900
92357622
23449623
38023852
27321310
10622620
47586403
63877211
63316599
73364399
23045050
50493726
99206833
93528951
95581775
29820624
58516167
15781469
23829490
27332681
61993204
51161283
74189757
48700574
94938186
67373018
93010205
53596690
21150034
34380489
50671900
50548250
41485646
20820310
36578758
81581658
19332387
79207712
83490443
14608606
21906169
23047026
72080649
74292601
50727650
10519015
53470315
52430722
84335951
39721727
49661966
95542742
31900571
83813407
63018749
54859578
31955838
39076818
24395598
12454316
51142560
51575317
94266546
78177651
50596037
46809504
49178276
42534974
43962872
74186983
40595779
93777800
70357762
81710986
60387873
59633913
64166682
47353333
95279133
28317820
56032559
35384968
17100583
69238080
80110583
27871627
80921467
87360525
25080847
90863726
81097502
57770051
92603168
48037361
37696065
31201210
28849427
75036449
78982675
14650488
14828154
57331608
64708167
41200440
23609204
93665879
73538178
52837064
64047353
33060374
67863749
98664301
29928903
27153733
43555347
83968724
27019239
34032962
46753963
70693929
98452895
69828280
83165613
17642833
59853051
72654882
19190952
20685172
47619915
99818126
59965352
63716048
62994875
63263307
79910260
78336928
89265091
65772836
78866286
51959301
74282913
63526933
95388199
41010704
62911507
97017286
70291350
66883828
75811760
97920721
74127683
21335368
60317167
70395585
32115601
55095987
76457687
80807849
25381947
59541250
72846141
20819828
45847775
73905008
20276662
20796402
83126547
55309598
27942138
20101463
39455045
71693670
49702936
89459015
50252586
81165644
29642529
55463173
44197427
91073775
31596353
95032607
98149968
54073572
72643098
15807394
19415560
72586499
86093765
31372956
63594171
77770668
50087047
72813471
34306912
12202691
74495046
15358831
76096260
45623630
51867434
14034239
84822762
80316222
92546673
89606399
92983697
65248511
61182984
62148094
52681253
16261868
52007835
70878359
38089722
27943220
74532844
24900408
26120374
38967310
85061546
81675008
62562137
38654837
34307383
65809103
39490033
10779943
13757964
94863630
99574735
77164917
68528897
23556045
15690142
82620747
61286641
98985134
20278759
29548016
26059621
88771490
97293357
13129108
61465255
92671607
24190313
15294852
60996131
52827569
24068793
10229090
15122967
70497300
49039080
85987820
90202057
88037250
39343523
62248305
83475434
74095475
41576902
79572899
97388518
15508538
62139256
60298560
91401212
15400749
41920521
89124502
27584951
20071976
88243459
20130197
37598275
46443966
71584182
15916763
81892707
53805606
42147676
42017814
13164103
17418486
25383423
57327210
97433548
85273738
11447958
41748653
93387611
62284288
72132645
69463584
40165417
53618011
56589540
81548813
47240214
35475514
80179006
57490782
24087540
27502045
26164928
96609656
83486030
78733865
48705723
84785685
56383127
48674103
31491279
62515509
78198225
64430434
90859408
88650583
94285170
94438501
21360020
86471887
55326756
33131538
34659792
67089113
72264514
19235138
71780670
70807629
72230678
53395702
18117845
83716646
64388121
32004265
78238896
66069469
65409389
32967421
44597856
17365857
35230634
56011360
69776946
70989172
88289826
70973544
56782968
55107724
99566045
31613885
11848599
47974087
56247129
15571313
78477751
91479500
60705649
74234512
22259488
58380199
13295643
47807976
16306887
25744360
66689377
10059589
69831581
29491711
82463470
49169951
50876169
30309067
54370638
96498548
58542868
20593539
58403506
76506083
88541927
34410514
87092727
43514556
44061067
59859626
60311194
41815670
12859646
38185533
51833701
98928916
67167591
43074704
23319318
32416059
33210409
34749721
54307565
36267846
11502124
14996746
14546342
88003476
22338737
60467581
67304168
70851664
35683694
39007318
65568305
57408309
28320244
72953957
40110545
94010092
65550212
91225087
95193853
70981335
97071758
81319093
65178931
48202787
35486357
33637927
46803161
97705515
93536773
50137180
67517423
71451433
52803262
24100317
11870231
41337808
58284380
45064475
54556817
67671572
11035454
23680815
73830668
83519204
17872582
91021736
58121524
74303784
66691249
30822366
72223851
17988798
77626135
53891920
96087306
79391940
12365709
35403549
65921826
45590886
89359912
56738676
29760192
57973022
84074079
21605024
81755081
19598537
86781143
59242414
44417553
60095298
50065159
17991315
99507116
96401915
10352974
28185742
31648466
35761383
95589590
41195160
75706897
93383705
34076018
66295416
18013069
N: 0221668934
