P: 876463624
5282982
7202164
1058718
2521502
7775827
6678868
4947119
1776545
4816368
1691274
8986012
6816482
3194979
9350991
5516579
4970103
3838153
8650031
8795111
7627609
1278109
7811834
6908542
1519573
9166560
7308408
8738982
5971043
1868831
4677125
2954128
7938815
4792653
3470135
3437103
2992747
1230506
6165911
4290739
9425434
4481731
7419933
5880316
8290681
6138471
2608675
9191442
3090337
7787527
2743432
1517439
8719388
1185438
8111529
9208418
9368392
1721932
4035635
7608949
4826086
5344526
5470703
9408826
4117013
4265380
2758061
2440975
9406270
5702530
4588003
6115710
2144466
8302990
2582077
2327788
8392738
8236521
3161380
8883345
9323896
7552053
8646159
5636150
7289240
7096072
3422460
1866421
2727810
5920928
1829187
9232483
8187778
7543871
7440312
7834845
6389026
6369633
9518567
4782461
6004627
4209588
8829509
8627316
4274225
7902901
6046109
7497468
4350316
3168769
3452302
1080104
3674559
9965452
5015652
2298536
2745159
7862717
5008340
1979231
5324808
6246026
2269431
8404219
9921653
5275572
3531111
8318851
5778752
9302169
9590650
1701262
3379663
1161568
3202489
1654009
8581846
1292391
2009476
1662886
9611447
2765108
7786820
7038719
4788055
4562456
6458041
9925403
7820908
5638212
3547982
9119868
6778886
6601555
2036826
1672178
2428880
2507026
7127646
6461905
6208418
1157115
6782754
3545745
9518537
2101382
5339881
9653219
8729251
7703710
5806443
9602903
6383960
9360641
6965675
8982593
2479465
8648410
8762450
5076827
4658747
7108653
6067610
1468197
4391117
9971064
5642640
2453171
9108204
9601027
3741733
7935267
3931217
6163562
5227787
2402134
8221326
5158324
3814810
3342796
4662270
7726107
7990404
6953234
1157112
4477493
7566214
1239981
7350393
6262422
4784966
1111384
9356009
7949832
3191496
2614375
3347396
3913603
7147948
6729758
2690681
9362977
1765537
4120171
6751398
5842481
4938859
6833770
1911834
2106660
1652480
4003639
3278372
3022997
8526557
5261372
5042956
8464281
4589690
4072660
8601869
6963911
2850446
3927106
9564825
7683644
2946822
6813911
7377700
3582404
6639264
1773788
7908049
4783186
3527784
2943962
9066037
6069174
4041714
7787354
9298771
5708261
5173757
1907585
3256591
6748129
3396325
2452247
8003288
6810309
5164018
6077042
3666899
4637498
1045615
9206089
9838126
3415807
8894336
9797978
5700368
6300400
2770906
9561118
3014001
3511915
6406217
6879636
6232790
7705731
5644733
5987980
7855206
2404154
8052014
1660254
9384195
9616034
9515432
3171348
8161477
9051695
6447358
9495680
9408365
5474200
1666343
2321129
5138726
1636107
6743768
6149242
6523549
8599658
9745074
8676385
3899607
6390656
7078417
N: 0630437307
