P: 748799236
958174
473471
288052
337166
459735
815030
371625
618836
747375
621301
794146
199694
478220
998562
422171
675137
101979
323205
230263
763798
820526
711065
869871
795287
390249
872992
322394
841918
108766
219272
778705
657678
233891
738485
646535
790320
442482
251041
160008
420754
143916
448951
993595
183819
369033
987047
844103
651586
372934
270653
583197
585141
183257
731441
449695
753408
240762
254375
886255
538707
528475
760724
485406
486233
923926
564564
302141
702258
922343
476090
879825
513571
866203
902673
492392
760977
124020
914378
241059
606632
809008
843771
975736
814118
367674
767767
385710
164733
545197
897920
726200
755565
614877
414677
877506
712198
390633
625132
473686
765795
514755
181065
556582
516024
950581
396912
100558
287617
412090
538243
212849
681572
208899
843270
315917
330271
873353
900348
199947
814911
634225
273955
815620
920645
376602
265609
320611
952346
306545
987538
170446
837120
972142
207337
124481
994907
101225
912736
865294
718857
874423
927529
808245
738373
303962
737931
571082
276013
602552
287165
616979
240471
263562
515492
964324
653498
592694
150328
880144
849795
476024
788586
162713
125900
883065
394086
388277
113906
733021
500867
951954
567395
921519
488984
738353
609417
231896
539088
404801
777188
551229
429432
343484
161040
836769
895099
665573
692232
875645
362294
511783
642731
785102
467876
257385
303554
990980
934322
881216
850244
319178
822633
220159
432252
784184
551235
476035
639535
370840
668931
293740
876179
431797
219410
825657
694604
106650
621472
962323
799618
574884
710315
623699
312013
641638
456526
912552
792561
587995
944837
922311
670534
130316
320911
794616
620615
885282
674765
786005
533781
882269
773539
634614
872305
793161
739198
425505
312627
623313
587238
703461
398616
423197
663480
968722
281209
540758
926447
321740
753446
260732
749400
448384
420338
615131
559417
780842
788659
271640
148982
805993
317097
733047
342045
956900
833135
320882
774609
612816
820293
137407
499455
512491
945618
569785
N: 0000000000
