P: 639349866
97387980
90029676
38541410
47633036
29700997
58158073
76192730
21605488
56247541
98070818
49116718
55995515
35011224
51956984
80745091
65476610
57603703
82818370
69339468
41190956
20851485
68895242
49038076
76506088
34055519
26705920
30316003
34056755
82340930
19610173
22130991
77980925
33130771
89623145
19681137
77665838
31157063
81630796
71595401
81215567
42617569
25662596
51024070
65963318
36310353
88010440
46705081
30651389
41056991
47851377
64523913
23180532
26171423
74669142
14048278
33767690
77640367
36613153
39749031
30205974
49085276
61183745
83001991
81843831
17659200
42328446
41501311
66660345
54596092
99787202
55122848
62170562
80358272
28249184
47477364
74655322
98182563
83445435
40348555
20302867
25585780
41320500
87738707
27161289
72370302
28372101
37156024
85137093
72238425
64412788
50656755
40968512
96774406
34451335
26003966
17710114
87511903
66536900
11230837
31205620
38576512
96082549
53435747
24599062
39282961
31368010
98150690
84909490
64670273
66228910
34639406
91975777
98540947
57914288
47854859
11171228
66371143
92756939
46308587
81758270
49785087
61110532
40531525
81874136
41587494
60782206
70445359
89635616
31179920
25972970
31961157
24935951
52534547
31257855
51236637
68925486
39222628
43332055
76459231
38317237
32555120
21830007
84620899
54474569
78875609
53424876
99929809
29667518
86865701
51365094
49542832
99989986
49359270
58818002
88349366
70159572
19478911
73457854
59895520
40880526
37924294
15201725
81517059
23221078
92595667
95445134
70234317
58601048
19162546
61847335
94312440
52212075
49237413
15039412
69918007
65034729
69504692
79772917
36272380
20311585
70918990
52980068
86053423
68340794
72084576
40390821
79404384
54721402
14074738
63768463
13584973
42212398
62983211
64738810
38030675
67281427
75195470
26068713
77454225
93475391
57475295
74195482
43967607
56238034
97163260
48633194
15624167
84797254
70586297
43198754
45417319
82194316
85581202
62526285
65013697
62729876
96144755
13717410
68198038
75019780
89943511
65725279
58130484
68800832
54543874
12516272
45560485
15436462
25790144
32146826
75127851
72969770
62860579
13010818
14633079
50129194
24783558
54337652
93461416
46566860
73494665
25326289
69488519
57603564
81447942
54884587
74758121
48262262
52514729
88416209
73626672
93640689
59516777
19850733
58032292
66267083
34948717
96743693
45807990
32035086
91090408
87212555
36222939
38832206
61297262
39987276
68520811
18205361
69210228
93985110
72736370
68274500
56821886
73070926
72469008
92526540
45080752
90817789
65105216
81188984
86748907
46801304
53501087
67850286
81112388
14600394
81260661
14636795
58963640
66792802
96301021
49751212
87935809
74405308
11837395
36992293
11585194
18600916
53332407
63249211
74037916
62266858
31167314
18497325
42120237
17589678
15110621
29250254
25616405
36227196
39532947
64341564
18638530
55453646
33655368
94506201
62054591
15731293
16316873
38830962
69062306
74685576
80396318
46888943
45447539
69204506
91501879
29054020
75633547
71943576
98733861
46360075
43814352
65015553
45374226
86572503
90882606
82209136
83395979
51504838
88868480
88909843
33213759
40827999
26463195
91049099
15368975
65020401
34332583
70360305
39265258
29255512
29056623
36326376
93428934
43977948
24723702
82576291
51086262
98227101
76659490
39627617
37582263
15570865
99289261
50111418
38640045
66671202
34145176
15680838
29690466
55181983
84193037
43282470
33143849
93435549
18759385
45796665
42099267
81596051
66452116
84889501
55115025
28284872
14664630
27379875
85519793
59933743
13102600
93622012
23848258
95695536
17751671
21553204
40679022
70065773
78602888
38523042
34969374
27020813
78813298
74141793
36035445
36866949
77308372
77659145
67538740
99096201
96080130
67196941
23705597
85308188
97410461
38085316
27571273
24071095
61893204
82076585
90836956
62877595
74916434
33946500
86731027
88136860
41209314
80189588
39071009
28109757
98089850
31157798
79752346
33947503
18726014
84317988
56131938
48862973
69286156
11500707
71337139
16197650
15353833
50875078
31920444
80595552
58927568
87063040
40746382
55623834
61902597
72650531
47055494
80998308
13110983
13617853
31556540
41680199
68016494
37800508
46593011
35820632
23805119
54624853
90795564
85671309
48291050
47970223
52101035
41107034
23492201
83092899
68059846
58366297
56282787
61821026
79912672
12069902
99815425
83601116
29192624
61175394
63612592
94839289
65050861
82752758
78618343
42101861
66965067
59803966
70942044
45397381
58656019
14267545
23749554
14407154
23860836
86999337
35696064
58481465
97399462
38383158
82127151
10652277
24711775
92988588
69282303
96655809
38895387
14843108
58246464
81640517
79492254
32527415
39076617
96686660
48510905
20382111
48174756
91927122
86689094
95488633
99007722
48506336
83556490
13072393
92482931
21989580
78914758
97448409
80803494
23946791
64203257
88434895
40044620
12502709
80316574
20616097
61094068
32182198
69013444
81170828
41626548
63121099
75059657
74885726
78175978
98454506
86290169
34907626
38118006
50022603
99592517
93032085
82287845
84558354
89054011
39924896
45406657
26599067
25262200
70131585
65761762
22406771
86994791
66094443
17754972
66349962
62335589
31588335
15276641
65367428
61944624
54474688
90019206
69987004
65238368
93148625
75236357
94009084
23608969
45954122
25206863
91651248
98742465
50698251
25542602
54539469
27343800
14748275
74361995
29789061
77537163
82975290
28808825
49679445
94552608
29314893
99230558
41182905
75936964
50667617
92494046
91103552
14742268
11327627
16243294
42710827
95180496
11208204
25273681
69052820
28787170
10614182
54151300
47003966
62401070
28725343
77527994
61248284
38243539
56847679
85264461
40551045
97213282
86308112
23931141
86197713
16814564
16633724
75470478
59425690
16301591
97077575
90806817
87392165
68438159
36778600
75816559
43321767
33460928
85312251
57639964
39635975
35700430
41782646
70691802
84627552
91142488
23846233
38404486
70282805
20545215
59063237
57231209
93794474
15770649
22310713
90511945
58671383
38296222
15123453
41284859
48797924
70342353
71410198
81626439
97265985
58875202
14936150
77983156
52126282
26669791
94436571
77472244
43146926
98771583
45361928
29202159
98456344
69553495
10733621
65416108
40711290
99711470
47100733
86509616
28503175
31095335
43430382
89909488
63219125
56330757
96256988
41236455
45123657
19546827
63026403
45628238
45904977
42232629
39801121
45415943
66156553
56761296
10371586
87327976
73269348
74316556
91357503
17886790
19217030
80270807
58924277
17986622
63410711
63452154
36958716
44322441
44475960
44216745
17344380
10331621
36563023
46961937
43518253
85366887
86099511
17977897
30554374
94116916
33075598
51238066
85664733
71191244
93392398
90777477
30550240
25423734
65000134
94101967
36657970
54712814
68892737
33117819
39247699
56516913
82023091
44249349
42981526
55276018
60771627
32740977
77854162
14078811
78146065
34169707
20909509
38389746
70449988
10202723
38801658
58182699
35103073
12600129
54520599
93436690
95603027
32933524
47151824
77769429
98648039
14532446
23232225
53486289
77688955
20892760
59008004
74206419
80572303
32098680
81445374
47915645
17887120
92656799
12626999
78757699
23106097
91517071
57628278
56262766
92782347
94723646
14765059
69158383
15946718
61802195
40022438
28905480
88130487
77552060
13247322
54061702
66385668
39134411
13032210
99841957
31383778
29794648
72599942
75299038
72428240
93890835
67288858
79387877
25551339
12364765
22497240
59939057
11278428
39751817
97943067
80907838
33625618
66996172
90338766
93107332
26524077
40912833
49888893
18426713
56071315
32179728
73891378
31841247
56155606
48532048
72035688
76435561
29249549
12012554
38592944
68839188
63643523
46751825
78208786
44172939
80130832
53582076
21673005
74872833
31878180
37656060
97965109
86749925
42806296
54298606
54195044
71600669
26986295
64010964
80484569
63060513
71096009
71585896
54168588
29984301
39958072
19564887
39250817
21998323
21445027
35092884
69478878
68706827
36506277
95532185
59586457
69314722
42595723
31340331
90900960
67058426
76428990
68645772
70619483
62279151
31937041
64585004
62174953
60152944
21558562
95517384
34106335
14704847
78290202
32192608
29469576
44409621
40392213
25675641
64942597
58145919
64790851
96238700
52138530
89585299
81526576
22439723
55466563
91863230
73196540
56419354
69629243
41892171
85659336
74515405
78386574
76851336
92583218
81536978
17687739
64473127
14245135
99997869
33124009
51072957
84512400
28496066
30247567
44903588
87172464
96153165
51211182
70408399
31896842
83314016
74306069
45543007
66987398
96694932
40539412
67353701
88965865
99738299
41415595
24995466
60727593
14523900
54022617
84786820
45403339
56071751
72463217
61916649
78944162
50409450
44440614
37216162
12087945
30592906
72990629
54328557
12234309
23530226
56502306
83460879
46841631
31913051
47091430
60637738
80041899
56490160
23757488
89204477
38803722
51659573
37184543
28746473
62590852
93876105
84226616
76994672
37351942
73160603
32334561
57538463
10607809
81902851
98435818
47828934
19503278
68303089
21407806
31860788
67943406
67259326
93641688
26460793
55261366
81053986
20689298
27944675
60829941
66313426
48376467
24844344
21740945
11958433
54454425
95055780
69048052
80818061
19679592
17000105
41618006
90594153
96254507
38254071
94792976
16293312
63331028
90740738
89314799
71169231
12764170
81509390
34566845
40197087
69150090
49214975
95545938
15819094
94738519
88114301
24593332
97395684
51868338
94526891
36282720
16728390
36215054
77893376
52336260
94571640
29909289
80652538
76598543
39339437
57440381
26112131
62363024
45776900
15627469
18246791
72766635
25396008
32431567
71686827
67264144
23488667
58365752
26192262
51424154
51429255
48635742
27524512
32799432
23953765
37554081
93050893
82477876
13320455
61495557
65139452
19677326
75596481
72035265
35488422
99860615
44583492
58731684
89576065
54373057
57290232
67353362
67090587
37683805
50346490
25085436
54914887
29883110
67616692
10222880
19144641
21222581
84215141
58707169
22940683
15237273
94102143
84373020
49281318
80270867
81412071
56558821
69137229
40885958
21301267
79311925
47253192
98082480
51779407
67637026
79578123
36521115
86589385
35234010
49575114
59639032
10022605
18594151
33236003
42564553
24666083
99611674
84321067
33278208
80555018
60147635
56528730
38921485
92746499
99908190
74754411
37528261
56589252
40501647
33430056
12347193
80626262
57222201
91440182
85606520
27781741
78289209
29004107
23743335
59706757
48992614
55398996
39441111
66694642
95678714
45896255
86695682
10331245
46181699
57182229
60439801
30509340
43522590
81239246
19873707
96089375
49771542
56702123
26504163
21607547
82655549
18690429
84640314
56122654
16827710
44012561
72657150
89604324
41543170
64935299
88920061
82939024
91023935
95987840
29418097
62298410
71149152
37114636
23898258
83175551
66161413
50595788
57855120
27170827
26573211
38758166
91407588
25615165
72861092
54738029
41717412
69503769
99567605
56414180
46062901
11848420
62740215
70381957
51066543
31656260
90634660
54167349
69471007
31450665
83514998
38977472
46090479
45044501
13570315
63584478
43800254
57872113
83131197
44020747
38811932
59115289
30952504
84669984
30500042
16373597
33637547
46085476
87216760
67318341
50754927
54066994
79959237
34406107
21160421
64207896
67284263
28878660
68092961
25753295
44896521
88339464
73723052
26294486
65615984
91722226
83844401
35965413
16552375
23407233
59127819
28259512
50360019
19288054
88478390
84749809
82818660
43181654
68677626
56084377
43652238
98584656
97805666
64840114
39814992
73427159
44591386
27820490
17580232
97308822
73377728
99065205
42056239
47632053
55990199
43997038
88739872
65845751
20685271
75754855
41544206
78412499
67351365
37832822
56803947
97512109
85585255
50625430
96393343
79873641
48992758
30845669
87294524
26492025
68084318
53339837
64618741
45639028
24184618
44493590
50264913
15691349
71697956
61052587
21379150
59492017
14897902
45287854
83510638
61288668
20940713
98174292
21442805
15540849
77783416
86982945
97830805
71015301
68512181
33020068
69141551
89215789
87003224
89200888
84318516
87981659
60476650
38558536
52057303
90309602
66005252
36757410
36147556
31371174
90950062
92188817
82746240
42103058
92255961
56318941
65960806
78664705
78540060
66366800
94059440
69843157
33273383
22639550
91464234
40640421
37731071
87325187
93127828
78293906
83257246
78779261
36605202
63430777
33548362
45091593
31214106
86319738
94476058
25866756
91870596
52739994
75827756
74712859
89131485
83215929
93041567
42247031
56988572
71966942
81802364
61134750
14884587
58782798
47058852
77121981
42437947
16671229
15846910
86879065
83822448
71619906
44129908
75571554
46689433
55651798
62638692
43989944
89554091
11025825
61829253
80981411
32511674
44359109
62874840
72502351
98131340
59322147
59038150
22931951
34942436
54029305
82175231
54872617
16351295
69390912
33676560
86465467
51166219
74393956
96750551
94687159
41966562
57207140
24619072
43589172
74074156
72576241
54028025
55133107
35265902
87462145
19696502
58370727
53367654
27708158
71832328
61885444
22507050
19082328
26436192
46023606
47187782
81055714
63190267
42088813
56503602
57650666
56235877
94710426
43643802
75242135
85670417
13274985
92185226
93232869
64743204
73135993
25956977
92835983
56269952
64214508
91974822
69368607
98105970
84629154
83797634
28704997
57790365
42370069
45695910
34248424
38861954
12621469
77941482
40026371
50124088
66876179
39907925
66678960
49537585
38420620
88903392
18384789
88934329
24147545
71954954
83994710
17349279
85821188
91510684
43422051
57558334
16140515
N: 0825058092
