P: 342094250
8326503
5532225
2263699
3297292
3179570
9717890
6673613
7115872
1538562
5188105
4853874
9290728
1387629
5982673
7125643
7023683
1673174
1990788
1260375
7550917
8610165
8990191
9997274
6480018
6510958
5687984
6274529
1403550
1592352
4502892
6279982
4943116
1909527
5515117
3072551
9054639
4275656
6744960
8328620
7833493
4231891
6996856
8280272
1416095
4526305
3213729
3940710
3866586
3903264
9601542
4266199
7229481
4654070
2560571
2622817
5894367
6284657
2892564
8659176
4325942
8258309
4458679
8579461
1581234
8862928
9201059
5232345
3134369
8251452
9465025
8079748
3208583
3620675
1150720
8478180
7906309
3057585
9802973
6326738
7045445
3533800
7863761
4832387
8265992
4612723
3100849
7153417
5643558
2180333
9358492
8728055
5810796
3338635
7280568
4515837
4562324
7775539
5154042
2626551
9518217
4317651
2653580
4967552
6709359
2006488
3971010
6594177
4707560
7379399
1351282
7459634
7195181
9076664
2175475
4408751
1857534
1740503
3596800
9183494
6931200
8141296
6902239
6011465
3777998
1291117
8073608
8275349
1669882
9507509
1581905
5019453
9598191
2840963
2774502
6352573
1910819
4064840
5280841
6294175
3002831
1324364
8146065
6368872
5153495
8784351
3265495
7638024
2009673
3242154
1712552
6032274
7485750
1082231
3699794
2198358
6976651
2682949
7685999
2020151
6963135
6250221
2640341
5450682
5650067
3719177
2627224
2531014
5346469
6582669
7308867
7759412
3925203
5525930
5624390
2946217
5777924
6301524
9756742
6167491
9094544
8532178
4826565
9102482
7263379
3634322
1873917
8517463
6009400
6801071
5895360
2860644
2415828
4330037
2837610
2193684
4233177
4981533
9330791
2190793
9334022
7191856
5213585
2164879
1172251
5165206
1254469
9167080
7669628
5942766
9699899
4074836
7859275
1576879
9239607
4897330
2471377
9660374
5012653
3272154
6752132
7350283
9556422
2987120
5003977
4559144
3282606
8162567
4644482
7496581
7444746
9474397
3684976
5122931
5794365
4173923
1439990
7515570
2685237
9023232
2900033
3722262
9244057
2602100
9562399
5264253
6750866
7233825
1218280
9579339
7460246
6634447
6506546
9532354
1219045
7961702
9990304
7259462
2531876
4044092
5928823
1187097
8490805
5420216
1051643
6161937
9540819
2104036
1380007
4495321
6737759
4795614
7210527
8229029
3652464
4911694
8299469
9248487
7252941
7056922
5922849
3061461
6244687
9207140
7313581
7261055
9209737
6646552
5841085
8121687
8500190
4030628
9132066
7997189
8271836
1004746
2324870
9310953
6309166
2176078
7021583
3514690
1625083
6152955
1377357
6000856
6298801
9797082
7762185
9437871
5038200
8054472
9847164
4936734
4560342
3969776
7100066
5714561
4052789
2786442
6986586
4977541
5836173
3225733
5172174
2147017
5013616
9677122
4014626
6320058
8307078
6924966
5915945
2986191
5238561
1891087
8958056
1863838
3319861
9658558
1638344
9819698
5445667
3322172
8539321
4584458
5459808
3220398
4332070
1577005
3867583
7295204
6447692
8568367
5309039
3869401
2363100
3535041
5300402
7563929
4209107
9305576
5223842
7489068
4069085
6211534
3176752
1342404
5355086
7222819
2484667
2013254
8236989
5516171
7078694
3012581
4295798
3577304
6615913
5738857
8871675
7740469
5644323
8095187
6927824
2907672
8681868
4852416
5870301
5432640
5003776
4082661
3140422
6401168
9325899
1609068
1112348
3761968
5613934
5038469
5354869
6517800
3860275
4756838
2453305
4624351
5286140
5980362
7232930
7626934
2366138
1404939
8438881
4034728
9780922
4551119
3557955
3542888
8180423
1800204
1069732
9274482
9889063
7941771
2864071
2749460
2281006
5146199
1955450
2815230
2806329
8181710
4488639
5796416
2154372
9722035
3991650
9873182
9275097
5403745
1968095
1854869
6175257
7935364
7898731
9559861
9302159
9025032
6507206
3493057
1478560
7129186
4113326
1038955
5870552
3352607
4188565
8121801
2589603
8753079
4543005
4018682
2850389
2891317
4502323
7429088
8927432
2169449
6736204
8497297
7108303
3822081
8692398
2982795
5127493
6152558
1480534
2945719
6929179
5482009
8333954
6283709
2548325
4994258
7040238
7467599
7185290
3849467
3235032
4412551
9678314
6025158
1489604
5868943
7088336
8106350
7781520
N: 0649918273
