P: 0
7365534
2136638
7509664
8601717
7496047
3278231
5759098
7575825
6278283
9244158
3427780
7788756
4771742
5341249
6391117
6192372
4303074
3376378
4689484
7620661
1436513
5060365
5409461
8436202
3359647
1365628
7631265
7463496
4442852
6780695
2804432
7222968
8818583
3080303
2690126
3632411
9276553
8634868
4019332
7136276
6794123
1511863
5727288
2273064
9180124
1234663
5969155
5904030
1168257
8782044
6839751
1035440
1862038
4738351
2196507
6049451
2514401
6377216
3075335
6658630
3686673
2735725
7461693
7401489
2692914
5979054
9184509
5999475
8499145
1902313
2128839
6577965
3763695
3011336
1749025
6973521
9451837
6504079
4596041
2682381
4387123
8516945
8554311
1193838
5933740
9610108
8021745
5876567
8546114
2591766
4978039
1355906
2966698
5976535
6834435
1941287
6968137
6724166
9623628
1055314
7978048
5099282
6027856
3566677
2025640
9365069
4120616
8610819
7682957
2482035
3272744
3934763
7137196
1656230
1176916
2226938
8443121
7603581
1395810
1417285
6537703
3465566
7078794
5883815
4472557
9169401
2270030
3116435
7112059
1463653
9349309
4628370
3578788
3154133
9123785
9827141
2729587
7094188
4470541
4799725
3939276
2020892
6144622
8563619
7687974
8534347
3887462
5990715
6234262
9822414
3849863
5423362
5006998
9582536
2379175
3258967
2086607
3019297
7044354
1891058
5362762
7203245
4900514
4672607
4339474
8938270
5606901
7330964
2765301
5106002
5875663
6458342
8034345
3784859
6228903
6910758
6040291
5846503
6448041
4029309
3020338
8217762
8551954
5692924
9701005
4599337
5372671
9564198
6051820
9582668
1506433
4532290
5918766
9855872
5112437
7360840
9980299
2872777
8021984
3965586
6289155
8006978
5897576
4737009
8369619
2510483
9086843
5165305
7174766
4362796
4405535
5211987
7990855
6539900
2505473
3681425
7425529
4774131
3963432
4789065
6219095
6984534
1470226
7083382
9089684
9400296
8279553
1196023
3815291
5267924
2989455
5372800
8909117
9086340
2910939
8265320
4538812
4354412
9446038
9428846
2052782
9057354
8154396
3546832
5787053
1522174
7116930
1113588
4695696
6998022
9795462
9709131
5486479
6786511
2461292
8058292
1778599
2039572
8022502
6331102
7527073
1151499
7750894
9859012
3080741
8617308
5824001
6156732
8224677
8963480
4517315
2188423
9202859
7392941
9219167
4356360
3498530
6469699
2183224
2232485
2990284
8002785
9920563
7884969
9389511
6085398
7094889
3108127
6035221
9834335
1303399
8494050
2973820
8616097
4426651
1824860
3957386
9866797
9068476
5887021
7320953
3924567
8271970
7655910
7845884
5511908
9343118
7573479
9759994
1621316
5037512
4904149
8216524
8394267
9092051
9482176
5055436
4220954
2329995
5169037
6398620
5370344
2307409
9461589
7764439
6764229
7926941
5856934
7670582
2286392
7159841
7278737
6760250
7906571
5226874
7788449
6444243
5073147
8576637
8995655
9371123
7471504
9501951
4064198
9089730
7983494
8032938
4721028
6778772
7127921
7841989
7814444
1637335
6513201
2536303
2459572
8472611
9797709
4416375
8670415
5416549
7057572
5309931
6669165
7934948
8612170
4473604
5601202
4651462
2264304
3986407
8094460
1450363
2464094
7508157
2499826
2721817
9056238
8310122
6725678
4908093
8771902
7607850
4027621
6266001
7849113
5825330
3080504
6615601
4092931
7710630
6712634
2053628
5172960
1075183
7480784
6868345
2013697
1481718
6894442
6024335
6351390
7121213
6105406
1838865
2099333
3453115
7218670
9376139
5787190
4431087
7762922
2280836
2428518
3817728
3232158
3318906
8617933
2979511
1253520
2438225
3610781
8274654
5661274
6167400
8376794
9590907
1866019
7222561
6667899
2972213
4648589
4836126
2382839
1579055
6814366
2163893
4333155
6158772
5894496
9751887
3334580
1576819
7975882
3775669
9169379
6409636
8932688
2423915
7583172
2066717
3130156
8404788
7484825
1948428
2025215
8016852
5159316
7737653
1467241
6485152
8641757
4318064
9369624
3045592
2019543
2336941
8937704
3870302
N: 0050174064
