P: 975447269
12893682
91277559
75969134
80213829
68436060
10546417
32235381
42400491
33348379
34489097
86897074
58581550
87962758
58628642
85383596
16429457
43059674
18040393
33443001
82780584
96693741
46624732
95647611
34141960
89130794
44509450
95193496
26318028
79265879
61055144
96078045
60727262
29199526
36195262
38484050
82095479
60758969
89013008
30525072
81658997
61967608
59336810
99803837
36326113
13155050
91306663
71278627
56290238
25276533
76520501
60776096
39849964
35340101
12979791
60175087
70023105
68724276
11947757
40211597
44709953
53782579
99033400
68783743
61477701
77272581
87951620
29208391
74345591
90448577
61576018
51269909
53302736
94193692
47726325
85069483
32364610
29559120
77042723
68611627
71433842
78817236
67777075
15661307
56449702
39391338
89163338
88840018
22386801
31367816
86957958
59038876
67434879
51753874
27455982
39842887
14618398
45565059
29170049
85493828
59129782
23972637
22645819
44319513
48464404
94990825
47349274
74463367
98207371
56373168
31495292
86169551
57806849
88958639
59710761
33687659
20219735
68820280
11418427
60510936
47531185
74783950
88364512
63206799
42690017
20032455
29146562
19544330
55796071
27645803
16377530
68175186
15941934
55376429
16344852
22631861
84485583
54196299
13907363
57393168
27660419
18568176
14116822
74865841
40225358
41751220
40055849
74238418
88068418
65156791
60523577
35914971
58002778
21233334
52179828
28758167
93166757
35729674
19608278
24408121
66618664
27915746
24404618
33811521
41933892
73546545
35291961
36484217
47324013
59485337
62921184
80277604
68014087
73669752
43610102
95404421
85732126
80452251
64578360
10519172
45140217
93947118
73344688
88272343
57572800
58930227
98363008
64967412
78323678
33393726
45473335
25434767
48429935
70197874
13353657
34207451
75998701
88596876
33012332
57233680
47253840
13737254
78893667
75393937
67309748
75390739
46528010
27021701
56537540
95667715
76228755
40336092
51150361
68577533
36767565
40265190
96885232
45168652
97586672
86023142
95611760
16321562
36893273
96841413
49561323
54786060
71403993
81875870
35077838
52657957
31808309
47650464
79204985
32118907
56468252
74245739
59659836
28567430
59638574
57743838
56182600
16628037
37211030
90790808
33876658
12162130
64555567
95457334
14076935
19859637
99422013
89993214
58603355
52500279
54867564
34232295
10350431
96121947
55681603
63084495
27021483
60564849
23252949
26599043
42752108
95741720
15785938
54154029
78429776
69183479
87636478
65741575
35706876
42825630
17129744
53808258
58674573
61790852
66409207
69265915
10050904
46560590
68318382
77095481
45652429
74817218
64949899
70390901
68267494
82417978
77986464
86578387
54213393
70227553
71064729
93380940
26573090
59013752
64508303
78527907
90732219
57986131
92867088
71035649
93620499
77616979
37786983
61269565
15225601
23602487
56229251
58126270
62671177
28326883
60507657
48277460
51431682
89692991
11080542
16004361
23531760
79660680
62679502
67618466
36169686
49548950
28175563
61412326
49892145
15877803
10315672
79841150
64389683
39989853
78030365
27022533
91906114
19073593
69339279
41291239
90537231
52279154
39899327
36860409
53529669
94721065
31119796
91268189
70437030
95652554
76209110
46826107
36822038
58965092
43662587
64742970
46470317
95282890
71358412
67499216
87300771
16576147
49650889
81417367
35102194
13351904
11562969
35650927
39438590
28587598
98863246
32442466
38573583
46488369
87041272
17228148
12147938
28949000
80898548
81780746
33569814
24122864
56076210
96191130
68104030
70867289
66227529
62606168
29308935
52497523
34235392
44770352
19396203
38803231
33266691
20302332
51754906
51455526
98647011
22669937
51737338
44521828
13008406
71997931
55447994
54999785
30961382
37148044
18355942
62160297
96669208
58872113
47140304
88738942
39204610
54757422
87859059
91946619
95721949
37518890
78056853
11747491
90932799
23060999
64878919
80006375
20310691
77916450
25962954
15601803
13511374
35397707
29589556
12765779
31504426
97252811
79722394
68156421
76161826
30011131
28810624
54394974
94345151
49556496
62917369
66460092
91404288
66524491
97311390
69424809
32881127
64441077
53210987
55095446
64127727
21588567
60617240
48095912
47752433
24615109
29872871
51419059
89926998
30723435
82435960
52521569
41988473
15571758
43360850
34193700
91939925
10762505
36065227
21964115
96609618
75648537
54229091
62003750
28545528
52522911
32942480
60711147
85920712
31067055
31577781
55969345
79669132
27792955
68246857
78421694
80467595
30350034
57363935
86749869
89140450
55350601
20752065
92696654
10826762
20029816
59059384
54744838
37053782
93386802
54336083
17685402
99686759
30900299
38701238
85689780
53044586
77860123
81801337
14518156
43398689
22187583
56400170
65703676
12730472
15384954
65069723
87324520
32788744
18180978
86283995
14312348
70169749
31973347
81023773
87561241
52553210
67417585
39730846
36753159
40919177
32479536
31344267
79118546
98548234
50088154
97493144
50280262
76793579
11605351
44530131
64175463
11063733
11301361
56944817
12926450
12149050
41236322
46805845
86330721
32216098
50640378
41641892
76043633
12891056
76363525
23986317
14498386
49502578
27258923
28691798
17723776
44166734
51877535
53137501
40493026
65843205
75086875
42755072
36347879
24315567
61017609
63358915
39545817
15829017
77329343
53632493
67325428
52969261
76343234
21083919
60082266
85453158
51163742
19111314
14887989
37419698
21590446
56158517
53410305
50063528
29808576
55961524
13766836
49875703
70810008
58221141
56763325
17882857
80700627
99856976
74751268
44480817
90965207
61527808
74526760
65842692
40705721
10049107
83785806
71238626
80730964
70549459
81894190
49040223
49604678
86897540
69941830
60174308
86725376
77627886
61428581
46958450
95001505
87595679
91793092
98013536
15061835
63800216
59750181
82024442
69263489
53999899
45909439
25945789
86957812
90410508
64095827
32427194
20374154
56881897
69452253
79034865
82870186
65622218
17683976
12274927
96976864
59408505
73939549
20010960
45953879
48857436
80845166
96045160
17059848
90738317
18540909
74839524
67934686
70340007
98659770
22064761
14246574
52882420
99250352
42012707
50722531
60695888
39484773
65305953
69806184
56565789
59173697
59070909
57663605
93943190
39595514
25709467
89193368
16011800
48942845
98200130
22535209
85143500
58988519
29382501
89702962
66442634
54020909
60579082
96657928
73404162
54352787
60041933
20885853
31853402
84243273
99970820
83886533
41191017
20166096
89278747
20987558
19036132
63410272
72971769
36838650
82562315
14933018
36659841
94740479
48471425
41214932
12258923
59375374
89550690
71375545
50905263
61519866
40365595
72548332
41769517
45087112
18511552
71944417
68243873
45673998
39680944
34133357
78562297
55742659
61880672
11233730
27408764
67629641
16961161
93590984
42445872
41506265
72651910
93829224
16282495
43884550
39416840
81891089
54488396
60890584
99056100
65047420
10655302
64292724
90065736
12566941
19691795
59653666
71786849
43697311
26840313
73188586
48934351
28625902
54227715
91337231
49189693
53123137
48330350
63087496
31482789
95418078
58587619
13944230
15970852
87681606
66111153
45814878
18981359
25011308
29596059
36709848
31156090
83184659
94983415
80615381
63880664
46742461
67535207
67373676
79250585
19663355
20225291
37852452
11078520
29695123
20826617
66232587
41850370
97686939
67915552
28710043
19766809
80810807
46411807
72098706
49308191
25961465
90868301
83685508
46721658
29762008
60967352
17114482
76355478
36614758
81503621
81576634
95748037
20672404
97432558
45382050
47565668
43063979
54784090
96086698
27968637
89110309
30363930
26793357
90815571
89168209
28744584
70615055
48129574
99903365
20209313
38043283
76558418
46462173
93742187
13024776
83471816
47480571
26664034
86275125
51273096
81757105
22865044
85521991
67983387
39696952
26833510
25510880
91188912
31280431
39892981
38852581
85767148
39249144
58348161
55556543
13115241
67464851
53358378
74872324
20053117
67358675
68952727
61101044
15558205
70196836
53871588
93584030
95223882
65538521
10222669
87731087
60015233
28470795
13833055
13014804
99429227
92677606
84635121
97065919
65650028
19605239
49544637
88661865
48740247
60692689
42955447
16958709
27618448
50322612
28366015
16318952
29341729
39393003
70678969
20264965
27440793
86943945
44255745
36384924
21868570
62852128
26588447
24906480
49817842
61571964
84252236
44946925
63564817
54705502
76121911
33373090
21201958
88688470
81409729
44740622
96087304
59826123
96416223
89948145
89346730
26459978
66302245
15020399
22013270
70275021
38435993
36334001
74526983
63976450
84932242
20868208
10597867
94489487
62519554
23171173
62284388
17917158
50869988
34917993
81902431
87250057
94117302
10317913
32392095
83658783
42444128
33100159
82116336
88472553
64335793
29186597
96333222
25763780
93127567
44245482
70991360
50521618
21248424
41420202
64313291
55246350
33567530
67850149
81242026
38980245
75652887
27610719
79635921
53071697
69363834
15173669
73837068
29976906
80877114
16772166
76942178
17681988
89463248
55223251
15215784
52117927
70554389
99268985
28756703
52942001
42702595
20993517
57496478
55581838
37810628
66298270
42658291
45341977
25338864
88003901
34616203
80254482
92559390
89167238
58715580
43630243
45791841
52691165
66117362
82881503
54037572
70919668
33513001
30053133
75163249
19636906
22938427
44203850
54241027
31419332
25290811
48588152
19625264
68943055
23370912
58275644
56149667
44041458
14676404
94179607
62517518
45513109
26674066
56073667
37842149
87827889
45888204
89791969
27630782
28592773
67009453
95420290
99733577
58339530
68693176
32306828
48754389
85587101
37703663
16827805
10717928
44716977
58665820
35195332
73505034
11521465
93283768
98407013
79218355
90934508
93104770
66215918
69820147
89074823
25174255
33649935
94585551
19996240
85834892
74994673
54573161
17835274
30455957
42186400
33069047
88793902
70455563
20424320
58009885
51787687
84582893
42396776
13226987
14616349
49139294
15469438
44996744
83893986
74469229
60264951
57508792
99388615
13722730
42779654
58761847
84668072
60082716
87736136
45709082
35603964
49591260
83282865
72579860
68576910
86357912
51402442
81176088
31290468
12679905
62900334
29493208
16511742
19061815
49845973
31265737
63462773
28650829
19891406
51827712
77577256
88018635
93215448
72091461
63084153
32453324
10371838
12727309
54463635
44244097
72088469
43268520
39771319
60165567
48138018
84035855
20481930
44537022
86295247
51727135
15929699
37094599
53785783
52539551
38503890
97859098
87028331
97576701
92407211
13704582
30896631
25561341
80130338
14141019
39245677
83658942
90166652
81826186
82988530
55648339
40694838
33959476
89688278
45922098
57940928
22981149
84873852
80797731
75040946
52095720
89841705
56883292
64995995
72490858
78479541
71118413
75227383
66609677
96947132
25427901
58793842
72952749
23636678
32440627
79235566
77879339
43599391
87687235
45399116
48120907
27689950
99976090
14591747
61489815
71575414
62093600
71688319
58088757
17887188
71819139
23504209
49164152
49650224
83559524
86221366
24491349
59831930
52799741
98511305
11583464
26766069
91104361
71509040
67878085
31549151
19842297
65562605
89720276
79074174
19452918
16530116
28264073
34097600
45249992
51616857
80209933
59077719
83218626
23667936
30330235
16132089
65508654
96089173
69924896
11877407
45163869
82622513
48705799
70008448
99095213
87380132
24027947
23731036
23166528
12707960
47395648
20840111
88955981
10046510
47457899
59643693
10771850
22158743
25004024
31332788
25048644
80091652
22215281
60688533
12920000
40238994
29441971
56059144
51998002
68292122
49699387
71172870
96164350
63743088
19265094
40087880
42143792
97855148
55884147
22943614
98906780
25262516
99143242
49522731
10841207
63140650
79690049
73505356
46587791
80749362
13964968
60693947
48715537
86336552
93165858
51062362
35761827
12602808
87283067
68782013
80221823
57191622
98457093
20733554
88511868
77114204
71540888
24247163
12184648
11586383
61391293
29258617
97408059
45708108
76494303
76185807
94603655
84328601
71960963
73467728
50718855
75383033
82805912
67116910
22120097
36230967
55148416
44295598
30716572
87503924
68802686
67989324
82352074
12747948
14935708
83253196
15130257
39381952
86072569
28923387
28731469
93726127
43711378
92765643
53914077
41575699
73268045
83444920
16703067
13635840
72853580
18210682
60708905
24532640
31430641
77414998
84670006
92911944
97290641
27147914
43958424
20895222
53164068
30502534
66139794
94619493
86486043
18257034
75680960
16683342
20414350
47770396
75408706
59082604
20487155
22985558
85920789
27137518
56444807
52130641
74780525
85380571
87662550
24624179
93426527
12956913
19163109
36279368
28262373
26423101
48532663
39311485
78469528
91663617
12169967
10117828
68091083
60651339
53834931
45951827
51846325
68882170
23659218
80266594
77232602
77730453
82617223
63969515
50392179
64903369
42399761
94579987
33827561
13562139
94348289
96993496
67607986
28948833
28215884
87034642
51949325
35313643
37070540
85197930
60610337
49761833
14719879
47811503
88543480
56941183
29462986
69391215
20375772
45702069
27999300
81042828
53196649
88912555
93241549
90039165
20812757
11406859
30836386
61806029
12114952
72195848
59095287
38587113
14661038
98420119
50592075
56900586
17375393
37466553
55416125
48887780
11342038
28064550
84979399
44539721
28891332
73152957
45651168
95633778
30257476
93813315
94639096
56815894
20111523
68263638
47619365
33748449
58922925
17280999
84978320
13363952
13891535
99237150
47631925
16266838
29596897
49025124
46207223
35848628
60827724
34329917
26742876
14118620
19440835
67570352
62284506
95667236
69655287
79028915
22389457
61298423
14956684
44964478
24031357
87059826
38825604
43600371
25470779
87582266
73095829
83247498
63093744
12463226
22106353
70585682
61065789
34441587
14326118
27747163
16269103
18098901
12105562
39713336
86174658
89594609
47702822
31748083
43050305
20883910
62357727
10512457
10989966
68800687
67013517
91361842
57832767
19874130
23380209
86693895
60734552
86755706
34542970
11671921
68247717
10559729
28698639
63365350
89804498
75183687
26342460
58718280
70962814
11621596
68376854
19158622
20925001
92897187
72220188
53720692
41126647
72692843
50465425
92674244
45767725
97221248
69273737
15723302
99142840
65713338
51856773
14433940
46894420
12289589
18414562
82647385
21034050
22064964
93912822
86315167
41170710
23042267
44943159
88514271
14972461
56550151
80286267
30004218
27012415
21080921
32484881
61144242
86053384
41942469
24508180
12989249
49579634
89408137
31860306
69239913
19998376
66203721
23845713
75463455
71169706
86424849
59255012
45377366
29817164
95777803
69707496
45050543
35244770
34752151
50422338
65956169
89322447
41205794
63789147
20574429
42911554
25904688
47084037
92344715
14548326
38274953
95928478
94587033
71498610
23246026
92325105
48727149
50071457
73763634
19940499
86885573
79852757
23965644
67579326
14008156
94309799
82914640
15823932
74508207
14518713
71489481
61027962
47115352
31768966
90460880
72014489
37107335
19723627
99234603
52648141
55670331
40501868
87277735
85287564
35720813
39462528
76131428
28609571
61251524
88845322
30451340
30780650
31159679
38948193
61396983
12722954
16561259
13567628
98757585
65823790
57265160
48441436
76858263
72879716
65725844
91774005
38390593
43476013
78707121
15902101
45473276
50735022
28554054
84431208
27095385
99424885
85111527
86993964
80014060
73538745
43903043
47371756
67695224
46453406
21536546
86208014
35875838
19857577
59402859
58449883
54891203
88547886
19664987
93790769
39380127
59621981
87451785
67373119
75659362
96509736
84012676
59546418
30383716
45793621
61766979
73356886
65364810
87582648
73341389
67232539
37120560
63266524
74908135
82738262
64674247
52327910
79501189
71741670
39156661
26479836
58357115
43575849
25598751
97577290
19801715
96239005
24043765
74389259
88494969
54203449
98682779
34665237
95440411
40552506
87666063
52176577
54463223
35283825
85870048
42265335
43086536
17371320
27773142
80397786
27731066
66445602
35006672
92413635
28476433
48333012
58374257
88308397
74207556
26496161
98072256
30973111
95160021
20946420
16909889
28732555
47814577
91603716
66643275
93829406
80286648
44421996
42158030
79146301
98219732
84781589
98819795
64966074
97481577
58075102
62952066
78253457
64269783
80143855
41762962
80104206
38716677
30398068
98948544
91969008
10203717
48481479
32639300
49541780
79150109
93139148
60819859
44371679
80165598
37203226
72311626
34693615
55546148
75455397
86871348
70484295
75547192
23874078
94690485
22039422
48984785
91025988
68362908
32740091
43316690
48072595
24100245
89388224
52932533
15463794
17777721
80441859
88517384
55759228
22202502
84381469
22921024
13552440
27184142
29188597
79892411
67146053
54984722
33475515
26067425
23016030
83069536
90248369
79485906
42684168
84189424
81539022
44387116
98613019
53756396
93008676
21639042
49462039
75706625
69047452
94948748
69949590
15585673
54214768
11511125
22209132
27804987
32206021
91526385
86530735
15358407
47440663
72417079
81651112
39421673
41030465
97491871
55186012
50463245
86638335
56942279
76768655
24466861
97818935
64090380
29186423
97095231
23528646
13017753
76494376
20545686
74496800
72087090
54602412
42103140
36538581
30443593
18110655
21248525
64924580
79549825
37122754
88702341
50407690
45016952
15058325
53906925
83290885
51545373
75503032
76101154
85761385
32659440
41933682
63618030
34400158
93479940
35650206
27653365
35637203
36894015
44133628
13914974
78843688
63386387
79450813
92894235
23140008
17120597
81570130
68033611
70085587
13974370
94685827
55708678
32798459
59506294
63081814
37149587
N: 1053479899
