P: 362727319
53349939
25571977
26025402
67747961
86743397
50312025
16912460
17438873
56871612
72241399
92677000
73947917
40976352
87182355
20375669
43369821
49494881
40571753
41779466
70443207
12896980
26659885
91750036
10786900
27557357
43412356
35503741
69125131
51696228
25513244
62628189
37521701
71884486
40935915
74546036
46470706
87916312
25556966
79615612
29150226
23147375
24107735
59842650
71610387
99348616
30754999
62519963
79639042
63735758
25993519
95384891
64449452
55876363
76394504
71175711
13966823
42918698
25819658
44184133
23790900
13467277
22957126
58245396
30645667
63698369
27589824
83392516
23926317
58101600
36100871
29836377
53375524
49037958
81599935
93694890
20081307
13748277
60150746
67320668
43637496
55435336
41205297
83808665
27588684
73832366
31844996
64180120
71277268
13389659
60167704
66018062
43906691
28778051
32066567
11204203
81989915
10793046
10159758
81973796
83096143
59326229
82569389
15882668
38034353
61670617
47827254
84508994
86945229
46043394
89912738
22326758
34176567
72629949
73074365
50800280
83230399
74158186
84871408
83147581
82242270
16676516
59181954
94102908
86227316
13649340
10960260
57926193
48031321
86576340
21979031
75151647
37361411
49722311
24723048
87503018
60888412
96326511
50397310
82453521
21907992
47667646
68001803
95833083
15086700
76925958
50715975
89184131
93025225
58672512
89210243
99943879
90520424
65600646
86228712
93575105
33025432
51581451
24289295
86728630
40163792
92301428
38412611
22248624
29775442
54571670
65046208
12095466
51442371
85759013
22517128
54188002
97492760
90801407
91903351
40019483
43120413
58915433
99684636
83460699
46005869
84359179
49871390
66585394
37780498
65589044
27291116
71165189
20895280
15178086
85804639
97349226
75250409
52445564
92160079
52489159
61790266
79336320
73026622
60436879
21132708
82580439
60450375
10422803
77790308
71182757
16018463
88089726
25791592
29349841
10683574
99793984
57808403
99953665
20364833
71087505
60592907
86826847
51234660
77997663
86923467
29207620
27252924
60613566
14634661
83993213
63827202
83556575
40466487
12090704
90035034
94492984
44401818
91866719
29796702
69754016
69176094
33284528
31987139
74187173
97373656
83375025
95575834
76559371
15796559
67814345
58704410
94273739
24740326
39747814
35545164
80821260
36800802
16995482
79333186
26225920
88671542
91738779
66702910
79976814
14507739
69139292
52017312
84071370
23017969
59589481
62267820
99766725
67274149
57006701
34634793
69322502
29659507
25336593
81961172
23261925
22068367
97747797
98310843
69960269
72592303
44727916
97882058
69337393
32802503
69477892
88318869
54110276
87652227
20491914
59284192
54705291
53766440
35727810
97447886
43939932
42317791
95226730
66730159
30868310
48935965
30954475
37533181
18498018
69686018
40250738
79117735
41396580
84226572
78165675
87644571
87013213
83179128
55546208
48879222
36220268
79687168
78042273
22668868
75174183
34712831
97474723
65304372
55008289
40854920
36137523
17012170
12856656
48102284
76317090
27189680
69923911
86398288
69468194
20508287
86921679
36751766
27816744
39519709
16058774
17087734
25311600
45798261
77248329
93863183
50451214
25061968
52993687
90427175
22629302
18169353
47208326
20138892
37537774
51335406
48349804
26920070
96295984
57771589
96695245
23161336
14208057
91883165
79716034
91668217
87030529
92810572
41060832
57438116
50074474
80595027
57513805
64633850
88668370
28521510
95465982
39992288
54394160
25133363
59618552
35490695
40618052
87184075
39137663
34376695
99553666
85681071
61912601
71545650
96154518
82103391
25468723
92700823
29081780
78563482
85889704
64147071
99674824
92209856
39447085
39189072
25669053
89157478
14315629
80201209
98886678
34802135
24653582
53685333
30945162
13177240
52161279
29744531
83943412
35693096
52824606
26393322
74771204
76951432
67252928
54698860
31137707
65707932
56122981
45502501
28185908
95975930
91400347
77847938
42019378
51498184
79922448
12178425
62410731
37307707
57436304
33427753
58786159
30367727
22164567
69273535
33250874
46234522
94747565
78707861
92405530
22647113
55687890
11712926
39944297
34566636
52010943
98828047
30939255
65264197
34876760
39969750
32464567
52421933
68077829
57555879
34794756
85621779
67227309
55213604
68700349
79135039
62661254
99066599
41991231
66368885
69663421
95830023
72468425
17024915
37123685
49915271
83193340
30236308
97663140
54668755
57322529
89257787
87504054
32094647
83048506
25207413
26271583
36522379
64285518
74367110
47741887
64901112
17197480
37717442
57725223
43694555
77751421
88596243
47115100
14720113
76276334
80682110
79674475
93605996
67681529
14243962
26014582
42430352
36290324
38851357
30369676
20286725
41161396
89337857
76412089
41508211
61502064
73971129
29671119
26663259
56165727
94934811
35025857
57656407
40559739
88119652
54869944
22864822
12297575
40411025
44512312
20762333
47901146
34991438
59350271
31598307
24845206
67515781
75392677
38137470
94639907
65903571
65693136
98834830
93590241
14070601
60942565
13061072
60442810
11453982
90672518
52699952
46603582
17456715
64671093
90427813
93922379
91451053
19576054
41141956
39875734
45412566
41313322
35635594
61244708
45393790
92082691
95389631
97520359
25751561
39337626
99831101
37244658
13694902
72144084
80392104
67964126
62620227
77229360
20965365
87881190
32614396
45212804
55546033
16140756
60326198
60141974
61803554
30664340
67127440
14302390
42335936
63736670
15775028
69761472
41367075
85295284
44810858
30865262
35214682
22405742
15838808
70934753
30248795
34116527
28956888
22652811
71626276
71676643
58270259
13301148
45270612
12172067
86511516
40039564
76890959
14493287
93348016
50266509
71952066
46050425
91286831
73945127
82815785
30183373
26224780
34497286
97867503
69040416
66278391
45392224
65474599
95083345
66860913
50315111
37423694
36633638
25412951
56192847
24869202
94330138
38159508
50857059
94454300
42532540
58573241
14572059
16402009
68107020
99926755
53260616
84101620
58261731
22886603
79179669
58954021
77221467
65371224
44091980
47848924
43526595
38911937
15134711
54873892
95378284
50286367
74796968
72858429
89392473
56806562
27023264
35038857
64764980
88141954
72426499
72756412
18679508
97171775
63025569
22230976
62734968
39587830
57060153
97938013
78235234
92749451
62084475
40458448
22271427
65563935
83757039
16476045
71116240
14617669
82939115
66459567
39183172
23730068
28209364
82363482
12328507
29129870
71477184
94083520
48023434
46679657
18689316
82066998
32547736
55183380
96370995
49792485
58468354
48079638
59709161
35394832
13346999
87143372
41337465
43006644
80196221
24809400
41772445
66274789
25201211
97848363
38344891
93004310
12962187
14170563
76762518
65617341
71815384
43335461
93358708
49833912
86878672
61041758
81577457
64963941
32272767
18859210
96179145
87103355
19058636
84565299
14956053
97926787
65961730
59511546
62767850
74892147
84640038
18867195
39479921
18135674
54192368
14198660
86447961
47992232
50552755
48079077
36087048
23786068
38167845
57348321
65079618
76136741
87281861
79583020
69225387
82488968
18111086
98694319
99478853
30690960
95561672
44057564
16593553
80163907
52821163
28970272
22162926
24883506
49942193
93610633
71839792
91430037
26286474
42281890
60029527
79057012
19480770
97881768
87868215
79226827
26388192
55570146
69239447
44838590
41585856
70034242
72265817
38213874
13638413
90901833
83641703
39002765
83260287
49163527
15676401
71630602
22484582
41250531
68909341
88308688
26231744
24878833
12436275
47501952
32944630
28703856
24282566
27001046
47388939
11047265
96000295
16092690
37298587
46407936
89436001
40047436
28858535
34091142
26534017
21694840
43217237
44163847
33241960
61680695
52102030
10292865
47844817
10574502
37484352
14909189
84893644
63610194
60338738
70350223
61480724
73484653
26876779
97912433
18122867
44119671
46883076
83879772
62201133
57307658
40713171
94041425
69370181
84882324
31531503
10494613
13246676
65049508
83553877
90190547
66167871
40716085
26440272
51878803
98933723
35712014
95353829
56088656
76306517
16899104
41849296
97164161
30538284
87267818
29059986
35690588
64942537
14231539
51649711
59347356
43379789
59117644
14027507
26836454
18603530
84631260
15927015
85009797
51150720
63117572
56025844
32551114
43829945
24673478
37959647
95046770
88685126
81308594
34563878
82164783
11919223
28394936
29626012
46881425
30700274
67170390
14204077
22337961
63459005
77741223
48029033
31623982
84191373
54826527
65206994
50355976
38451135
20070525
98472911
67079531
73687972
30539761
49556902
60564967
15686795
19135346
23574355
10436661
36109617
42671246
26069822
56416826
66063841
28748313
56188258
29734770
21979411
14984131
41887142
67117417
49285799
27334955
62297106
18310892
71885766
49937152
97378203
36298901
88148847
57180935
99171215
47841458
68596728
44551130
99534777
59834109
90165272
39072406
37149966
97443452
50738326
66948405
34631828
33707320
39261428
86711789
67994250
34362665
34640574
95064348
22330492
53505389
15361174
99748733
92316169
19607757
79251071
94579829
79385388
39898352
32804767
17113656
81451062
57879562
12363897
85438156
10365571
71363000
62628965
61532130
69961788
45397060
62923604
11450719
10731411
57751822
81502843
93105120
40831703
63107339
36173864
94889921
81825847
62712055
86553970
75176246
46004618
18303558
26826384
48978936
67739734
99182884
31920940
62949672
88349140
14941567
31204991
18476392
64163356
17980477
32772191
60749205
21747167
96156636
81466926
36375214
93669650
54628269
48485036
84516656
65438488
88698058
28771970
21036506
37402594
87426891
73728434
53860172
88005302
47039904
44757175
46393170
81227562
67727617
62532006
38720224
39962591
60765843
88512051
91224547
23149404
47479231
73470698
72952055
26022530
46136504
41176288
84856132
80956904
42286679
76727450
14474308
68760079
33375332
66146909
56778777
83274425
66262843
83040771
80565250
64495356
90230720
19766933
37448677
15582949
29172483
76672499
64498380
71272580
88887320
88996881
45668821
57765970
83180892
72518632
18988631
36547950
87642913
68956825
36127180
53341643
81610571
49286217
81051190
87517408
46652548
19493326
55535196
37814553
59445118
21328529
61969692
32484558
15388844
99608969
36272389
18048681
39160709
44334014
49944875
69422058
23412822
16254956
67632477
49603125
60782057
41380527
76869831
80649410
23236481
65369277
96866090
37498787
49559151
95978022
52518293
57690033
46647517
18582629
76422557
59127060
29104801
17324556
67087184
35196244
99173519
54100016
94461871
83791263
37617960
50714104
16239705
60026774
32650598
32791820
95943987
67620787
79320747
20035352
82929531
87326019
32914322
12293503
26914062
11368900
48364485
60563910
80212901
69425356
61877037
97751296
22061126
65794131
40920855
59980172
96639156
71577905
90997631
77637966
37558068
41048424
49986230
93025768
18676292
66533968
61136672
63255993
40206376
86055061
61845684
19521769
16307877
61368166
16026708
70804226
58994409
10223236
43336522
32086766
17781039
99607237
43884197
80243442
47051087
76364885
45597717
61096954
17080924
45251885
24792384
12174418
56251034
16949734
61626215
69801230
44555234
38648958
80673041
26536829
35707930
13342247
48092202
63582578
48254565
96471856
42755396
15474019
39573325
73237326
41466789
47013700
92888877
62641758
28156603
73011370
82113657
77473283
22978049
41098117
79847086
79674886
62672239
37128038
18541393
90477285
67104881
21300276
33336737
96187879
20765194
28249851
43980574
30493983
77122179
26991877
44801858
94405757
83266949
71846052
42612530
24095893
31548364
75332558
85123970
45796912
30270771
90215346
34171365
44074291
22490157
54820852
38677909
60296327
47684710
37588519
17438341
53284130
49227298
80022570
50089185
52412562
32187369
70683176
15499146
42783219
55636706
88092597
73168120
87470979
98570815
62248708
56648267
52977248
13873057
79528799
53041604
12094170
95297081
51407202
70672113
97932071
32456911
42383515
24136276
66941932
18864568
46136423
54555390
80123450
12599597
24824985
80239999
57590556
56865292
40673759
96735389
19776207
49473799
83838340
80531386
40762372
49725640
11403706
78104628
58287242
54928080
81780834
52824485
95762604
69335307
81564561
97971254
96840764
73406272
67054702
44206612
43414839
92195195
96831303
76585855
19552434
46288168
68311322
38834267
30948203
46473362
61707127
30169189
86056336
78835768
72290278
43445227
87473605
27181691
51983026
33141300
11750013
76616157
59071660
31468418
41037071
98135655
28624304
40607765
90320416
28400622
13386878
30770671
81634289
23915471
95431020
24131071
43329738
67902364
27976701
94855543
57101544
22699262
51831877
59690700
17445594
94838098
27271731
90936657
92328846
18010434
83016833
11485990
92908201
56147390
35481902
33953406
13129982
19300503
15147892
32841055
67259876
47112700
84619474
56606610
48535273
76245047
62248664
15287357
94182786
29846894
48087781
91177874
43192938
89985958
80437285
21781803
47723232
78322980
61825397
55247156
21504225
43445306
91031631
86557473
85585085
36630726
42554471
92916226
78342535
80668159
59283794
95908171
90433131
14351073
31100129
37083045
86847803
N: 1008002396
