P: 142922521
40023320
60010847
21801768
80223570
50210838
17733665
60495897
39741985
27336056
95858084
32413756
50807282
52089261
65637525
20446226
74200160
49528311
51480432
80875201
83070461
24483140
85760108
92193061
66776997
69653705
86293527
24491910
33962225
78107952
37437955
91363954
23237340
50979527
39558432
89782531
54075305
77275228
98940540
93179736
80876963
79477458
54285608
98372931
77518068
20301792
76140380
68224135
45930434
46707353
82641146
20435705
24032242
32763121
84577042
88456160
76330538
44852215
97337493
57494773
41091873
68974669
64829190
93960247
38719730
46115296
38711227
54962281
78310615
48886175
45123140
92375925
70467301
77832003
28601223
80730463
57139202
86793215
94340356
18348362
40763673
24739874
49864580
70941742
59382363
76845043
36841926
95584008
83107201
93758913
68172693
99483901
89640658
31580737
51752527
52900176
24977069
43680293
18567505
85048604
31018209
28996117
64342506
79015734
35966331
54814402
47805797
32543731
77172541
22150182
86862249
19209619
76586597
41222803
42012569
77532795
46754231
86173194
27770345
56292540
87929888
64348806
69497837
24026779
80239409
13764781
33941356
20309207
32337690
69224111
92758453
93218662
22221367
84914635
98920346
67021931
18229066
28523483
94727021
46304344
72672663
19719030
72346269
18249026
42449000
87105248
20132540
39203937
17839867
22103987
65256348
95032973
87396234
72863038
53627353
89172448
85889321
43375630
93290458
51806213
64006418
33584657
86193539
60514623
46887817
39307699
32710788
69600214
37350264
71089423
16779249
78774605
77939720
53673674
48963569
17449591
52397336
34094665
34532630
82360780
23916156
87971647
79884811
44754023
18977720
28727181
26158993
86887305
42067247
44391937
48161226
57138517
14029141
37807723
42970938
30811365
36667921
74090281
45298495
48124868
97622907
77502757
97095813
26384156
81592399
47106763
35036912
16478012
20899179
26610415
80326335
49875278
30385259
11471481
81059617
90510296
65717570
78331295
60842105
38595538
79174635
20871476
58397974
26881503
29387278
20638726
85825761
69728287
75827521
34200619
23759455
71392794
74411873
74943816
11914633
88211187
60561782
53101182
38168241
69118296
90594856
20455163
27340790
80083703
83875293
22840083
89293406
56633440
65173056
26977225
21791250
27130568
20826332
60346658
80378642
35534579
82602486
53567583
30923504
69988298
45395396
51560510
28250020
34976182
20722554
18994402
11054937
72232571
98439745
78112117
35426081
52370016
10904051
13332712
69680991
82765092
11666735
97383668
34841369
92566040
54940173
17814945
12028557
88097841
29493401
58300292
82160071
29520666
41949192
31727650
72506243
38640476
73762252
34043872
59602324
37952471
58994556
42208871
36912721
11787687
54188921
64741249
38014132
57478141
94659735
54338592
28085229
67862265
91614398
68123904
90261871
19894967
24058881
51937908
77258789
46710622
28884459
81310068
90674502
20682369
48966448
41328578
99017323
68601726
43234020
97500448
17639534
47862312
81630703
86379830
56350356
21471490
35926204
76555714
89541076
67978531
44931338
40174546
40052426
97475529
12928683
71424352
42356129
48538373
33852230
49395319
36793597
13810790
55702059
36433856
10364006
52334295
96413671
64756531
99177532
22943519
17248957
32047247
35480695
43657711
85417912
89571767
99303861
32687937
70954290
33982461
30548959
92345657
71473783
83289821
89955613
55834439
95964400
36824228
61049391
91781524
57900094
30086966
87266893
97554341
97192574
53931666
70492863
15591933
16092020
29503201
50362304
55032780
12628693
93136747
38907474
60142986
26816996
26236289
62736391
92263415
53575291
60107695
15379124
28965592
94152528
28542242
78678575
28182924
48719293
27813610
47429713
24227068
14042309
77778515
86592237
74674838
18673364
10557196
33424771
78785294
95665433
21746112
10447478
36963554
25922586
40385751
78468856
55398708
49724759
59465915
18768306
28898311
10427763
93697871
53931965
70711563
25434918
22797773
33684944
64990563
99494873
97106882
52905117
23871537
74810709
49731957
39147481
69866449
43144905
25587105
63381842
12202356
73314211
87042637
78210875
24710540
29062363
28834880
53889729
10305561
98977378
23184822
56720311
39171064
73425456
75969288
95373432
92656790
54749237
13346144
91375500
79272511
37738193
54237697
87361465
15906837
76373179
78004326
32738265
86763100
67349771
70105037
27945018
83935517
12011563
61359626
19939090
10981154
89329128
74736840
50195224
76408614
70429576
21454158
34631518
72266284
17652460
53675744
70597928
44121312
72470532
74630393
41372796
22602740
36770842
87051876
75911681
74326797
56750074
33120077
42337641
74754675
10588650
28609230
56631791
55386631
82334083
80738049
88218503
10618300
33787293
73665169
68348320
11915765
93905157
39011546
31125022
99095960
73157298
34739309
96203331
27520923
26753113
43970585
24630253
55472642
43354964
24401260
65955243
40481686
12247054
69846318
62807844
32549430
21650233
96468465
91773304
64788144
23699665
44194232
85027363
82125755
77562062
58760268
83082729
36965922
59914877
20016552
44827140
17021607
67076421
66952905
36876119
82516582
35973284
66949995
77897893
53963856
35717558
74816643
35913038
47451603
80260777
65766286
96417711
76927131
45798442
75376594
91684951
92249943
99720967
96378676
45853081
34577323
40500920
12365928
78746536
80456498
22168149
21104960
52851157
84612514
97508647
97881814
84126313
68200326
30265651
53734603
56627120
49265231
24489655
65614383
54479385
31580416
51068040
72109956
16715504
36221813
48207071
66903926
89039571
62111811
69136702
88860544
24432194
87868048
73527047
47513325
84454756
43495632
89565988
34833033
38159583
92304830
50518115
81075125
53883557
71763357
69947326
83179962
28364169
90509363
44275133
81708942
77500166
37554378
69987464
32691521
37445761
57966152
29905360
52213098
76071694
64910904
83461712
62767213
54230989
44741680
51640353
71021864
67180168
32433480
22198873
63924523
86010638
82556966
73817260
99353884
75514956
57412106
51008665
79668031
98379863
40993047
68178796
70173669
88115617
37775758
38955458
27355999
43773226
32613745
51894952
18828975
55029311
51288667
59016111
99878338
34380082
91761547
20724382
73030883
38731243
94231035
38977972
58967430
32589254
51867661
74423875
99866127
41581561
11775632
97189107
31580039
35864306
55875576
20202754
38596984
28041889
81726401
78135523
35350068
66400161
81824706
31773367
86357481
59268824
49301180
53782306
95136656
32334690
56959010
70161944
59483060
22360197
90743264
68586867
10031380
87778965
20013168
96434255
68623917
49524699
71212854
38088967
87973166
54117505
88484901
82167408
16895611
10740246
38190135
48353247
97856278
30478857
78474882
87578685
11709770
69561564
37959526
82163249
11202599
23321794
34778999
89835660
54731579
40225833
84735045
65051163
85577685
52313367
91282310
54421828
56168447
94666692
97956875
68374088
22306194
32247980
76580737
80044648
39249088
82143172
65257671
45724365
41919838
59000936
42474426
36496319
71410904
66848361
81107557
44186036
93142881
77839431
47608443
58244525
72561012
76344604
72923559
85129892
35227783
22336075
75330381
82876615
50977643
35302261
20697428
41602167
81251086
47757073
95931587
81685037
52822185
60520897
18612999
89489789
99821885
85332562
74841960
78717632
73949766
30570117
69376484
49571803
70294075
40145137
68783977
35772742
48531173
66150415
78362988
43073639
93594927
80867319
75641373
44919297
86010152
81955036
88683730
53664256
14487698
39558371
80394812
41988292
79434424
41354290
75614286
44634609
46599480
96952934
71307141
26832182
54896123
77565043
70058313
66023172
35710457
10259891
58116676
87894977
49447295
36227658
90502053
76326220
84858572
26654970
48681187
33558170
94995247
82845624
26559181
60548524
50601978
49664242
44529639
79449760
48407581
38020674
75173068
38412072
20354452
69248318
83342383
30839728
88900361
94340566
27503449
66356593
65458505
73071775
44400462
92540917
84417102
48721348
82046050
78615016
59492651
44014012
25937692
80746339
21378898
89131495
67009356
59875900
83975531
22230801
20298592
25781877
59007427
92688783
37474501
64164417
66087588
79568102
15558269
59581058
14549091
69266787
58515464
10659847
47036447
90267209
17543815
81889775
68237485
21396681
31915263
50862635
45686865
24061019
91499095
63431543
53338672
12082138
81078262
57463863
32506850
52660371
92736424
19093013
31740530
64617193
92896025
20912430
81626489
46829985
95030591
20354022
49985275
17780703
36978191
92460641
80725557
18738999
26897989
10381402
45778136
14190310
81225407
67389398
14738408
56350697
22309866
27055925
97657930
55068867
64184162
71922922
14932763
57536671
73050508
44061710
89507539
79066011
18044703
99031717
55574244
24351896
95285432
80911557
69717693
99453959
78268313
30836680
17000353
88707360
54078332
83223464
95870479
44678545
34450633
52414058
19010977
47873094
54739232
17815819
33521249
10443665
40201699
83475480
44875519
43134094
82994147
98266160
96457121
18042774
33218104
75542140
42968066
70677785
42521934
24052545
84752943
21201496
27999970
43479638
41868593
29038347
61930711
87180725
70618286
48655803
29569268
31758848
69491789
46447148
64503700
83361362
50995246
16678527
58174718
88666334
83913035
52605559
35925097
81225781
99919240
75153056
78051764
44476314
41556843
35715471
29482334
48086451
45455201
67560951
67254193
89755521
84893555
37454231
85032612
27192700
68865499
17291204
18923121
62682010
66125797
66658186
80878955
39484785
96693282
64625224
58613498
68440052
29648806
68558699
91108425
33043120
38329388
74580479
27590972
75909400
55974970
25601134
37009163
48144847
60012438
70043784
43568140
86868326
93370998
21053049
49229219
30422860
35763965
54417578
93006961
81112951
92556300
53287471
89376841
16150424
56990208
26341253
34423139
11876961
82821714
70723592
39464889
90364341
58620831
69458193
33907600
44019224
78771326
14014323
53275409
66048360
36493672
23423718
36384335
20700873
74223565
70351367
12282619
79370906
29821479
22946675
70738961
94631940
68662887
99610840
56854239
38957756
76358475
68383225
40818981
99804804
41794999
36935997
43513304
57184806
15527527
20700424
99606189
29878349
14808836
93197996
52620318
63924453
19638914
42283786
39543866
51458594
28401107
23092078
29803349
33163695
77305903
22639197
20332977
83111886
79110642
36001899
69696795
20963957
88784538
22676863
24038719
26123915
97281817
79562227
17780502
12630432
81117208
50661063
74216345
20431849
50546284
20786189
15617845
42365719
16649659
22994164
32427772
42038487
37615772
73179419
39175742
84443809
66593490
66842522
45118296
61034117
51146005
25163162
95254262
73592783
98517770
98566700
87570679
53259149
61901750
84036165
70876195
44353896
14365995
51358097
10609880
81568060
41587717
93471621
73163463
16140705
87401209
91673486
73550326
48854726
22889219
53424615
88515015
17095767
38035528
25055396
72540241
41044825
79137094
44923636
52072925
80731367
25082442
45442068
68787860
14145833
96925070
95323223
81641719
91255677
40733370
47082118
45544301
29182690
88802216
10739237
20513685
34776626
75024927
69338382
83293238
97777233
92769309
98051189
83316656
87920593
20051855
45738802
32765518
66661198
95299072
57707435
46709095
36010853
40453140
78859607
89637938
93039470
59463314
63839953
13479651
99906122
38188628
73611385
14610359
67790740
20877454
66907735
77931051
28376698
35458368
32256539
17504002
12465692
45157526
17890114
95925355
96521689
83663781
41324083
12274460
38994568
59619632
26297150
73626958
10161206
36002979
60114580
83557737
95899910
10784280
60571690
60171574
33385914
63501241
81435058
65810853
43355566
16388250
11215522
28435823
49262408
42747188
95293848
15079706
40755724
19349476
94640812
36820990
40019477
74207526
17622614
36037434
45907710
71584958
14117488
82105969
41610356
48375299
18190180
18296074
38596071
40576999
42940803
12249839
35184496
74470910
36968534
55111810
29946236
46991354
72638755
35309951
51648632
23674459
13694752
26003752
54790183
68131907
94123548
14339903
97893203
19433216
93331667
78756594
84935425
67326864
48783315
59116724
38264410
84589033
51856188
24657228
44868106
71034839
87130264
46704091
89861483
11983927
42896653
82892274
69740847
29241333
70421361
84308125
55446377
75542515
41225857
98311091
72324919
52700901
36167155
48760405
76174473
24019778
N: 339081945
 