P: 964225500
460952
368657
900251
418348
281659
488214
450298
781540
472384
203682
662538
314202
353013
608973
202408
672220
206467
428508
115994
265965
249255
295781
869931
120910
233738
143772
265752
254784
369950
776481
558127
990185
208653
547682
213743
625612
304819
527283
743424
430770
867664
894128
899789
122639
860210
470928
365464
680905
157053
307231
558446
889602
172456
407170
506814
771281
580006
730109
770704
488955
899975
485695
153695
975155
427783
941129
342454
808812
413067
211987
219419
241877
135243
952308
680750
703111
300040
160376
803945
959886
360717
333074
879364
745328
536275
288039
334348
614511
617194
268842
210832
608265
464188
121766
788006
626914
872317
286351
729306
700423
352525
512650
672600
683806
687974
487922
620937
669664
542503
326046
978172
198931
726248
212775
936679
176371
882850
138208
622237
779782
292285
404022
317225
804376
943045
521524
725872
135173
479730
472717
989637
143600
505684
293450
213989
838947
718379
664587
501844
516183
156949
380734
935856
689907
440707
437942
704789
942554
170305
929015
586206
632771
394730
577930
953493
473302
747998
898191
178676
365064
709155
464414
514775
825634
523940
829147
630566
409393
534694
225807
640893
647938
209132
719292
729529
899152
721131
993689
533455
571869
605091
854891
131840
446447
128887
481951
820352
891582
823330
365096
899750
862271
673191
287988
637149
401952
173498
712018
560259
729084
722092
582148
552799
187214
116925
588940
487867
888314
958382
353837
929031
401223
624092
140123
987664
107303
304576
773278
579514
536642
516763
355796
864280
240652
960309
359125
847687
320863
845909
166001
264458
696739
922292
936745
559893
792172
380547
395155
730407
478949
557543
208291
380327
252182
955264
713052
470874
191579
538384
388680
849503
206517
853641
527861
949662
800326
823381
701270
386170
179573
749966
390980
333792
995695
694219
990990
729054
499222
783892
874114
245106
819228
385078
160575
784783
585742
789517
N: 0773643223
