P: 1028623025
52611652
92596670
98073947
99817421
49052744
55413128
12997409
89223342
60179826
45216128
61206383
55514193
64198237
82391809
90852467
31358979
58210797
40010839
51525617
26225615
95986879
20758513
19220113
14069376
75142183
84002761
47776183
19936876
64167445
89141535
21110593
73199711
35067580
55970798
86744047
92363869
45138618
70130093
45220490
26873172
12972544
24522795
55552125
94430277
21000259
85080121
63607164
28487726
32331809
98774366
61287914
14740120
55721555
80595002
81018021
93247842
86645668
34479084
21676291
31216649
58705521
26053102
32674771
42194421
11715934
93766168
29693695
27891889
12401999
77635776
88459664
66239695
66159560
99607788
79494222
57417370
11395468
51963050
46817188
81873274
95874789
33620541
98133516
13068034
84314896
82434139
62377209
53109780
52703159
20973353
42634007
25920812
47227436
30185779
32101919
24473798
29586472
57295670
56121075
25579550
10470550
43106541
27881287
41910421
85981635
73794599
90020355
63429069
29790901
35977392
85574313
73710719
27537010
77391256
84231081
40985022
13128582
19674615
82645262
49505022
94647369
81275481
47945599
69018627
14378749
63568186
75054849
53989007
93585541
10606949
77304699
28501240
58509212
33937368
48602258
19487976
26851184
65745720
71652577
15115234
85465334
20482134
31225012
31942519
87779652
93713639
45535532
10123395
20409960
17779772
19124654
54424017
36974683
47792152
15737610
24771205
37935551
48884887
69854246
18111162
85348706
53516131
32529602
90069438
78488257
91718667
50580545
23289146
54768675
27481030
48810487
60606774
74053003
46605944
95760482
55997070
88719671
56567992
97582277
67604769
82716807
17030329
52888387
83407590
89593697
79343186
57782647
22231396
46589868
16370872
49576182
83954069
97849277
12593442
77139967
47573366
61116861
52814976
58012727
17611848
15169470
49131022
69251673
34626217
58135776
51993923
93446228
12925342
64528035
53078404
27986299
29814831
30549683
29627711
28313823
39855756
35391937
23821689
33966553
79901855
22295938
67937307
90049737
12599918
12829718
95328529
49279334
18210398
87486617
26460855
11832682
85781667
27537812
69046622
23158215
79879877
62539089
11961042
82706134
52689965
60455131
21912913
56825809
27406538
42145871
69469386
39056623
93037839
28533497
92704489
80424025
88208051
11204403
82265185
53243386
24842777
47538859
25029910
88689000
18948847
49252738
32778589
72200756
80300701
69664475
91098415
36874595
39989372
97854851
37150819
23913991
29409931
48345636
46023894
57561333
63584180
16811519
14998677
49022088
31311512
67733164
85940726
34074428
72993080
55374822
17356213
55317478
32297218
22157228
12305826
90228468
83093417
18699972
46106295
86852739
35911875
55195003
88781962
67151117
46412387
70095079
85959625
63260442
60368300
14404983
91508872
58930033
16901371
15010263
51903736
50088017
33021535
33238463
34891580
77481083
60984342
46000223
60120155
88463612
49956237
21480885
70726752
56886186
72539316
14106638
72583027
83432906
10188439
48669473
94706902
73390387
69130673
80034378
86814316
98738495
53623549
57548656
91977617
85103561
46164937
56793282
46375713
55013381
91251930
75727640
92655349
53029544
96546045
49055374
74946541
90402157
11578682
71234833
36169590
91188523
79556749
19683179
42028567
53940412
63010121
45087238
40978076
94941193
20408752
53185992
46605416
10678571
71219564
49310814
15909705
60249891
23130797
48228378
78472895
26361246
71896491
61095692
54027493
67046458
71202345
49648598
13085362
23237064
58208799
95658369
26260573
25555721
81638700
18655936
38084676
29342694
60592629
11836753
94035876
20582637
86902102
31072565
47817981
70782250
95311541
11747666
97195075
52111462
41155346
68184462
99531152
69089899
34420762
74810448
81757782
50070845
22058724
16761006
55643945
12522349
63690039
51946769
18194577
11865804
83096405
63069469
99219561
21984138
58741483
94841945
84771249
24669397
55730497
94313293
93670068
51884941
42953671
66166948
52603279
78528310
97190036
41826064
55426804
43790193
71941025
61710314
18956514
24270224
37320526
16040611
29130462
71404389
39168965
84819436
47192012
55145069
15812026
69979897
24421339
34045232
93573025
64496773
11621668
91972311
89603476
54303432
12186837
17132336
40971944
54234943
99634776
39995236
96499732
52515224
90075110
19734160
30963185
23716986
43305905
81355457
67445354
99144525
50402807
97246502
61092974
15555018
10235069
62521359
94946126
97730043
25201651
25290480
27306429
69356490
54815858
19616837
32193311
39330611
26055743
68491277
10202903
22561569
27134430
63059559
78527885
36843744
99483987
14827091
28744141
73288949
64875759
84088070
85753675
49446365
42275777
91324989
45410716
13142824
21697745
64620507
30167424
69618279
89280586
48326110
65622617
84907372
42102364
35281775
45945151
43247184
88825629
38559845
50209839
33776657
46657212
37872454
64332476
68409740
38930044
33486406
33575495
78075765
16618560
50607326
94827518
99219326
46427313
93218147
35572168
84235019
52384965
94691205
92325274
53778240
75743737
11412026
60264752
67692685
27012402
69101927
99001029
58877889
82668451
87589816
49415261
65001491
95399855
59113566
92143924
39532571
30780275
33126310
78478175
54080531
49370981
27116456
39137926
70723957
54620461
17467007
66947858
88703748
50816454
61151169
90067587
99808885
57260973
30927589
37525102
66168866
93889491
17682493
96519951
91377874
14009978
81463903
69838659
87672159
83609449
52700360
15186993
40994474
69321591
49028397
49092965
89159583
42116260
64525210
28018158
72674725
15342280
96166480
47554252
54178295
26218568
11706227
96802399
33013263
99383070
64594744
55421249
73647066
15805371
38604274
26031565
84442605
15036010
64284760
32430828
37037478
15807886
26902501
16251561
56342184
60574571
85193067
58645323
26440102
36763428
46330909
79443923
90070649
18808397
31390704
80654601
70008060
68925781
45738046
62864971
81050734
16599334
47086114
57799415
37746149
96025821
61076157
46745698
48050598
45710738
30411453
69426797
51395232
83095368
97475429
52201937
48855020
60125096
75934020
73921882
26879225
37778008
61108655
60817758
62988844
53001689
98246042
97498591
87761575
49876827
70814225
43624676
84474263
30249674
29920717
81704900
94914337
44017754
43063916
26897385
54681943
85861309
61641086
69189068
49622723
70671532
83665151
67538196
16893323
74404771
98957754
23838726
56076047
89628504
46612823
71224252
85465532
71993956
16290796
16483189
17616511
19093778
71258468
92957271
41314323
40024750
43245830
16317384
26171210
40144470
44538919
78182047
98230582
95404541
67591620
24793892
50024020
12561559
28892112
64338319
55496328
73391112
99582466
82568075
84969801
67548874
89056045
52322789
32482867
27355710
13740572
63576921
49089129
32788644
29601704
75864565
69241411
11143928
80249114
88796656
98871942
18167462
48202176
12338257
30255516
73894069
74399022
99638107
32542514
23486628
68321683
90074978
27376012
96751915
22197836
78746384
80392296
46881300
82022925
59954708
99375237
21464664
21527672
92585641
35900257
39089303
53704374
82338400
92595872
92147531
33612665
51289243
66329340
10787985
21254016
88008388
57003398
45712788
61099035
17188113
92201313
22904772
43525932
20221687
85131249
43029144
43146594
71432839
98487536
37662437
59957284
42447787
33373420
50202424
96856579
64793759
57673501
80100759
25130616
82415919
99194638
62577565
26992529
61983020
26762402
77111274
88611885
19149687
88897579
36993222
98784213
45611176
25651312
80216856
94298394
43437561
79914079
71105199
75340948
32311088
33424856
50972313
64850890
43374974
84833171
37616416
65682110
30087060
51907761
67506356
65133497
66637581
60866743
91840619
41866381
85758083
92645624
33266297
51945361
27319441
15264976
11773368
29073247
90862818
55030268
98647392
85068144
84959401
70582043
57153421
87508021
88599517
53405859
43355107
82033964
26853941
71800288
57573642
51148127
17116764
52707970
11290082
63164052
73442624
99545154
94347349
96529535
99607652
12246608
18222125
51977358
11895156
84232296
37206948
90816280
98584574
85364062
65310389
16070061
75970080
53881405
59387599
39230118
47084141
64476876
83096732
92783776
40458734
15768958
19954516
99020778
63602591
74989739
31570237
64133678
27451938
11494036
80787246
71071209
42977270
71435931
25423593
40791835
19527712
68490097
65854362
60454929
65005768
52563181
29770464
29680361
70385668
17771487
40970207
44769094
43076396
27155305
92261149
24579098
88255308
57247338
31341516
12607086
42829280
45426577
30493982
78278011
23680100
23772329
86922320
21426593
48744181
11761573
92207515
40224432
10458440
21768557
96562554
65002570
61969299
53556338
84425460
80772771
18749720
47098241
93962038
67024698
88471041
92952639
52889590
77122213
89698809
93685843
40638029
64105809
15909115
70876585
75466482
53227471
25080706
42733542
33442412
36456926
67307943
87953707
17278267
42409985
99550107
99066436
56719041
15245392
21392214
16510094
12318603
54061120
55171315
41561260
14998066
31433211
31945577
74287018
68911450
91040266
73420714
94245641
67228578
11180551
57595231
23812731
91915590
47388070
85904784
81692396
27740872
64544707
94662229
49117279
85262679
44891874
81590141
49572197
61383865
18162672
39961807
45489077
83848603
76745084
60308604
39358432
44224497
29251217
37335874
15030291
85174071
22741133
14231878
60747528
61739740
56084107
34182599
97802947
88445528
52320078
24350241
14372127
73573818
39261304
66600027
87603952
76145418
25933594
73962967
10627694
49111614
43794732
51775185
10292837
43171168
27604321
50732117
37843817
85355447
64606092
33631678
70300850
69613551
85832230
30752278
80358544
59979253
11179204
49686345
98390706
53616035
27323649
87920434
47536171
10183971
87524659
60613126
48933130
89449371
48555298
81361256
76899375
87013678
88926617
75384185
47779374
40116625
59654468
59873119
27344565
79118820
38296850
52297078
17926852
27292236
91822529
53355934
47723820
36811309
61924060
59655779
26722382
55554118
89643985
44012733
90621725
52045240
94339791
73429755
99007688
95109813
40560912
17044074
75275811
43076036
31409450
13541326
78767423
27903716
32906037
19636396
45049095
26702655
44979323
86382097
52129711
29185977
16863035
91099388
64818202
19025846
31648309
83229096
13056307
19701335
37714638
32911106
28860011
14857357
35226962
14929319
57736634
66772284
98798022
30339408
64322552
91612240
33583190
55496223
38542742
53390746
10996450
69710930
59887970
80718382
30257432
63981876
59945364
99503557
90082556
21175355
85989957
91790203
25980653
74610414
24865097
90031053
13043832
73836913
77880707
29922006
59091842
87648960
29604989
98048553
52307280
75008618
86486482
42577767
44453593
75553648
85079664
45864179
42421462
97204622
79666340
68362709
73853997
38615409
76131540
27376585
63582023
89517592
45345491
75332360
46861490
30265294
78276594
67887203
72984547
13765874
68380809
41958263
39580929
43692710
95701552
94601791
62588628
63000071
12365563
20220429
14990067
32786991
59139615
68081362
16841481
94256400
50040031
54329664
56689478
96476904
94832934
16728905
90383959
92180585
15867642
15919301
67904598
24311640
72801887
51525140
21555415
83158460
67538986
97196039
96430252
88114482
72619012
11877050
49251825
35150361
81678837
10238358
10322156
26735819
89883839
71835999
43109380
61780283
71220035
69486907
36645778
60618986
69082837
98224186
48913252
64097475
62437070
27359219
91124184
70744582
45123896
71974819
66504214
81923910
68348741
79481996
63472596
24650562
46222087
25075345
14032159
81357945
59849359
40205624
28676801
85526118
35578606
64098669
60579304
31662079
50638909
53994017
77542078
64196031
11950781
97357140
90100752
21737357
67299855
67654078
36890168
58827148
55465151
57080747
30081306
76093301
60570521
14040702
96264293
74105439
90140240
54486731
41242372
57890634
40919665
31138670
43003933
20047499
83494077
83658269
34018694
35111249
65076061
43686974
34373674
67534398
17749084
98558655
19221536
92700109
77368185
29981214
23739150
96981297
88639309
84713821
65478920
43423446
89883478
12248621
56935515
19260694
67892414
80786505
90215633
63291055
27136677
10371847
32322846
65483100
65827257
54836897
77024053
82621135
75128713
66368291
60756070
44783740
51567812
86350929
87871563
57908728
32815603
96883347
98510969
70163392
53551360
75575905
49722504
53344838
34776774
68590224
33369689
11513932
81406862
18041458
26172273
55336914
71881517
36150780
43262445
51150835
32992931
37640109
64293083
47419611
81071434
23700375
26325346
14651380
76987563
30018577
32402473
54185112
73168534
67002668
37580270
52876841
61666754
96857814
79041133
33285782
46530427
64288774
45512391
54940577
35642292
75790777
84591404
26476753
30470974
52322535
60207685
56730097
64966876
51429179
25787455
48495190
77043390
87223412
75258021
12897625
14733063
44322041
18945478
35448050
62288335
50306204
79745983
41146873
50932411
56075433
15248976
12986714
14048472
83521441
90636566
37723786
94878751
65453998
58808699
58267669
30446747
38608816
22585657
88625605
98341077
57811431
32378589
55346879
48191093
40812479
86672162
46041543
56697091
41611476
49898768
11554677
66770973
39563369
90402515
53657288
35781989
44916537
27166999
22551735
89120126
87267338
86289565
94040959
12344063
91139869
32484483
99820447
75186714
16314999
94264329
85576099
63536775
62473907
31459553
32227936
45419699
89372695
72229980
33543738
84715787
39917718
10166392
95397536
40610770
92636917
79484680
25747383
49373549
46416876
32832612
69984837
63696358
16378170
11815933
65029722
64730814
18341881
17666538
59664499
53075188
44205841
37691502
21229579
54028846
95656856
14379045
44516640
11314508
37561540
80488546
53356060
92063115
71073167
21159213
84009523
70979418
39937974
86941882
84694601
12663200
54415419
33293217
32637564
41903428
96476078
42064111
52758285
68098722
92102558
85283154
67467373
83944991
51744026
25958586
19576307
13286989
20095125
14108032
62852106
87616479
68714734
62865010
30684222
66268255
24413352
87982381
43867946
27808791
97145770
64065242
61397868
84438657
63794481
47028799
86548178
90272573
78272804
17510476
14119545
94974466
21272541
31897662
41931920
16578137
20415086
40081916
12671712
57995101
38621515
10458929
78963286
48082644
65225805
57257267
72409761
97257924
68706075
86874323
13431844
97623350
68142403
46281281
65363678
92860840
86812892
81012982
26067671
13903953
56049502
99438859
24219980
59322897
19327489
17278122
16439877
59780452
97262075
95232354
46096258
56764197
17608195
73874295
45628937
71702309
78805761
48982364
50554975
80039000
76775325
18374420
28902096
58430301
68866021
50355165
77408108
58170444
51713679
13847514
76153906
68124895
29693158
29944884
85143034
93699444
58176622
93650669
51852096
48124399
37381162
33668287
82589439
44278748
51672398
64395743
27840553
51641457
70387935
75506993
53475022
53747024
31172466
17161365
24511321
26195991
30068512
54046306
86981971
99493670
58321264
57587504
27038392
80750512
48522197
74927829
36369354
51594912
12265270
35362696
14173738
24194264
74670487
80923126
42024166
46605761
86977484
63271649
12114381
71761692
79853498
75136541
59912383
20048549
41474764
87291895
57622015
N: 0914587872
