P: 1066345866
54486731
34653226
63036441
98834167
29914676
80888389
55221531
68911005
99771032
68231071
40439480
64356499
38922167
45302728
48376151
96507592
46823226
13704282
35298436
83454523
60024975
98775712
75620418
77167342
75861940
77290798
35586417
97688849
36889032
32071720
45996140
15925820
27161898
19630355
84088837
94881634
16952708
18409835
33070911
60913451
59544843
61227038
11464848
45878809
59844280
13715498
75759254
58893036
83544192
87123320
49356886
68149657
80933326
18441247
77153338
67603762
63506982
90161964
23139954
10387087
98277467
76516128
32696508
19950868
81408519
94421718
93547515
62849668
54159349
33558710
59123953
40945902
45983968
83440182
47203003
35562633
17366428
73671535
11730385
28584060
42145693
35771123
86170648
38028762
96150474
62469252
31183498
81510719
97969682
55595120
37142625
21192532
27579549
88328585
47802175
43470399
93547485
68269160
77201706
62373820
77549497
51779992
30999372
44379804
51114068
89867715
96736211
27733495
99099590
52902852
51801246
23878613
65577891
13007257
29059549
39546918
85954299
99500932
62794144
76197314
77384662
59479317
17673549
50607717
38378981
89279417
56693639
35284783
14707152
57631101
67852514
21939617
89659494
84689559
62142024
45758171
41734895
20019713
50165347
13173502
52178342
30858056
11937163
64214247
63682175
10775109
31942743
23889326
15855413
47050907
44661763
29830345
72643449
38040353
97294636
32539925
98331869
78139693
39428137
20233916
75647684
61957585
84297847
78404137
57735491
62266979
77271811
47236005
94932852
61747217
59266758
55663020
41633142
69317584
55151059
37855393
81516992
29458895
98261366
45680948
94764339
11611471
51601507
58706987
25522964
72173766
43602884
83196439
12275698
66359531
35209881
40733234
35745871
78594419
51597657
73561868
55949216
19288910
67005458
21533567
42935468
38762105
94009359
95735518
56438144
38905507
36957622
45316505
23862099
53108063
25809217
53681907
68816811
25509758
53514937
44883552
69339418
97014977
88724032
12914741
67904097
60707897
27478434
16148331
37763480
47357498
58600828
45829927
51833235
47606415
80099879
92713381
58397891
83276335
75705016
27345787
70601684
35917618
18013258
64686595
36426570
67553289
18429084
26366577
73092242
67520419
18981260
76945287
48369723
86471790
65942998
32763709
26125215
82472992
39077549
19358846
92205878
33470921
18432115
80396169
94762443
75137803
91011725
21914387
54556540
79217829
57133243
46754386
47228545
15283435
22815502
86300689
39423634
53955416
56160409
23707157
13094336
25978581
64395545
66628154
93095156
43917207
21691447
42892467
76026350
91164636
40185064
92673283
56372208
40261999
56038577
67387716
86469048
24326977
31897073
55408640
64525953
62855824
58461058
26336262
41118028
82166092
64863218
15634042
35401538
87561409
69111825
93962435
83363387
72931923
99247489
84112310
33242998
32066233
91148300
34568685
93846745
81966613
81114780
92356439
52832218
83835986
37562466
95114163
49452282
12845782
66723484
20972484
55573352
76470150
37618281
50575308
26432551
19348286
94738592
99792449
25375894
87870207
14887756
87636536
74360369
17253233
11400006
60072334
59785352
24615216
84995942
40231799
61166663
27637069
50221995
27440585
68124135
90469272
18983833
41982863
93216770
23554440
20158760
69435983
28362228
67937636
79646852
84280269
13703834
65409060
47153504
46884839
61620477
30677750
30133670
25524003
92001153
63791471
81553140
40940719
40233377
68028931
41074123
71675515
82369145
64654068
80353282
16032713
25240307
93796567
13518502
26380054
89109668
58724358
26305162
91759437
70597176
51711695
65173519
80760740
73851546
83866635
11812965
16876580
34292716
47820429
46471961
16894941
27607177
98558080
57326255
76865876
57751011
91697514
52182526
50863569
70900956
89082831
41296855
10076080
54599052
38259126
98256930
70683392
57154073
96403011
97827914
60808032
80182186
53909054
83076454
75094443
22657620
71856948
18968031
52798278
56783584
70040481
72678652
25614685
68749441
66120368
38096593
41060589
55310489
33238196
80401370
84923177
22345492
33891776
73771671
42613902
66534125
77570474
44354069
35339660
54303353
24731851
33993834
94008692
91912247
61633774
43100712
69208567
49609423
24225497
87156270
60531609
48757051
39349791
23188674
34811768
95531836
56340338
31676212
13971258
30067160
31430739
55779667
60004291
85966320
29521862
81454626
32843966
29401725
34252441
74768616
54784236
82682008
89600784
61536146
79468252
74097918
43703197
40304849
93446799
69502953
53597746
75297601
39903638
31642512
19127631
83698003
81906128
53437444
76169524
71369897
55382750
15579941
20497236
81629404
52281542
33983781
45920943
12168337
18114860
39373106
30883859
31846541
66502756
21499506
95287587
93422160
35443990
80932027
25642757
42517771
11502373
21299615
47868444
59154387
79778425
79559523
86434560
52541294
36980946
16296197
33092580
75761658
57170561
38098936
78711897
44909931
24648066
99055800
79104363
18985962
21927318
97250514
57271961
76356081
67181065
42013141
10794683
33147060
91951163
89055846
31758128
65098726
23680307
52354296
96999040
56806558
38619549
70793773
99861651
77746854
19917522
53885465
68069870
62389271
35067137
70492918
15540843
83027785
39116446
18639140
25165972
74725513
73297720
74540174
77122332
61223701
14244857
22421445
12071679
16110042
27384566
48827323
21288375
82116941
78791333
13662478
32511884
80118748
65060466
13002563
85570444
13755040
67483578
87848267
36897874
12517533
93614902
50690041
97569470
32439401
17065859
56824628
93878911
24150540
44788158
12205540
84923741
10627975
65993021
10320037
23803399
89844206
88518491
42686999
50957883
66321811
77516657
59929648
18582668
94987627
44456596
73912612
48123276
96781813
49787156
46193310
98441088
58720373
66129057
41812539
99469142
12329050
73117622
55635263
66568316
47353245
96304902
85970715
89163174
98715950
55277139
42916268
77268448
57236798
21215025
70884744
23407307
31638657
45266031
76491498
17626122
34065071
19909453
77979182
94525508
60571047
70144909
28710165
20578455
88463996
43570656
79668612
73324822
63603278
71749019
25978502
92379960
44564537
31463595
15967485
87151818
18176690
42799131
62793067
59305426
66937310
75154753
90723149
97177132
42599763
71903156
95709337
96330892
36503262
56124135
87247126
35344706
72966397
36606639
19262524
23388613
18406304
45293526
32682509
33041071
73602043
12259866
50132684
99147056
26998921
82648177
18217341
19258288
60179806
67196140
67834274
85861392
88389836
98197725
67620759
87374567
42435755
22596265
84997057
95507287
88321928
94129983
55117207
94868825
74885291
58177671
86823476
97240163
26182122
79035251
62793241
70742249
21239142
34813875
41239134
14980138
58126971
81875333
18769605
25241942
42953820
53199249
35882542
93941395
32402679
21623094
77107103
53120683
80753906
54531540
25923173
80753793
68084318
26932255
39918673
94813197
62506519
32531866
19250862
92080060
65227919
63551120
80060078
29344626
87254236
22885490
74811160
45356569
97865538
64590120
70353467
69832349
37008625
50209422
54574748
38244058
43739512
28682084
11004053
92451601
89431037
88352506
69310562
25820264
60214571
31126031
13132931
56421859
67241315
84630459
17343238
69555662
81817843
32794616
41175108
35930723
36568584
27491404
75432754
39160524
28865074
22832221
65743917
76609667
94811630
52728307
56368107
85897600
28951400
41991244
52512088
53048101
41740660
20644329
53736406
28324365
48668719
54577457
37511941
65834583
89121649
37735516
32009394
77111857
14318135
32547589
43769231
63445466
72899151
21311189
28028079
76428892
77249741
27383461
60009959
39580566
71165358
39053659
48531275
56829132
65968083
99935610
60029974
56653651
54971228
47671984
26885262
61092423
10905023
77095520
81990774
34667104
38964267
33755775
50331984
81355402
99530244
49409494
79157229
36107875
74298673
78645261
72748508
69084866
88417135
94788613
59001509
15803127
59600869
37341702
51416560
34750272
46670950
94312849
28162345
30596357
65456620
70531614
73181776
65214970
14515248
31879251
77316406
43130876
42575690
99973238
53848547
12634679
68566113
90552012
10312888
68236134
73847997
15572535
64745379
20132971
64880013
97627292
19283930
40119925
90545738
19948607
44172039
46553272
34205247
72788715
70143535
67399852
99615647
17519027
92724924
57819465
94610775
68687281
45050501
96257629
93356769
26322863
83392197
81696877
45484950
12634665
75399121
48946683
22291766
81521731
24499783
36323386
27766364
14540182
38515434
99198952
41817500
36867526
90209694
10514876
69737231
11148708
89765152
82420763
99315455
94645365
87142052
51716315
75607030
17362075
55392968
61737480
48842049
64951591
46455780
34556692
17363116
24899756
10681168
24454454
35413550
46320261
63731673
67014272
94219840
66198227
76125184
51627600
92892430
65371049
92523138
44913351
24777264
39678235
91102171
94111424
77357626
31495455
52900091
29335650
28878219
50373206
25237140
99919474
58597264
49039718
81070999
95742891
87965994
60300140
77787832
57210623
18580192
18611288
34798139
55480234
82808227
90950941
21341585
37668757
23337465
37088277
51288184
28635201
97044687
99036593
89322632
88899193
20999281
73018758
41588000
45721515
73475397
87740461
86948243
58519541
69634725
86489171
80854845
72841134
79262003
59132231
84831023
81333079
29609853
24674468
38307204
29652968
22018485
80746740
77258384
42864320
57836989
42383645
37134729
79288686
71897450
23881808
48886836
35858693
36215379
71118558
66136218
23916298
52984580
98572876
88548782
79361593
59120337
90588043
36404512
90817728
90142443
14069975
69037876
85316891
15442892
78209957
46102812
70326658
40914448
50308235
76019403
70798742
25628540
37846818
24390981
45141242
13285804
88047854
74510610
37008959
93795132
92050858
17360016
34789822
75890601
82766310
59105447
16576143
29397386
55290127
80018610
80840883
61273184
31053609
82117194
56884707
81237740
97261157
55815751
85523553
53886092
25164439
56779528
44627547
68353523
62950972
78976481
65425974
65369741
96975661
65129533
96283815
58657388
88287482
93132181
43646437
53807944
88214815
61939754
12020372
34103851
72292061
60242490
24272718
46392349
10705060
57480639
47581116
58577192
60440089
87113057
35018129
68599328
47308332
66600078
43362054
84272331
60806561
47084381
48122940
32481397
19925556
54309506
14808140
92633579
78426744
83923300
80410590
77515113
99492997
95485653
24949955
83506329
71871251
41266727
18842230
49460022
58392009
27351331
24857318
49624530
79980524
40387407
20064010
51546635
24664026
46896590
77555188
48111175
76453861
18846542
46338224
33716084
98067496
99768639
63373333
24152004
93762143
69232763
17991613
59007674
71906461
29148338
35104665
95165620
26371658
15053635
75885102
90587810
85116966
96345051
73538275
29085926
60110856
42112260
45090881
80002307
80155272
73013213
83203768
20705360
86508781
69931546
66083595
77889923
51032599
62839433
78244358
93568466
95032895
35326517
23559346
35601405
85949606
45081457
74049979
50557615
77259802
29233508
59540456
97581382
79539612
89138509
22288655
64875678
67926186
67278574
19858753
98849029
54597644
22013742
14447465
60283472
70458039
18328410
64035944
78829854
61890265
90068812
55174936
82266485
70681370
53947794
25745741
20396946
97261032
43842787
65852520
18558006
24863101
73951036
80806567
60849678
14414903
28013814
21024062
66154913
34450461
62926815
33047197
10240299
81521392
50023683
55211867
14816741
71540703
70640499
25267167
36945180
39378489
89520897
82537196
10348468
26794872
45085489
12690488
79949315
79616798
73327857
88973200
18924667
39569934
27216874
56502033
54917721
59833011
20107060
79214680
59508541
63543348
36382551
36803281
83391445
57486739
74329318
41232120
73010475
61635353
62926007
32418400
20773258
32907832
67668745
15277941
97812113
37705500
41606815
18062884
36465032
30843532
53504786
12773773
84252881
86081027
61678712
72276968
13409291
95620122
34164484
39736099
92017629
95335458
70490951
46678500
42807531
95223234
44490738
70920947
80783884
35792275
35636998
13150013
70534943
51203054
43767544
93238005
90733892
49672827
30489795
68127518
28462881
50138948
73997786
34162648
98570331
95766603
83598402
17003184
10817437
34882009
47520450
75104148
63738879
25009366
45013999
22037040
35940746
68394729
93047313
36738296
12015205
97485009
81756571
74809958
46716263
68591254
38554756
79197571
92048638
22130547
19725543
94355358
78583193
65438082
98527449
10922753
39135614
63295860
38934196
18535350
72427325
53902328
37516167
91066988
65236312
36846533
66030371
36626142
70782331
51087952
73874965
68942948
34153613
80122042
94223273
15121067
88205753
28403788
80658769
80057561
59555086
59396116
93598038
67262446
34436604
65339422
55781797
82144870
46996481
12823471
48375223
58011410
33614635
24762111
20770264
90980214
82828392
26650501
82876770
61070897
32072195
38430161
31556643
69149833
80829238
93075778
63658027
40318706
39407991
42949844
21146372
59000697
54193477
51803235
30577407
13319100
20402185
52797691
40074812
80119176
30475409
42668155
53102028
68280085
10349086
75192810
25355075
65245015
31694239
11921460
46471952
25891262
59622676
88649697
37479841
32538127
53622226
17314519
14300503
86148924
62846870
25323566
13914481
80227162
90904595
70409492
73084973
34288903
14638126
84587345
11570368
96704542
86786279
11593439
27190513
90423418
33824209
47810987
78709693
13054979
27205791
43786293
56953556
84184185
91287772
20589909
57847371
48149349
11752293
78731686
37810754
62825559
78586023
84027410
49401797
10995857
48371651
10070417
84647680
92043759
40696065
60009090
39635997
93382523
99702917
52893686
79226765
69673388
12463725
59575991
96958551
18079537
65756994
20364492
48739666
47342685
84740528
88774909
77264698
19835754
39565596
41502065
50558035
80965099
93535561
49383717
41063371
13503114
93491425
80020983
93562762
12677217
80939739
64567140
38522088
13309613
75184728
87430162
98687414
10168762
47023286
55051408
81808016
11025870
85238420
50924439
57076447
55703792
12570406
76898158
19301210
40175447
24886327
37715238
96585662
27036353
56870625
24147402
96324633
14660747
95389945
56854856
32180583
50542285
33728109
57666744
80416913
26296971
44446057
34912072
78265162
61907101
53906469
50683975
26059240
16205917
62034245
14251361
57763230
68854690
50131509
53860184
72432167
24891796
65965574
60952178
39679252
71610646
92768661
26172693
36364730
37846462
35338148
53701018
78414697
47850619
26211354
86762781
42835751
17043623
34800727
33006475
53640554
14782031
95051933
42620616
18210843
28626757
72421521
17164764
29556599
57112562
70591719
67656778
53028639
56202692
58164328
76171754
70886073
97146125
88111101
61007526
27327772
12680321
54007758
78200268
43558718
66307895
62851338
56641775
15681312
33270457
73179761
17147206
26961337
22915453
31643058
25593714
32052684
47956963
70317989
65596592
43189216
33718005
43729494
70422084
98330949
48992596
36505614
25862908
48488693
34310238
79105442
41275127
76384493
49962206
95782853
83430796
15426966
44398334
90533597
85901099
75741233
17497562
50936123
60987291
34262900
11217352
44574813
67561681
62210344
41445157
90104978
74252695
66963520
45393721
94311340
11720250
47388071
40554076
44925019
61800218
64021279
50964858
34816947
97533815
75845375
47317407
89204413
76964011
10009309
76764203
27117956
44606668
53266271
33458838
24589484
61720262
96893685
26429744
18342882
13605294
80031990
72851513
35818617
32760539
54463321
22045453
77874041
81631763
11514023
58328352
98601637
76357573
29280910
10993173
75335386
59182494
66762567
23409491
87345981
30874273
62688885
62347413
59633952
73918737
11931317
96006029
52140913
53930528
97400269
44753351
93662807
74363649
39465327
10121740
18696228
29318023
42831409
46220377
60864985
24894135
47746231
38009989
91590647
24395150
60703041
81477334
28981625
74383351
60506668
82351894
55970561
52448642
79166949
45216379
70095314
53894539
49308495
55722453
16892547
74835344
31690399
56164766
11482760
19019359
69994539
38988743
85328961
18688285
65134518
37479581
21102331
93659642
77088774
76965149
75579828
78659660
46354063
44048621
81789631
83940475
76860479
22105366
45652315
37098452
23512136
76802450
38949594
70184731
56235632
26876986
41914952
79322168
55418224
60393121
62287720
74123973
79970966
98950142
11923676
64573463
59543137
32238047
74684454
39443901
46536330
33257782
17284218
29062086
58636638
35338519
50169607
72051513
82105378
63268294
44168239
92627345
68867818
56826049
47236874
14220630
35946133
52184389
16333526
35175682
49865148
99340993
21431922
36583533
70496171
54009400
46474376
90531565
85752060
18758375
99730927
75058200
15616086
88885269
86021690
50299519
58260654
61930826
87245991
35593271
57904594
35467506
75053872
24607393
39469829
25161449
74004664
99553570
82344587
42131669
51621054
22272087
63376671
58071444
83466360
45716256
12374274
20617113
16475389
13585946
87682509
94855489
38368742
59279047
84290290
28873925
79288270
64641370
13592828
57251810
32824474
24020744
46918439
22156435
23712432
33618424
37216653
79843299
72800699
46864459
20977694
48712666
22413659
38406677
28899471
21115719
86386111
12487919
53433308
76339481
82787209
67439783
21395488
96056140
33310613
92029913
23614398
11517826
42788563
12222481
84692926
79940565
72506783
10999177
25798384
82746986
93562317
81239016
19821573
34005352
49724334
40321674
16305219
22481840
18216430
17939895
54556141
14136874
24503881
44069816
62752055
57962289
94248725
87246497
23658588
79914945
61753983
78149720
26673701
80142487
98250897
46167835
21201564
63163161
20373217
49812140
78350963
67559095
59965655
12467883
43494428
28755796
72339824
91780603
93497860
33428024
13919248
67141501
66940270
47197766
16425050
96633916
80925059
12288689
45230108
51694800
29148619
45179301
12557782
N: 794024610
 