P: 338333589
516756
379391
576235
875195
217561
787707
983319
111609
242223
814006
861105
889901
481349
533089
198316
539728
393983
303082
935706
957266
278725
867818
646465
245580
664995
886146
440695
669307
311295
883104
457653
373902
110524
117500
429491
387973
964988
807828
386844
389870
100128
463092
347810
116311
288580
689517
610032
342423
302535
826791
826592
134804
577005
396782
192664
709743
759508
931506
576247
996392
426697
571996
466990
857470
426013
869082
361899
919754
822813
952157
989713
545303
627300
337520
292747
267749
838640
421305
868098
854941
297364
488001
455194
633364
806335
943227
707919
337456
401915
683420
883521
229635
911442
175262
630864
910098
617128
845113
421146
689387
551855
606700
204629
853728
245192
484072
520947
334214
631275
740383
897056
454714
574300
537219
476063
117308
508438
856848
921342
262434
789100
984635
236750
174457
638178
751751
281595
748854
116619
573147
224825
514833
772743
880500
162453
620366
695887
140190
540324
519576
739142
828658
622769
726125
318622
265409
926642
563690
883686
209282
914930
395585
386764
636148
568877
231209
850283
898136
304338
863343
181551
490117
279553
572256
289772
553660
427840
182281
801530
113834
392200
783618
887251
291920
799144
348076
935192
703784
862775
594081
555228
134719
582887
608290
764685
809777
198761
823664
515318
256877
114481
768652
267054
269659
425356
933412
457174
228735
264025
908635
927344
504671
861494
882717
593646
307096
854537
189444
227104
337934
670599
921661
984884
226476
346321
355964
772730
863634
190275
632846
261585
363373
943889
100243
683100
902485
172437
201769
449773
240647
753476
274940
695608
964957
934141
823591
667442
829235
165946
597959
859859
686711
463825
638415
834974
190242
915623
561134
179739
935309
617705
913504
293403
449613
454243
723704
975137
755334
942548
200978
784404
669351
943800
934292
532901
241968
434720
659779
750377
592452
295712
565282
455583
437948
679982
387979
812124
427546
668936
498550
490283
240499
268695
259774
808346
598563
324898
210295
580216
863964
715562
590632
601979
342633
558682
813866
588020
776043
497258
362093
N: 0120547176
