P: 558949778
165721525
947229154
760075254
822384320
541564440
523064849
755516574
544276519
599691497
397586918
284774649
833287814
285420516
240465828
359709414
480455580
516681152
756942985
732953434
192869662
313664182
272828487
423154806
239081176
330068782
407113870
274189333
705186590
376208201
666044719
824475411
626298076
770585856
821044566
286907892
121984809
441411451
221044984
315798399
659194794
584077592
398369360
887761107
588120372
336077638
541087110
952447234
136404210
384036650
195158597
679742880
820735977
268755356
654521810
760074878
349488501
632096035
657766609
249856738
686366357
136096728
473786784
752863957
883088376
260673752
512192081
427652047
132580574
549498842
521309521
962526955
971770132
879696628
448818686
939259193
813079775
191166414
925689190
733078323
445486477
103001274
504020116
957816224
815849441
648596549
523140739
735219798
869813954
672859861
322648753
193889088
345228552
530167232
271593885
499369507
690429824
511037883
444447161
748519333
886348122
909337606
900512617
376832205
842508087
784003565
421881151
622745570
715718728
104155197
393773238
442852837
776750617
170429572
321580241
984765573
175914932
697890037
903800857
353243486
644486041
687360915
305457129
557696282
783803291
782294167
445390245
802479966
781922768
287462974
168831172
522157189
744211071
223819541
381647468
524244906
907922926
366642865
108440443
455973970
106647908
488810653
474447940
451796876
176181297
237128551
513029112
305635240
165331478
801479514
588340418
798188314
749743875
584296656
836365211
790332074
400467308
382230188
729381311
556020962
349630895
499571251
165993864
225793129
300013723
596213734
517037590
432699223
490298353
402051259
471346780
620575269
158921939
990781029
223218984
450968998
215993625
508743991
931150225
317385979
819506163
551942783
950529731
168394073
957512476
208398094
357043093
236477796
250611065
323487210
626014219
891139902
109477898
914742529
381250541
825065634
959348442
386530201
814480486
251561460
503278172
979906024
495818128
291851536
828948717
518643641
727475523
505011503
949987716
697959368
560320798
722683065
498907218
451627897
655061112
379553070
236318121
410214845
451370207
429772353
165201221
931034713
586670601
788772325
853801797
958361666
301123997
985261469
845240096
218041579
687744564
732998708
386051956
415641121
387069198
272016242
845792790
823483037
402345428
916531676
213549479
254384854
241347852
982268447
827422128
400526156
834087435
859573735
509483211
685054101
685268678
641111774
123316850
110506659
946253714
158810184
810836517
147706475
891074667
662088462
389064251
425731342
436949374
391187728
699878834
168534484
342706924
366206258
917762682
298934097
675348468
210182090
630969332
990508070
957510989
556042729
487093982
622804010
505581859
335493328
682053097
810991856
768717211
944037836
196780340
215086779
882836252
419098383
774074260
436352848
337979411
720066099
386205614
930601128
837387352
952808614
406415382
287934430
609759184
301253391
117943204
614046447
840951101
497531046
647065720
786847354
585974097
194261431
706901071
186846506
260048186
415809833
460041479
980263595
740250216
971558284
312447315
216423954
500441120
880542124
876097211
124653483
274723086
345330610
519150353
103921054
189175383
973103336
717996081
196744456
530689866
957237208
522357356
151056188
511871008
563922145
296313576
250341744
496475967
415527944
989858033
307766838
530096345
407519853
414424709
173550774
870000359
513901342
944052377
309788460
182563909
264133789
156015528
350646640
903006889
125671457
782946965
485717483
491813866
452483593
826166134
731946094
750367903
287666341
385596272
230750288
434952107
435333157
671006784
473739708
926359566
579348011
794694591
561549173
865202572
293582298
469876940
854386649
672711798
996936996
163847313
360644420
766881548
427046284
201163323
785697513
499410174
262822003
409057435
432295857
669734519
281360488
618204473
329153439
566520987
310310354
513521734
897320978
546954669
119178331
917413735
826331341
126703795
658948605
887950630
576717917
569493369
790274513
682557036
928213324
858397285
908153327
760739702
929615677
267539513
834951289
952695818
740815945
611319608
365861922
848132017
984191281
715851197
463627364
838107803
132206770
646714755
638170719
463199837
162920889
740481387
319748399
955910312
421094738
939387212
564212416
969832784
658951754
883189981
601447860
649559403
722159096
594849203
856849673
231942789
642247081
976019879
675982222
562008726
437282335
396873919
166771861
937834451
313656028
339751581
884557645
750719125
191412100
549578585
280550654
868000418
813153553
998984095
272144379
342782478
862337313
725729365
284578735
139049656
481044432
997113857
278733822
509372013
870198696
126718637
575802118
993199209
278781561
898759174
860694594
539376390
366472960
806288318
297510186
988432258
366206211
448630448
882430869
115693613
219424953
551259760
107165520
372324779
952567266
603247446
702344476
823146051
506060529
782610288
878393465
562636375
603936046
586381390
198963068
327687136
805931031
125969740
523722523
530052843
734059764
322831041
372893360
831685636
722164641
754205499
891520784
973006607
427102178
850755752
847360977
736731542
289033194
839603327
129135570
853550951
534929223
816618746
330845075
327688967
309518511
368313032
304081403
778092868
863638657
308164416
599388246
770567904
951746009
457567149
112144245
425961958
737288682
266282280
171150696
342030501
591529485
375092264
947381976
145643929
306772840
237285187
238684190
803998964
330963176
555219563
402533354
971786759
454784754
205485195
604473789
243459095
233411176
540704224
197596071
790460880
108291225
100497576
122362221
667477678
673995596
852744194
390953489
339498643
963768330
909768926
274984901
759169991
351425397
153997489
607954264
920326226
263440153
795126345
668960721
434779981
700514994
927181207
971778061
873270367
220759127
344156475
599498756
247306289
865988685
913489359
969734057
545244197
839463963
399219803
962158707
981466594
554871844
588735131
712765324
169618793
767070801
547417084
791790435
489303053
104241156
592084621
922290609
926605421
744609142
766657778
145815461
580803571
349572228
145063728
194975350
345002346
651678733
698350401
496396566
322988734
383564526
485005055
919777049
531364235
239697573
254568559
431289724
776092145
246120822
297182416
519720985
543454658
661376534
254082370
373066759
927326849
447131958
734871507
303853941
702696186
257433525
335362396
843281119
285794736
807620592
799440101
749965451
488985630
653487288
374607139
719992431
807141144
742471088
194813265
883084808
662356124
919429799
214192688
378021424
996403529
566120359
868519004
238533991
784463726
906155390
418798942
530347775
330504584
436159521
343164810
962152684
710333729
179464089
406753613
591345400
499940710
640187609
232397530
922651621
101536459
911843534
291326052
700752584
883050601
961663791
170089322
731413634
940368057
528749989
746509505
321011306
722918350
445263335
245256619
833229077
883845911
329846147
926164257
742990141
840356325
286983516
206173875
622839850
407300847
475018881
976896375
947495366
341866102
831277762
566672410
844342554
559403524
324623519
279632304
671318278
533882101
479937212
650435531
129687038
911157593
349410378
265818631
181987725
657273840
965109830
737866414
147971691
157604869
137794323
584991314
430016917
846863349
857124285
705012129
859439136
291375716
664824583
847151713
694564889
362336727
772423357
599637500
834174918
533512803
984413890
518364499
497880685
702276641
824086149
231956262
113573483
197431672
131928150
473296440
498627778
868747355
690696815
510359427
166999409
395762206
786384646
741345213
195149485
782359222
560333839
819438467
121584968
237199869
555568911
749254673
668756597
248982302
276295606
634547988
408194596
118506092
435756887
187585836
730139563
762539949
691793917
345268029
131060920
897354061
916249011
704625367
458520219
394980551
771560987
790453535
202054977
900312189
592463034
850510287
650238156
326673080
164611982
838656761
940631611
673492360
787910165
685642097
701479503
696408826
366705393
140678762
990595303
308932293
372514940
155346055
742753795
373294366
185312125
997016420
370708765
974469363
853758508
347148940
688876301
818953388
678325476
299520887
419791751
374431032
681848190
690135110
728968059
657305200
494928720
339903454
559660246
576197912
377773239
467132898
295739751
337400241
263459592
217034282
903822878
293045033
432079066
566369190
517127022
707292375
828607085
641434120
964150356
306126932
874764621
756560681
767789962
805990822
999151323
868490824
352956777
658600410
993477546
311148562
592950832
648360447
985909714
203144731
691036481
456261715
360146862
500078293
961908162
442501777
292514238
987723457
879799829
838092259
201877361
989799281
707265129
525995396
741524792
173956448
113899757
946860154
713013963
714119072
219206638
361414760
106251501
619849722
988240071
256740334
824093611
927328257
237713167
114652328
853823591
338521713
815626433
580265303
153553087
714879765
378230737
933227241
992440660
464550933
625537805
970799344
485679987
138954068
832103124
533480869
606353292
363874497
120085048
906871633
387345770
761724881
604282290
576554982
566663996
948997366
792432393
662363557
810577920
174293503
150941335
129707280
840445914
442603655
971799323
464143317
909935350
973365270
281265600
481769968
518150019
109170695
805969293
781458953
948163670
438817023
282632008
694120000
953345880
509479753
535660038
992777918
136047037
812392715
221341259
644679906
617396031
418233846
530817752
692946989
411452300
992383026
594797787
235937409
666014283
281367750
199565254
988934535
829445299
452856031
722931305
887141659
134583110
923762879
430225168
563394656
655071575
315284626
740974303
827625746
308222119
659474223
510086974
921947445
227503048
681490778
593877397
955712172
528783285
409636109
383329701
235393980
737672392
131076312
994810430
204255071
852188673
741948524
188339102
845592442
849677826
762848042
483931380
323623821
362181856
126497172
230420221
521721500
412203596
854193356
384407294
103558029
129845969
972327284
449780289
314215152
751390996
922837931
921105776
655522416
925481030
229755574
570255622
303768764
138612672
833355844
554992769
671385164
721238205
151709581
771917092
285715468
757484365
498684601
763357178
370450325
604774171
143432401
117070961
976246209
714897791
341833079
370573490
805284626
694095560
657439048
956235451
917831863
502250318
670919257
596653167
434234258
152996848
204369160
869047590
205471698
461287164
604959758
173331662
334107286
377947979
405755487
283884465
689711792
332217194
278176582
310087665
466332603
801163025
928221864
852770991
173431771
244317195
264671952
527938973
360230998
839931134
716598835
189477495
107632543
983234046
666486976
172293851
204996387
333598729
397706565
141011191
420123398
609145727
309016197
426720401
824877796
225161827
469060887
704044229
591450524
702126083
704269834
298207351
708618317
526001875
890117102
322989214
594073369
540336379
319244842
235389503
967506261
806175444
599692005
535883196
722920470
899637700
528836749
337161148
987828350
606164578
816419151
757616937
389594594
588434648
817094334
726435889
902323405
672652879
967395675
194284593
719947596
877229050
145243255
961501879
342048900
197362832
894988967
196317454
567576689
421602249
983679776
437621187
709335631
581641833
650838069
643347379
722172440
108336210
418750542
566950754
952571739
902074237
917887061
715461514
297327770
208521545
931447787
945353475
974952691
234245840
684707470
698046185
785637752
738860558
222586854
447101526
502872441
772190484
411814270
969182068
158162828
666867296
141624964
876845125
649826477
187724125
589276027
726596969
203841714
263290178
568630826
571349532
298448233
421550231
544181747
766428915
468737608
460296453
430230535
460699812
910972446
303292629
146467118
757208627
417477539
216413432
577437379
559419228
731580031
283861056
202810604
498637479
423456253
997491539
239830526
162429169
822735965
383964665
772785612
830648895
926836914
168945795
744831398
471575671
967323464
992926538
112111264
782331103
583872588
557845519
731096824
150521964
551199015
853206209
176946137
940538339
856676913
271759226
403095822
240666043
782362151
182179378
355863271
182695863
667026761
397761268
335437686
689674595
744013528
166032905
174367742
638189454
627228297
690397942
371998935
998022721
951615087
827165525
485213548
146205600
246318640
171949731
477433817
886630980
460362291
650343668
563161281
901557169
987928912
632461529
610018660
818855951
990717878
417050816
456768367
846295977
861542690
131161469
370133546
679431703
211809223
881077790
295388251
228165252
948158468
763172628
820379703
471884398
385033460
775728983
846393983
414143723
749310989
817981199
834693320
769439305
468029272
359799701
117659739
281403286
124807644
106032914
717615835
409675590
650700804
627111671
826509682
419192926
294010525
798236053
738842896
138668281
361523387
268646378
515022560
733000261
995174443
709995863
350529116
254958871
754595605
417069856
936246605
380292316
350425123
351176956
434048736
609174782
795296088
490928329
717307324
142159787
201812308
127682301
570990971
110992215
650104658
286216199
783403637
117164209
350917938
814155196
113824659
922334809
995312726
332522194
958155727
301725693
566212232
218413512
955765049
113268008
386180520
487054884
539238434
405863090
903333750
949936501
221449639
384048254
353399482
471372164
709120907
570223994
464589533
837123082
743425620
720514358
573108720
331068730
802837751
547483119
587878830
853382293
498816926
210412040
421570670
193242185
813804119
188020040
101756207
154275987
527594568
655057244
226117327
190975042
484126288
546922703
527328621
932688989
914835103
340202327
981479525
160879514
564047445
113244541
870093630
835527819
129843491
493799385
805176352
939277093
513609829
351298329
460449060
589094426
725356149
750575363
866564657
706205039
672371948
315704558
736467792
172806625
142636184
817652382
872095673
267158540
327436303
364276234
679303221
389563206
510231802
545021811
287489763
515735965
606778497
241872415
508725163
509162706
692106375
161346179
822764821
661888760
851556170
713851953
535587132
440600779
440412905
968132074
641568235
614921574
790082175
658851762
796324320
988447399
595279284
996672614
728350036
101195513
743922837
404449022
554370184
560925574
461616927
252468863
309771050
464637929
137567999
465978838
732946843
419952679
361666960
762125391
558120716
905709260
674349829
338676872
462330730
968269114
257660604
761902029
694334000
101168169
211896765
223875504
524886184
484597710
886245498
400678997
518364208
463139251
871812208
544668906
161118964
350137359
812908379
901712406
303353440
659818593
874937316
130284958
685579212
111756986
878784052
558413796
504477955
838179256
555353586
572282405
499497966
667357135
262993734
337027957
372025900
563659978
445329049
289820905
572730099
593362188
824133834
999933902
259288866
174582343
849325106
767704616
944916020
303714857
881521634
357221041
963073567
760055665
462038370
786796761
545901650
387445550
862702437
614138885
907514606
512087932
534215177
133441095
532455482
608455281
637763054
197299722
191431556
577381366
399046597
354789126
768497528
113893477
200137266
675959578
952269990
923725138
835017222
744518296
594925772
735959641
513485233
690281432
739911532
171981073
556838395
969112747
855378128
890652381
180037929
906318679
771922543
470666322
643294038
366681391
768059965
554170230
637754518
307596950
509689941
990414548
913741447
312049756
373649360
978049826
183787783
772231249
780750504
935710963
269184832
509204563
903516589
204648796
203155473
454999503
413460882
983639921
601662443
107262466
691366635
912271387
383668266
852534196
570998088
869191448
492525543
984849056
348839519
692116630
249007774
710596865
115132016
397218230
359132969
379129986
711670916
178866391
805768321
468674188
300021122
406887664
554643990
508780743
217276827
446051882
675513291
458934216
623994407
743503432
515451001
332230065
151331274
244018249
520522678
349341261
694022102
204332389
573083814
634765058
727656011
764395859
831821277
981529683
840945698
652582695
945663486
987163567
846659707
800041985
438977988
934946569
408373756
752258730
445385137
463101663
672676013
546609259
293738274
603104802
303355678
829266624
874541461
291908889
225934984
238573304
515329791
602374587
643001641
982953413
208556488
507713511
508856184
750587050
963200653
569470261
116629104
382972950
961747591
790740787
559783814
323068751
586543054
150806208
298578819
315597379
218127451
333462326
950720190
280176560
809456659
789670540
710633174
479576525
237671002
949099455
666695145
791590472
922123660
679021830
987201476
980837612
212260940
806680993
568075764
180461011
321686039
955760983
114555748
704894336
462240667
287929741
182039740
268578739
798305402
585054460
657693122
644431228
339876996
851685957
253215492
260219470
666098210
905085957
659999382
817072207
158484079
271678421
414981525
593685055
419024192
396977746
947944552
589808734
414386845
295167740
319881337
107101234
619605730
659125755
199360100
279288800
965633969
926579535
890609265
635559890
936622665
419029011
842057502
744146426
708544273
507388437
683117580
504318599
135457990
398193643
898746172
532868971
817303758
707343819
196093182
463371422
658003514
474478845
868948344
606521278
549408703
537618770
504045446
603001038
819134999
737333353
570479837
241201792
168248289
603784145
624649209
724665405
447170208
830691581
152739602
176519007
203260795
835551107
789173799
222133934
633471425
366015769
235168673
997685796
555297530
520307203
212578267
552766920
355887437
316630058
125603043
157786360
126519522
422631275
457052274
780122317
365465949
586895210
694508047
911812586
874600593
818488193
335719202
644132991
691743053
445452700
694566179
816556580
935456141
278014812
211516265
920339937
556666823
580076172
490137120
997315514
153834389
132398157
460337530
258119186
418209685
445409483
550919027
836070363
254012621
655468415
874333017
360435858
535947445
967307839
170548010
910072407
573283209
355880180
853612552
162575267
111544253
631750473
942284074
488836539
363661988
815448931
424046828
273919440
226700695
851733554
694273520
259037648
663028916
295354841
479215063
755259098
710270099
564655836
948361045
609431846
426367789
503319991
179516938
695624143
844287968
518401586
135548755
880692514
535879398
313585729
909065973
269655168
891368724
374164264
661489160
612341366
473390652
128114130
519712798
221865018
657682237
476059111
155103612
556394211
995866834
966908047
829054015
161985192
126896804
734838770
489329174
476961161
993327078
887794445
138279244
573191958
285595389
530455621
116052340
328043774
626235529
942645653
795112912
252281489
191921399
600979950
458627570
364687732
801974922
848848996
309201874
959337834
402821291
652147460
379838704
533823127
693983693
831022387
794875801
860591298
118788948
519639727
290041023
152510665
497966836
749476768
336256973
444279848
919232001
328074525
980200133
635753533
344660973
730980085
786352055
101421125
929496796
791324258
344870156
941922047
410608685
712339563
852748389
941423912
495542232
338010461
310424219
520033849
580177275
130743250
534930981
632148875
758987624
331293696
887787258
797558728
496181751
894601225
956846408
874883918
963558531
482768773
236663689
985430921
209231489
522756064
747955298
249764386
521068063
213231639
378257072
266508494
512280990
882545599
135203367
994207701
624200732
910402838
483490086
614701976
690830050
211520314
627039111
640501282
857565611
340550804
123090163
538902721
341802006
962151386
173861635
213759278
569909556
404408909
586430324
829901303
701929865
821027532
705048310
995801801
126720454
772375167
861708832
575468653
310336245
193361950
870751430
182071555
711365757
448985888
612767297
584303657
550327351
119512355
536391220
630692561
786980499
912471878
779050793
154761651
760194471
369613434
281008840
666662679
930288317
340591565
678560773
172935149
339898526
215248054
705917544
279024384
301831405
109432235
413092777
363336076
499817612
783968532
966803298
164919861
910390215
127454466
101304107
323192812
614007558
110239693
576563393
737604748
702220656
311144345
289458654
958464221
881339969
414010864
784799942
298231077
459034663
931027508
178301179
811313675
227062492
993350944
390631405
404542442
596104245
348290973
957857589
742925710
420389628
698671178
980578304
175592540
638548468
648602560
885088148
666469831
326242396
646465321
998555622
132500616
814695763
624560810
917208957
303072741
467999360
275747626
386368780
100561492
160426946
785096930
991704262
183576139
952729251
164863193
165148023
856110052
937215844
957817545
181375307
715904041
893864368
202730637
136245175
413564170
504527593
581924938
685783483
256317819
634828053
603517406
538825177
709893107
919266949
958446100
743094330
582951808
956780148
785334665
256461533
960134032
800194416
489501749
912529260
913450505
624111776
566145694
812646220
686109194
505848616
878036945
869810669
348452359
271031602
871774009
298600830
113839208
614761689
437494010
582830577
301468669
184932386
636086254
504824889
607749613
856111383
365104367
127190431
951838986
367645721
982552628
743600095
178127759
414088061
248301375
306525627
954445005
988318077
818623518
568206977
188306812
590768645
774218200
538501129
589423936
245039592
171229088
974499461
995071104
817073949
503178842
624470129
630472936
272618210
898559292
136315785
428346454
724773882
856568963
378909748
730994161
503269872
925503456
613903331
645852928
992051197
846993581
164227231
863174773
334224749
996617025
199167805
302953681
118837232
967338753
853202965
560248330
134265447
417352425
708175352
749968905
783894512
605025513
531861112
175297005
350997824
685162061
750141690
681827675
287542072
928520067
118061608
115919316
651478384
151990219
984400603
443252718
555102898
151282226
480506884
226704630
300365307
509104720
628684973
116452600
871780874
812475544
595386746
561386245
777147378
761035469
105053971
573525609
334566779
561967244
124643213
514325002
569110762
427708933
958808781
364961594
317792060
560831979
306015285
760982414
252152655
337965444
488626842
233999963
231260328
725192965
139496980
848446059
153163269
122149662
220039084
249416532
212049251
320995158
231626267
119665284
919495990
276707785
152008728
852709454
696975106
134861014
759186485
310262920
215730569
550573643
813149632
232350835
896672754
620714166
986036033
612853485
811322918
769806209
871413703
761950693
327090935
795751202
494927376
371276088
215425008
740530825
187226122
389946477
108348242
195328146
758764059
872869302
868769855
943067945
273580025
296656050
256168576
552986039
856564475
972247344
536043306
178531849
227778551
978551940
123930681
677345944
412068527
485830285
858872594
926444149
444201977
504057036
795006122
382178053
763390605
727690796
663021747
292781425
758987163
300465833
204240768
959151395
617135445
240014924
117221731
815610986
429574713
789499717
606627844
591164785
488043358
482057520
668364184
908429541
161455745
407836472
933242703
942645162
661862504
963846754
138504063
595265020
961750496
482978246
924646260
581132745
556633281
738303332
929861802
947987188
408541724
491819563
873199735
974307661
905238668
938469237
425647242
220763915
766732718
268219321
865890402
481302674
599328851
499073298
456984727
535788123
156475594
661263220
970804274
530451834
383202444
427967064
246025729
178444566
739022382
999652344
855150330
788095610
750878027
789785092
101019617
870702709
349235263
685982086
419746839
309336114
986643129
104991588
968161354
235696747
249065475
591300284
529569894
998604679
732116122
301726649
669399756
889908630
594901168
585963724
943740060
528755666
935939108
420799413
653012594
747079439
274590013
141421087
425901794
782134884
243772909
246386612
848923475
585365753
448942856
322950019
755184795
316630492
300436222
983583537
932744857
396711845
646227671
903494634
401153955
826856978
545277555
864869368
351994079
901040864
356653501
307643992
184178466
129220175
483996887
807990299
187362043
316756507
120329099
892633998
698179173
283104363
102135191
324393617
548065262
109944312
391190377
797540714
899490818
315072619
764264557
963360118
395765403
217513236
970712257
555405350
363370019
839991677
123022338
169516096
771760836
905165988
902767717
541801975
762165018
824137236
597437927
249732827
873808532
111034055
203153983
527933965
896321531
414999427
344845128
764878690
461235412
725528881
566912106
965350080
556238016
584420995
795272522
582507776
748565535
539773119
834467738
189179776
699333070
649219493
829889056
827539682
793384423
989639025
696999902
160984194
721182318
306633885
890629165
396226364
398022196
509789153
970997815
719768786
447884159
205610234
916388138
760503900
612916376
494795303
386635807
495445749
269213952
832872389
558151885
236123648
475208350
594009766
872119623
552835609
786724879
147065850
134085356
823317337
891359309
265999807
110191957
819533809
512066083
915286887
263128440
308896010
818037211
275311207
737889630
231159270
560354697
929714099
872544466
468548484
970252183
479459762
613472244
612968410
107803491
228517772
948364015
548400170
751114497
713283351
614669592
201370276
453526590
434002842
265193975
125376993
954564957
234130851
215049458
284896250
852820441
323428923
388450824
464205480
212809246
531104607
739987314
551618711
606437082
513876338
533075020
884618181
318915716
785029963
448650533
190804427
186661303
528714658
606405994
407547518
839097280
125404722
740975672
412492346
972424299
778611897
280665238
214129003
239960976
516572309
468739011
883280359
711844413
240012788
944728902
442671286
665426848
250754684
320532494
336558447
289217097
523542153
709837890
207530518
830674478
583985497
141818456
196398034
721784272
975715200
804545266
730017218
304449107
506834019
301250617
182806997
813817741
564615671
224961345
664142370
282947695
986559057
357420336
515306924
651792680
920716263
519365910
677092224
279752604
166791602
578666188
168702138
389441228
719621331
326847489
788266908
206599218
610006964
785752805
409712621
638649555
409789298
395987400
110189239
130642257
329142277
451978960
394186342
961122363
257668757
842222511
875384212
783794050
214288137
181609943
578686441
633918827
951636029
367326408
772913698
538450907
504944173
371416911
986019229
966780721
938166277
395276410
901156457
344236717
437127065
763679316
742500437
984892699
803207081
835640490
947851012
883599077
148898856
340045984
672120954
634980885
433926268
785620781
673786422
782647674
459843683
395119379
462790256
806619874
522563081
651826346
306568427
459115991
696638703
838183952
392284518
506009451
408789798
938926199
660733880
348694577
210737122
532432198
753495345
495951215
611738637
524792185
953593410
117223517
400539747
699498370
347888752
326175519
545083493
590958220
353252274
366622012
129538985
950050654
106752618
572500457
786162334
395064670
795736918
602473125
331590033
682896876
343938534
524314286
589442101
341421610
109042845
501055734
988120071
721612851
452034039
241356735
747517514
511927934
257061876
573835515
645337290
630691848
638554866
737019998
350541900
914304721
365815775
470397493
384446769
429185560
694800276
121563111
823656821
719724152
293242727
550104001
698863758
514556930
350344203
348414825
311911890
508159664
315111823
218949494
584442575
844754388
257434235
815155067
601865349
200392905
381803739
873824005
713055643
582809305
308416026
440076987
149147327
513582692
565480931
367286072
404338158
107146202
399610795
241402225
851580528
802704915
329430818
862531017
209269816
386441679
680693345
487492253
315540212
822960590
530611162
325240755
629670265
339230217
599889575
300511440
747786708
683232112
979505769
320855084
921521290
349319073
251173167
825993699
916879545
125303878
141394554
778832174
289884398
957583587
663405779
208529070
529158687
554290635
988584366
385636994
328685410
527227540
610840811
771892010
289990089
855382347
133641475
522308378
953254209
422248580
905367048
418535839
837174087
903612639
671218460
557632984
633789555
542447285
337426878
833299586
855042665
128940208
176046310
554696011
310586765
179664401
290952824
290826233
568982157
659971016
773153537
877345291
931318276
816314432
843582512
433247591
179749205
233431550
366633577
271142770
629167706
317906577
873845794
937999287
956597465
311798491
649794768
580950235
296957505
341625373
973411570
657358287
297907279
178302058
999282962
888990817
344252801
269625826
533640396
309507648
548138429
447320638
188396265
158971458
192691287
791142078
927799742
661927924
421091235
318888343
316384861
192654034
663300698
848935935
486934688
736629638
431779075
330643301
113245943
190412026
108620863
148979435
737875636
907911629
847823766
949823803
426871707
944858002
392061264
837483532
956425547
525308301
774895942
288239819
729274508
953110046
437788544
182448042
231261762
383911875
867594980
440516048
722392954
231599819
941049327
545100292
646208902
941726297
930460675
958956915
788065144
647992784
186868313
845832199
713168309
870162647
121858327
358955352
289311345
259588444
116689599
747058758
614230461
825404228
822934305
783668787
389981752
734535211
836281529
628314059
416608745
696166477
679772053
795747492
106558419
264703736
337316087
152958655
622696116
867243561
594591622
490311562
201767069
654325651
670450717
914386151
858020183
188267166
579227327
923418534
950411432
598224011
206973953
852156534
749132761
894081525
512695699
536251795
927161705
690585146
116992055
419191602
645535594
752436447
489179120
247420348
261689764
581919645
236844778
622051510
473137731
600680633
153150662
370147592
358113080
510352764
710429260
224655347
654986802
444556491
312822133
197115078
452827346
908212026
526515099
485132074
473920012
920738632
190013757
322920785
145310075
997810361
852213390
389606708
749366469
521520838
991394986
679260596
836779558
982750059
860932802
783443989
945840330
696681354
765452487
430665634
309125298
159010129
211824875
514501230
989826262
464189241
119332826
719254652
686145356
878041263
396886578
718697014
487898814
442423297
900937507
696098343
476238667
272049282
966568342
506988549
986212380
114823644
972794422
819578356
619861511
416233851
246328514
204061016
435260270
604485812
394548219
362445150
764170836
950852751
883228230
263881604
137032778
609215013
613001908
782631103
459443617
312666037
950830502
207543686
360247727
128056005
429267724
320520354
469477201
674195019
503240228
309202801
572855575
747538141
567067909
265110265
241753069
145927035
766209193
457098467
507361503
645532342
435433448
897873371
851532690
528527990
929823411
882647243
399681808
734804168
942089939
186777391
236832239
348670988
559886289
467741819
189803424
615147047
739248540
371923109
420449852
451043035
413611661
677916085
618543357
340556334
901831171
170065621
182514015
501319305
630875017
151466598
238095413
154017592
981325423
474296188
800362181
658804013
608508864
720116924
720760015
768502501
492102638
910035175
484718344
649557681
956949238
437767470
603016573
534800178
327296188
100988694
624070541
683354888
883668392
911067825
833888949
171899722
616212833
419295862
572720596
474868060
453056251
130805046
308855665
850102870
868838844
644154443
618751545
660840783
779685865
548620739
261607988
710931292
618257791
958589314
907037155
207586501
440605869
537908715
245398324
500695676
648583457
269336310
310418339
352380822
748019300
204832394
559910884
763422094
528959518
393862439
441983517
168011135
147420578
324339845
752132475
381277373
911113344
198050015
501280175
600640138
600393799
863066702
303804157
984570306
791341696
219676715
828624513
440237835
639309698
853719863
369482228
285471376
996509234
738204628
259048678
130310569
866019870
206520951
827120491
361094011
278620658
361819329
219974612
420010603
479290175
948369008
542269584
102142188
365014170
919205467
752901474
500794589
722143751
973497745
423933256
889257163
834886744
564897028
589438329
146616736
276840446
789095758
508557916
601733958
852408564
621438077
351519096
104004482
231278462
907800902
973724969
782566156
114843656
975071039
573710420
651230249
316716615
568272200
782335507
113987534
121253005
203007506
761924348
126353376
604111873
358860017
147809572
963063488
139251180
953961700
767985669
568358497
774536291
135926067
155045212
681815061
176048251
441874085
418312411
580478358
558151959
133890624
479771003
572629210
726593679
254623111
641841424
820855920
292036349
439188618
880687936
427523937
719803482
701567988
818678575
553323399
483152262
975052987
636832688
397104374
885681799
989707846
445823892
217665334
604521221
555154391
356108463
517912835
178635486
797528185
233332867
856033208
721760026
256121635
998272884
143558254
351033760
569937404
894146727
734931085
858450087
821789959
179413560
661848312
262663298
914869968
458551258
630287798
280612413
422294046
226715297
954682484
453982591
603710080
144996956
867984101
837266859
331648906
642257721
736266265
828969163
793715980
661456608
658171584
446288849
464876257
994324705
451985381
983701515
260632980
170703540
503718707
644912182
399500601
290461285
371246652
370798223
760273306
374675430
392030635
270749704
927930698
153141969
207253220
889746547
166860954
827199602
556521773
305348276
681144274
719857456
860146414
494612870
993443219
912867764
754546333
402068184
434007734
137630559
937332461
873996721
342770361
149907641
376591850
639375936
526434823
323344101
647214739
490176043
247419757
652035361
573021386
443604261
494090675
924154149
598433013
206965732
335418977
507940081
695260607
472262038
456132789
972122416
537058302
190320582
434986490
940986624
244304707
551916244
916910046
434934728
626138766
884207770
188139447
694418898
610685737
628261276
600787546
544958642
260152396
520003575
901153505
477049815
746303668
769599193
244902226
477252552
885776293
660664142
583241635
286562142
184751124
809193601
358773007
119273838
343877565
599221975
737593556
969208876
657024607
858386205
386435806
865764432
953386664
462765851
363366105
657220305
323735776
800958249
763107420
466154111
653759195
614742003
951995107
169783434
223397895
918802680
400673744
492395983
725951483
796543034
693689939
162312833
413098178
989643113
415639690
833338408
598848818
760461931
379831825
250165511
720555324
421749066
689195534
348861304
308590964
470686176
824735965
759644435
128654677
788163967
324145507
206683925
107124231
697271981
947297249
933282989
567414795
109005638
148348939
793660651
369189963
830251452
425742436
463015721
994194081
651749793
961885386
292070235
507532818
390068186
308942755
663456837
584632603
762645124
600311879
813673863
934292767
341770749
464122610
471365455
329818545
912781125
795858968
108652081
926410813
216103139
357922831
884646848
751255163
898436359
515566169
422515824
390588789
783213261
536855113
485714718
957130087
948537130
275673315
382275528
744634283
445478601
548718274
908947285
662984627
835290237
908004541
627925722
466171934
398489663
404720613
881730259
569328879
678788893
359169850
541726521
362561974
901341518
204284047
314710457
348826389
962395102
842774651
841765304
586627760
870090299
214427902
636353746
988061092
794000694
462358957
140454615
356148592
552556884
316783509
242095429
743952567
495396438
177768255
439461555
899945918
839296151
265407008
724895898
328622804
365030104
784429763
835688397
581841707
567788218
749419326
434738975
392995676
541839925
650733163
962840056
726054694
428639280
984098746
928040013
123742237
596143113
945607222
363885431
398974000
196326547
578217577
229713774
929057572
537010932
327843360
581609519
971985993
621781777
825786718
737689684
482547048
164990024
428432396
984637312
123662126
802885242
564406453
635864597
334134105
676143186
402446657
959337747
344518820
936908748
239154726
942561339
608070025
418825242
340857111
965861013
441437964
796747238
572246871
219524167
717619109
203759086
479026631
318591809
130009486
133906808
342909137
782721656
532703372
348703351
274261108
851096173
264239966
116067703
781061701
379641056
205781924
152470721
526282850
367202767
178932646
992863249
826543608
824420796
694802424
366026807
439764381
359429330
902692233
392596486
432309780
196826455
120859867
120492615
187577411
385640881
341855388
520102241
139176203
677408853
497969970
556134605
594271142
679079654
259032646
178892575
768389833
586754137
448971059
994593499
783664492
544809144
520169848
799036216
844575977
586179025
773443235
176193253
987950322
540713165
261714782
130458879
134976758
863615252
399588257
989239407
785606056
334044073
396398070
865268490
902836437
672075576
485676655
374400494
836448401
892417815
719259173
484314112
977347718
941870654
841819448
249105445
918916668
727371104
205848344
234268242
808413651
286983222
910468312
963618014
548121501
857822031
326053708
789924445
580158230
473104964
492727809
129686779
497376784
774502533
487425133
113323320
366561125
753405937
876907460
843976733
911707227
547283241
370030816
102530475
630425280
684583708
510313766
844959055
443211434
892155245
791802746
643832271
774149025
701992381
161083071
984450512
567882113
181484337
992111077
551338359
723228304
126382585
417260805
734000830
687317134
917730721
684302253
577755474
470134269
693784905
443567654
853422724
962117490
708063457
637662409
908286869
730238098
962265866
498336342
301285912
183147419
457646486
302283683
186493696
923730711
412025760
115448668
559355677
120181777
359150195
659644943
461315358
333330112
971407282
320172010
342454084
651674363
907941955
241809572
493169293
445415530
638020740
832935379
986945449
627731491
847217937
862870814
467715861
102430196
673663403
455381939
552410158
966794340
756611034
752395731
967366927
401405744
149688425
222433720
876913142
413185493
178403280
772524589
633029380
447913067
644427208
217654015
908171091
444036929
812762359
460903591
364260871
666487015
232594705
846534548
663175656
576722350
120435609
493252429
993561190
353867944
757570097
649780343
384872817
697574717
401175327
235187663
766685971
806044123
313166413
506954553
380956860
626629812
343689470
627949020
465596077
503784798
981647315
796321704
871039947
844762899
732027044
538073619
112027722
238448898
270482918
567424818
954463664
683131459
241227369
993985617
203615496
752715505
252399814
689560114
615871368
326741416
851151594
660158693
739823240
459411699
327271067
659603673
522764332
675762473
897776396
311023071
734267949
628125852
406844772
425437790
939328122
203198646
580716806
632313224
847995779
375561646
398559318
808087411
190188611
142186228
961066542
922046210
316494475
406365152
521497316
516300134
111895686
508263727
192655652
825862594
539227608
750646354
427810514
595394217
802132455
610467879
809839568
683199763
848266318
602959966
785878106
774349729
105625296
231232328
148858265
413347968
119410709
448867749
811977084
929767575
551718558
869375627
817113337
460901615
763729684
392961017
861366177
962796528
614015756
373474963
257576700
363263208
746434740
457610329
131566648
794924369
908418219
984418835
413970373
610150787
485099642
481366709
532891814
490803987
930326243
803249951
730496592
507877171
613262380
908208263
485850812
861550102
930742159
460592850
134658584
725422075
875365721
110004732
884988702
821069156
197044840
302134639
956948639
141619622
794492398
724696908
116008286
609938470
589381676
426443702
555307940
424891462
364407599
289219452
141415353
450810508
496296817
549051213
867869280
565843670
882336453
947731621
177708279
357029417
753180935
154105973
730818789
635865607
641628816
857194001
325004311
260391217
295760854
141052584
952708977
523524914
467027731
703232839
833453036
194045642
259197868
806582904
331874818
549304311
423944864
135715059
593862822
547576092
487666357
443713310
656197755
236389983
544174697
672975279
343049972
837712981
158895942
741395102
987029085
677149089
206745899
578428563
946939640
772174740
361053231
473855463
624434379
233331382
244486721
970414275
964793687
615978451
263346589
959609824
688152764
260542291
521032342
495672085
324386308
723989957
671620474
344262841
458974584
786709945
263719336
508495789
614771275
532685151
464391343
315283941
561045902
850467459
849594027
561926245
181908110
236068536
977469169
718131795
813274978
363235676
809860657
890270705
242285846
433442467
108767715
359797017
554293620
307837816
518037693
498934028
885987772
173769040
234357748
302440517
502569329
408230368
184957079
908205066
722216557
719554293
847195294
626894932
554263583
134681555
222159308
822826532
842168309
588090852
290168175
646753013
380545755
326021000
802055249
491096956
378051448
485605136
754683735
874912933
146448867
577229669
173320638
922345837
371148910
504381070
161493808
404004768
835924590
112225365
971980309
750513909
329302193
326860731
220017864
905139942
486941110
976188612
904647984
903766513
227603421
680830766
140776158
244538478
548774434
313433471
980869884
582889054
619947153
602101489
819664103
995993937
611512314
171821654
393171276
703658453
453147597
342582990
306719321
193472957
295739665
622092354
219205634
129418491
230001727
292666464
111683949
900694295
755040092
624725354
111289525
317627765
144757492
554655370
542400758
605469637
188853663
569398537
998942397
860236315
213722493
105223783
226417647
996674979
588360008
635213457
484832751
822003604
506449783
310182171
876531931
752071192
536621621
571475307
711660999
600566674
930742587
362524925
383435047
629048699
348400980
144105564
805895648
224378959
724268108
220289590
552017339
979353918
209773053
678970288
236759202
810544342
355421966
735184329
354483058
689856575
940005922
167354047
811537934
142339705
649184590
721159035
931692073
831887414
434710768
992976999
503086600
488451402
188278355
357147127
865233713
523651695
217513961
985140984
151181484
534440904
943836230
275992818
991174368
946677039
989509079
873351310
612651696
953188342
834768024
453551173
146960618
407490674
642884162
904470632
296957519
217322464
509872734
444210726
378121461
889366164
194650319
382895609
455507309
584045610
778166226
140380780
582330740
737400248
535006020
749086722
761477716
288654352
315411170
192355039
664933912
739351433
167036567
201173224
472629649
174659621
138215859
542041165
628981079
831774314
409175355
151653605
588218970
275982047
847817566
719675317
486011997
585846708
762266636
664567479
240788299
104390506
444521990
632571686
217325078
575864828
496717394
992075446
465454564
141431404
584452640
980220614
218360095
787865180
554683212
288619312
987321564
962054859
514246848
976549858
851948470
985404710
357205083
704825185
207217804
386853167
763433812
776161006
910724885
241815206
299237316
401289152
610540139
489861752
523021493
903244461
973488325
260468961
713715996
652033098
320994137
158079573
145606143
800723601
489841487
843577734
313780875
139792877
642392794
645435532
209881325
859042714
436294233
996920145
757336528
276842993
895501436
315820114
620944231
619739497
318142451
947666935
625790495
438259093
753923315
726126308
844940704
821817394
493211559
472431944
138314344
622395298
946798421
316628334
812546259
662258655
290776290
284781631
729116903
928257555
462563384
840849245
136223736
806894675
744234753
356622629
192075052
527264994
259064535
598792145
490414247
801836417
957130022
198287339
282658739
242502084
896378563
830262060
792894173
539161212
257651663
806236207
879046470
978422864
174389807
827702464
782786819
530279556
567027213
853148676
924402344
944845400
932704076
632996316
165149032
146671662
218615143
788815471
639770790
223120988
717636712
118041386
985791958
513475991
232050031
150016392
237247712
308414915
452873669
342586667
705256279
688849163
807696846
308649647
542645632
376151597
548693375
401472619
394081343
255562259
818141171
763268807
865125593
702797298
303888965
649037327
586191445
944714247
364114481
987834303
301529582
178465800
400563868
861305251
186044999
150366192
197488677
478670933
847716196
830645868
972893133
293448074
202015110
353186029
559699289
184987193
113309720
147343052
630572075
701574291
894760345
317640097
485735019
309597462
135020957
482408014
211656871
859069590
143510398
480407579
225000484
747745468
262711401
705689684
513205901
720278508
522785319
767335001
711736016
432050840
618178752
268787401
181221376
378185458
413150732
911199142
237103886
673066223
849061209
847813070
417689890
598861310
352451053
291320961
868671883
865811010
724137349
582502030
735034973
318003514
710668368
888897702
248500659
928993462
822934845
354846121
309977734
824012662
703738514
260647566
647148894
917761465
811279131
145552313
453171780
395720168
609894025
129584944
123250653
235802932
558210185
409334556
892659121
219221747
202967955
687296066
447973048
885645282
543841729
754945159
683400553
957836182
678033519
752135659
640402283
391728797
217163760
469537470
202468831
782056974
797355901
837228150
143721773
158412747
539545684
194966596
151888437
941949178
290604367
652203096
758500727
857219472
317639139
240498011
359897995
729204150
619298830
659188555
291284387
603234420
874688852
114591452
858259950
923100380
173598377
892341358
513394149
504734009
880063768
100168818
131752733
222930015
443225015
506448460
682934837
977356371
126989752
438984573
332256430
139449139
927943833
522258349
769680290
595460544
622612363
811597007
406957744
169510833
586041171
593137317
715769335
372800161
737637675
898101644
166978372
828947388
777584405
578166730
317519186
702957935
229427114
755991404
760850820
211707409
452969661
369857778
553891936
973555261
753513520
590920414
922586319
180496766
270087186
350611695
440006656
489567968
602446300
511138602
221374535
887776043
813085471
629936812
690248536
269491030
393342324
264708153
523910573
529169905
323044569
649575670
992359961
176250240
277273570
628721391
192480067
623660692
768394179
777087180
182932540
676273981
166909391
573502501
877283949
232086149
859100784
940970152
168820404
954766363
406088174
102548741
133127143
205535962
182307222
792860788
711572709
355063298
694077065
194913704
490936241
448335234
562097418
118893601
903453928
325587517
292173848
255306193
176991880
228814762
884160193
863539833
385973441
405438139
396547722
224503017
915546175
197983197
346015530
935216087
193722651
825663995
806096802
525203680
499187770
195578847
573482649
969218542
201893980
971077504
465326403
589725054
350451474
394859424
858547142
175304854
715347588
255666802
336302330
441431470
952180564
740974474
748615957
447642962
456337797
773178195
164430696
421467967
470177479
671530171
201974277
545386764
218291327
957291104
803644036
453286788
712827261
523793886
663590693
104447672
779974052
511832485
442188849
570769953
809565263
658340619
606760935
262554760
276375891
835812577
155750533
970953925
901798325
925150749
704356289
982561410
146923380
192617130
136743737
793288940
933624318
163331409
835807642
339519120
442047811
718272649
559835741
102929384
804417932
528110056
802576057
644824991
512169924
859196159
870653473
820351613
324306587
116777663
382892225
400864671
872318811
720142130
762201979
609152883
262201937
317647501
236579305
380173769
445698157
971221511
525164837
540857278
476304753
135421781
827059927
899448898
182905655
262643652
320645452
103798759
750232980
641387577
712608795
258882444
978587342
178989455
165800935
670223522
793371979
617269626
101421559
887335203
526073668
744863836
864835382
840647504
534228652
194126615
695659457
412034183
111131336
532282717
329541945
261182689
755038963
226663466
341446242
371106099
105874062
834141510
491923691
707312719
241432075
817338535
691942818
152425711
800108206
832443017
469970946
762307345
823019478
617275599
534207323
612529736
519963107
822320790
298105518
269395162
186881220
204940453
110333068
577259058
851585329
414085768
704344926
313345596
371267420
995011962
453250778
554751124
927389920
912349867
611611838
700486277
973502313
750595921
327923587
139921951
521275534
232027447
754932626
215381033
511584748
787673649
426587714
547824869
931944378
268131511
414809126
708425358
477100110
573307683
465142252
545047516
446480671
894428978
629515041
731526233
460046040
463856995
652407372
303120293
866058770
571800751
766785135
570556020
988660113
302302716
344690049
791996259
789086154
297481231
136317931
220684002
451725849
434299766
623432244
591260699
998012047
501582538
963586991
519129525
757679428
161450066
364232217
911222749
696752259
248815201
808040614
605931059
377595421
657378934
991451087
413673687
960469291
295138824
642847333
291562632
462066313
616597076
177448148
132165194
375192436
386648920
943670105
640000002
798727160
497799732
905976739
634462268
593009759
355464546
480347547
944804769
102617159
707086598
753792409
340427493
167562894
376490014
337656317
317663983
708596669
291921138
256467304
584380731
674038190
904009823
366965817
941005807
953481646
446751041
980795395
652692183
794395957
396103684
883293547
835551207
863099056
903029001
809642576
871446009
769116808
562789313
470792163
654557030
123516782
678694147
839115883
894319744
153390277
640569484
566003145
577962615
393226607
590731613
258126452
383165003
167072950
107797011
925898126
340742324
474077464
249234350
561134895
858980443
722264624
431940724
345648758
847946606
892164182
789530703
172073596
468860191
571989935
333457640
638941317
979537270
554018935
184598478
207042314
529826714
364907327
444504374
561146264
481007185
320364498
330090568
892914101
565423618
396697779
631095006
166021201
157398327
129085176
352653237
879390975
759901973
745803856
422881638
306767264
472873317
549940973
236573873
238743641
663665793
327510480
680768053
801110417
958276030
204541705
137561349
673293692
628136940
732438235
882043393
344199119
363274668
409651570
309974900
616280675
645314705
377294270
229011234
267193869
703348283
566634664
917255329
198860491
278603423
300140006
289453722
224555196
755376245
838378501
288609532
833895395
391346499
336612477
400396075
602847721
751090009
744925394
N: 0329384880
