P: 576448647
7145837
4001608
7449498
1759233
3077894
5617467
9617122
2053355
2517217
7250582
4129583
6519445
8146371
4204632
7153857
5324250
4295674
7078170
6362389
2891652
9884429
8864351
7655033
9469622
5157937
9394345
5312056
5791214
6449356
7712472
5772741
6215916
8080682
7630550
9196220
1772916
7718560
6059815
7761964
6121359
3235651
9925354
1721549
1465805
5937747
1842994
7910242
9517774
2395076
9895194
1654045
8707693
1857556
8360876
6321297
7010061
4510811
7781524
5383890
5386699
3297798
4478455
9160356
2247023
2004135
3253029
3320296
3240838
1173484
2071067
2729328
7738040
2852816
3103204
7582679
8379530
8692975
9950105
1730469
4714216
5826668
8246988
4372230
3720185
1222776
5997002
3410162
5036793
7235698
1843643
4907011
1937102
8027208
6123847
6884464
7912520
9712114
3660365
2659883
1589547
2900713
9609714
3123747
1697530
1096886
7394616
8904865
4433735
6862742
5586333
3631773
8583033
3588360
6533104
9507598
8933355
6463600
9618896
8437327
5633502
9297915
6818317
7274399
1137772
7996852
9593104
8013384
1852467
1625824
4917860
4052482
9887522
2389648
4141560
6853067
5262328
8800654
8016551
2827001
4348019
1306936
4003232
6544720
2554284
2532673
3871021
6606550
3324921
8387206
4621516
4102898
5902106
2566117
2334657
4073519
3984388
1617518
8111380
1635404
5051577
7162902
3017871
5719939
7413760
8408033
6012816
6154593
1597084
4815583
5893109
1787731
4002001
4860297
6679699
3737553
9332094
5025338
6433926
8034783
9756551
8774090
8955689
5154221
6137316
4327492
3521094
9473435
7665178
4813507
1733945
1037920
1260328
7602184
4574309
9234017
9693360
2500324
6240562
5646881
4530362
2083102
3035644
1024859
6822894
7376106
5005496
6458175
9128810
2175953
7215747
6860501
9325740
6546957
9099990
4350190
7714152
5529436
2517648
9248375
8921086
8698189
4323886
1597596
1908505
4068048
9127338
1817549
1342550
3574704
9856419
2050612
2735910
7896800
6005419
7809968
4463322
7628598
8136677
9383396
5886318
1743289
6647713
4461611
4154411
8493782
3762526
6098720
7965853
9092442
4179451
2212516
1730474
5732933
8439322
3103394
7915250
9477453
2383772
3677157
1881026
9564769
9531630
7930039
9955121
4513230
1947448
9879990
2438234
5797453
3247784
4803651
1757265
1863997
3629637
3187807
8579277
4571830
7477394
4080589
5019437
6556886
4160984
4240583
5383020
5895164
5677108
1062956
8074300
7062259
5720607
1255419
9607952
1572137
3761906
6552345
8048038
5153513
1947703
2137293
9799528
8167116
9566357
7841318
3277390
4358806
5192362
4459442
4741637
6459815
5896343
9028301
9690468
8366242
1329228
9008237
8885361
4701338
2203361
3636086
4154498
8884958
1255559
5340772
5636713
4901982
6540599
5642044
9172820
7277121
1057042
4702516
1751721
1194480
6770748
5172662
9628387
1842986
4269777
2567063
3192283
6433066
9430190
1611529
2150287
9826315
N: 0459668419
