P: 429043109
100216
754897
540807
739710
636760
790992
978822
841591
384948
553519
347658
575486
431365
922486
800243
899844
710269
358545
743480
912398
556699
953155
467383
776091
901155
385678
127645
203939
542863
662648
689704
688785
977755
211056
858156
159329
633601
859205
988251
228654
643269
796747
215451
960103
622156
921743
951503
480636
704080
346041
306958
285318
806824
848258
624736
465934
911612
864985
833984
340627
102979
942022
284421
521013
325133
633971
927395
846211
801821
869742
302006
640536
776689
819482
947561
167215
863795
532794
709087
112679
440551
754935
301557
935424
769201
353286
757247
295715
486891
234487
161691
141797
197736
126161
138985
445257
894756
102884
219639
696909
379392
142876
554467
315927
622026
948493
467483
211921
953076
204380
234205
574187
964543
109851
916643
938686
957237
998899
787760
172471
322136
572974
519252
567833
350534
118207
650634
847122
566574
353023
918971
927084
218880
672518
100472
515695
193392
182863
955143
930226
255945
743212
776310
361690
295732
112456
650094
980393
334683
288301
496442
809021
599819
899075
422044
834397
853362
849823
582222
444057
705062
352269
877057
358638
858064
426365
583930
836530
987593
436985
527309
479625
741071
596143
606700
432926
601671
622391
449771
576340
372999
979957
911305
277084
569544
855920
558269
454877
344990
107633
204297
828721
352362
307803
463384
626276
200153
326141
588297
186513
827750
522414
784582
501224
958679
148106
471633
181160
641416
805432
344950
502342
201997
253368
655788
743893
250031
494783
401534
311661
428842
848995
718258
589968
152806
956635
846623
295926
604447
957345
943242
494374
417907
473524
474599
583755
796739
610744
909276
614014
134390
857506
270941
653706
300540
255245
645223
589994
874216
100440
890067
727952
203663
325064
N: 951345773

