P: 791546494
653664
491857
129499
199538
556590
182084
131574
125183
324860
903535
564202
562707
109265
812085
855157
604827
153692
731842
517889
517212
254514
635174
308906
387278
558645
988141
250544
327752
105516
673627
108422
973536
510242
721481
282766
703155
129545
965314
473421
712501
885258
240914
722120
288741
945536
462996
568323
467274
557240
590621
337313
962543
289762
179059
538436
468096
624699
108284
214648
633971
106348
609102
320082
940228
188017
699589
779018
702776
408601
633133
727641
900521
686017
593072
653109
909313
910766
572559
228182
794969
554682
968665
992656
756996
602938
835546
586589
403462
308499
530255
153129
216350
952155
104713
301262
501348
317610
707604
268694
647526
613574
702549
806417
922608
997414
938223
224745
497846
148477
510766
357503
802626
945268
850200
291257
978077
412187
993802
921616
605625
912384
987855
835024
945529
250247
667637
236390
243957
577991
327717
779909
312283
433556
572316
177134
967571
763501
906514
550759
658960
120202
204535
968072
232624
824768
389645
471750
869283
323534
713009
209468
601600
490432
262367
854922
828633
816581
774204
628031
134553
505659
702302
486823
573839
435791
264347
185071
366631
484687
718238
653569
822102
470679
367590
977364
542245
122043
229626
967158
677332
711986
825794
642996
671845
122543
503760
127636
397520
646082
531651
680620
391879
883304
141676
531871
219318
819910
229463
275216
304942
663905
709545
501993
697752
146991
467659
673752
965947
266646
371370
868587
177515
685356
737437
380932
431735
214595
199939
243707
186304
628952
651496
695052
907599
778665
371834
881114
945701
814956
923453
623234
288663
723634
316021
426278
294314
899145
669498
621331
138214
920274
938016
224293
842304
677126
784987
390132
225338
302111
372503
809227
842737
126948
299523
176231
994831
857591
249393
455010
686721
467012
726040
741896
916479
403147
772056
141340
872313
803824
796342
406106
339670
399892
485211
714487
922503
716568
675562
502914
905876
861942
683472
354915
162894
797890
393672
989108
219943
341777
896846
N: 0274519005
