P: 1014203748
617563990
551064635
407210902
711170221
363021017
866318486
345058822
786096516
245568046
102856943
496410884
416237417
615582559
876239409
835642742
668270219
569531623
359919916
871865229
833338459
475270953
619622703
928363660
843917685
406655301
128747126
585406902
171764736
676676820
711760194
704843029
787116978
715274464
626857065
377706738
475526982
977401610
701853052
872373404
757991640
209188435
317518215
766187718
493089066
519448874
752280827
949391535
721450964
596581980
756063734
286781304
870504618
635040102
723678149
243734746
480175863
197950917
187003849
254735675
789132318
507146895
357601701
197672275
390524009
862844671
568962263
407770391
129050823
979223731
507382196
141609835
521475695
786891886
424217704
858572055
504602636
931824500
382570150
169317634
877696523
513936302
874196304
422586088
629640859
380202888
490405713
100447689
883255539
392943002
319510278
740518552
262726449
188717127
871123483
618144365
721761968
930318633
232931632
628033012
522109143
215269596
169565108
519865359
772107221
547639833
941416480
650745405
140701976
773908084
941056620
600479352
515129999
895216500
667733953
742092746
328934330
572242673
874739981
773372627
247443834
407250602
248450119
281456768
430546287
308452788
845246901
405646790
548418924
512928802
139586456
426754719
617282344
766915139
552309642
725459684
698011416
662677624
228173739
908635368
745535450
305663801
767203718
995785578
920689368
869283607
532098424
873576796
444652421
540301855
513232828
425727872
461266886
275570723
871217749
316472327
592324013
185843973
944221828
350767066
688641637
897629084
936173635
142457304
564191558
864762184
429613816
264937880
939317776
162253268
604790962
606706288
980826498
834349586
855029631
221044061
571192766
611819721
308936418
671233235
973554818
255258528
126046060
940081283
260790280
189943871
483235885
181930710
586078443
906495796
907218186
839347288
828117701
243268585
124657224
684939048
756811388
524015487
875882848
100379065
997353806
379917743
305404334
355017547
300113073
846260364
529998927
491090142
237438200
463092455
243055086
261170584
775297030
992630687
723847305
538825935
869472943
182942337
538913637
992048449
118014257
876015277
690455876
793918683
547229273
398716855
972751916
757984144
345303554
998103942
771573072
675418648
109213190
973329576
455607214
423610039
262796798
425095329
523021616
737713945
627947895
348645894
367772038
287492728
991298174
657535489
857120427
751456304
376428209
953061071
663124652
840294039
818297217
613217638
801362771
169043783
561909266
485556120
392783408
685146144
896985871
876111986
330802749
329734767
845076765
138328144
509819842
768090536
872652265
836202350
570000714
318987835
291872634
725066416
712791025
171378969
725634052
547671623
944112283
277272071
678695297
760629805
760188539
959358934
851253617
343623304
403803434
708253849
694899483
112136189
456888570
820470322
317407919
496248925
627747511
335329382
396348279
445874041
574530410
384920341
791819450
366280463
958480233
152226831
537346213
790861724
346456893
590960692
330974755
563390226
433058878
174721595
695245053
863901723
787739164
388881968
877777897
353865084
833059901
554665109
446633576
330709543
304835663
912610443
229538166
172573338
871348302
996142791
697738304
908972168
626841363
872734648
788078905
737758115
567356072
577375751
754131183
184287574
930685669
918962677
500425142
569564526
989877102
156036035
561556330
364790930
591510630
623077222
398785876
289361865
401145134
581244221
894533353
697046029
454352751
268313850
875534875
216793810
102942771
355762376
257406049
350581274
435839773
342546952
494077376
713662650
732213132
974960991
449519805
766481942
790577499
719433146
684258005
615139336
893302822
127103272
871999268
645094569
876618546
443922728
698392834
727400971
290984920
507982125
407019116
265479542
821211920
312608157
264439749
627306150
289308988
691625380
697557264
294257358
440397824
677435274
249166523
522225259
609377322
782808340
795787276
240672049
392230011
278729560
179003979
298282679
143047226
549687460
768775759
193435336
458400882
762443267
536512341
712424112
343129059
101340753
583649078
555163846
556153314
893056029
355430566
568463312
701169363
414613232
583016036
628955468
597411498
100833144
469755309
872016371
824752356
821135859
125060570
617886479
824885051
649911378
402039383
591535903
498539533
886261018
609299524
668642762
899250909
431374505
160968950
693101480
367612705
418850968
183982571
691061923
689382367
308508571
292713375
915273083
573278465
707180316
118609343
233844134
727988385
460074517
842937273
382563551
151484501
829770539
572808876
477678091
452199537
984963644
413660655
789381891
958592076
924155824
537349117
759201578
423632791
978440085
871597877
867447848
579893803
843864886
407424282
848480844
189141625
841781195
451680962
667327890
493191558
969473562
903237036
183287656
461761978
314812651
513635553
893985013
869923489
653075043
158003464
999976818
807253009
456984072
698601491
199742390
592363986
625410205
706697753
818543240
665010717
496960398
721269980
556985584
195046137
593936748
836353694
611110164
976536700
646094317
183363083
663250024
261239731
230880495
614482948
873588927
474695253
334056727
618567785
730138403
782553413
586667492
759977170
727645951
794602917
934076827
619563626
899755618
112904624
588993571
827022135
285283862
373684849
471828375
594245078
546372668
253281894
131124996
930244103
790831530
738414957
680276751
736099390
717174845
275299972
493374264
915382022
400927874
725454912
770432336
689748854
503217721
352857767
401227765
120361733
463155493
566362472
716214942
651373356
710458855
643077935
798942737
796737981
182458546
729263392
269858449
315002345
975579408
141666874
356207847
601161898
188980413
523191129
630853377
951429655
726416681
269637385
236892511
167567449
762633135
256987754
740009968
609643649
186199763
377423582
954041528
948866020
554252840
664491661
636237534
249886216
774186278
381483378
563980264
298539959
890222229
963979799
987643843
153734184
621329950
177404262
639216908
870398114
793496830
666349555
986583337
526327273
192333396
632200452
832361046
451974894
617998030
812785610
880535627
621511952
446883421
125828920
357199361
989829886
854437304
756446799
204087666
162206740
142855667
159283169
376528626
448716112
625995756
287301830
268788554
624054503
270317120
991159588
743012525
875642793
325578675
436183893
684410792
723616116
610021720
903319907
931112639
614689300
534987761
862204808
970843514
666506140
313831782
152886064
651658062
467512694
353745181
918176337
774262402
701937239
703860901
644145290
646861824
577298366
311588771
215772931
195693108
578495776
201103613
170251080
180448970
732346471
886122948
370592195
113895488
602017254
172738690
441543782
617185404
167169342
567483594
210368749
370419727
169780013
535519245
184431976
474086601
668625105
239220501
385039982
959620438
266630908
506356312
456690172
680128576
655001273
188490296
816284373
153234058
887166572
642831696
577178233
674913754
754032316
949735493
499267836
486781293
973294095
601770900
965900767
596424310
270281767
204568405
521524120
598514649
366351770
171235078
889860113
857239064
368954260
907080594
242875774
499446214
461315972
585766761
144552460
984437783
936180873
380571794
738592436
675296413
241887748
130433649
295123929
887839992
816690368
968849193
127322489
797498900
264583844
937532889
148883338
401667493
511215179
952901514
553507583
450921530
432793182
889616554
222556881
471520109
472565765
457138571
281933167
221996728
291124519
470806356
422361114
740405195
429616487
570561182
484102844
510970447
243620643
358893024
120554291
162686755
666817322
527992313
835242907
279328811
593852341
598960762
787527167
762286948
452568663
179559390
998531586
665070850
380254330
512008766
680451791
596768958
841267163
183718345
516725029
882806743
191173692
527581814
182001423
620593787
134235492
666389604
620436325
182811313
194044531
890754609
274226727
226708290
324509060
397339643
988668903
977344377
847855352
226472291
538512584
924022324
641924251
116708292
945750254
830241114
218484900
827813603
726906624
709914177
136746673
110619685
301237741
172083367
214878625
324687293
678964335
224642980
367229112
143207812
237099914
388772728
702737078
777016142
382438059
973070260
685122402
653733697
942900123
407041680
922212732
903039727
945934615
553207400
295648826
413592428
128505067
953345293
800993379
885450109
896983681
239397825
701884573
569280180
785391424
774003533
509140083
930158879
408589976
496964198
938878906
406709894
458042786
880702269
562632657
820430141
907685489
289344762
219983936
261860828
857328182
662283169
900215808
792833714
742688289
312901090
246093479
974653095
781136721
494366145
102539010
221217208
979937384
286994016
304987573
924741847
217600843
464900647
541765245
866118248
287194153
991786867
969589117
186571625
999002732
626956865
325051907
109723302
683374754
803649448
705346340
106698207
695519642
861249872
196050199
813756109
575836439
400023171
737561248
212914538
175440402
130916850
403225375
837287618
550126375
217359354
905163398
467774878
788434300
793375492
738329832
587239114
642412587
370598287
514104493
826274410
209107734
292539613
523424983
491415487
437471088
195295822
774759721
476918637
533257100
104564000
532982589
321122012
188551647
215241141
315209483
309476608
111594548
862867143
754084301
112386158
226194994
783461236
314025989
391002764
432505183
665662890
420765518
439636104
618315655
909752514
437193409
517841210
931036171
606691391
482723678
817233187
984737082
748171896
133184835
166916089
532381835
737007089
936536300
693651239
241647125
783006041
146956701
410010775
589942513
306386092
996878842
368883370
768026814
802940450
111254851
682923334
517974187
719902681
273288910
455371751
566635589
532285553
371400519
106553019
434620106
784152262
148399053
165316437
432922029
989477197
786481343
877546397
468137004
749609251
171454067
430647869
854843872
634368118
908192797
893522838
429900190
400607726
290482974
365859379
181398630
886185918
764140755
419267793
604786350
714394731
421217500
627507506
525940423
748515929
437796164
945413718
754807691
309414380
909990579
210971086
798134956
382387499
917372488
329350192
226755365
955514752
499956878
556295631
316909282
325428067
443409729
571011700
445058250
386622263
116189988
725268923
556104140
364774975
775988141
952715109
902126785
195665136
816714682
288787848
851666253
118953589
373535925
317389158
410273410
373903229
891150436
832614344
195566456
753745591
575248290
985959201
696043889
210230542
966079223
424341918
673287348
854479493
393491076
554157155
454602195
746688740
458156919
945756281
229086528
163033982
576188507
641983659
241114150
598313641
245174470
788974559
222344704
799763539
918465027
138227607
594759356
188546829
972493346
960841363
484927234
630990050
476856435
512582958
807820397
306468315
954974694
674677958
402944656
140424600
168163775
494852289
260164411
149322053
149397700
346372986
136523178
799708025
290436458
287942278
483750910
105439114
313983875
658797947
980377364
432364218
195532138
280641383
852512747
101533027
951712080
673480266
189258879
657513493
464364227
497988575
467961936
632593041
114283321
110897919
298603201
839807842
572667788
982412207
712253605
855701272
298001466
987350076
330842634
942046398
943584347
689354773
106576179
583376539
991119832
103362321
422939496
103674871
635697756
635165456
619759691
333972939
383856508
818067637
643741073
884870387
452927701
498396922
466657219
397818924
723813394
618101977
352520091
755563095
767869896
348753853
376691889
427616696
115289341
666098819
807825390
674727695
839654516
989660070
273918540
429801443
818461331
758316243
990004732
920389846
623399815
310849738
346762080
241951957
754752559
161774624
945111326
178887515
739127486
729525552
251916474
572836983
763201095
662306057
971451340
495596119
158258658
598803785
347581588
131487818
488269066
430749679
935997841
662639454
699945595
223770749
311449782
405998070
999831655
525107019
445825247
845580658
592565869
684259954
608209177
973249779
831326804
427319755
732926917
567595373
279190030
776754763
377941692
191691229
487488665
369204627
593139291
181479760
681880767
161425571
626025905
470258914
543119596
467286374
644622825
507328320
343162334
818635475
116759074
762365940
532912840
800328229
549616487
505660594
885459782
676359170
904797126
437426463
218957689
393556970
314383615
944526031
151232603
672070948
143051937
235304070
519264199
110903680
331919285
477852648
671322361
962263135
501585759
573182281
580408170
920626713
706951006
978597237
964382398
227342002
392024751
840640817
855289028
540623531
651034793
711733571
734169111
717291882
295409053
178839577
966970577
196654684
420695875
310267179
942260689
935275156
975445301
501854744
841538575
893701516
777629216
435148328
192240083
173759889
831009162
668196774
637651149
796912992
358755498
186518258
756366760
715353634
416825113
953337607
455469365
963798257
710449646
951891529
612039620
303091609
309715566
925366755
188131266
723553809
974526675
772065699
231308497
265152406
878651771
659412176
972232827
802690563
429500772
145224870
835800100
310510366
135663640
569638938
893303797
223367254
573710982
857750853
709339091
361143327
901031381
775920173
794549831
512822404
879582571
610535538
689713012
907279863
264344731
864813824
361620844
125182078
662920003
125626827
346430088
877353037
171638612
870615274
841993603
236700603
868537537
260011540
353292232
272100970
724430078
880086013
241606080
411300593
307873281
711460439
340614741
823697497
788609178
593056020
929617131
503572897
802883948
647419178
527042718
162630626
713028214
375744615
477449222
544152212
691771062
998380355
746571123
868702767
859436480
607646739
724885649
591991639
180036118
586285742
745967542
430485866
583732059
786759361
319774290
683816488
256309345
751415222
171992677
941092179
186693074
634000055
341509800
572935755
826711718
375711566
715717570
873780771
838110204
901729886
671691257
588343827
252500488
494889762
426541935
982097426
996007288
323168579
293511816
339373193
308303329
556389360
740024089
552459550
125417427
617106981
259383700
409362928
737762664
302182376
113707905
614947629
412975927
371408760
931133575
353168037
157276671
577967593
491109742
803031429
685481936
425375236
712494572
171532850
836453913
151269695
726345301
435243805
937502590
131470297
434259187
721049777
465760866
420700768
472684506
599685656
835176764
878861539
181297548
519145789
534553324
831550875
729461714
255658356
318156098
662099900
486240817
782269335
455666145
720990112
673669389
553066397
863595986
534129044
982303653
695497184
508517621
789170735
737622396
250047959
123667026
537303167
605150688
584730576
927782508
508840667
946368965
845028598
668564777
642651978
135256401
657797713
981818763
816494942
412363512
280545715
239663507
840387367
426387602
300853192
276641173
701651530
909083404
167723495
214458524
414805124
594467007
221733820
557608914
479601368
726789114
974077268
520924295
608353000
332565131
426978358
201094114
112493032
854978253
716421827
847491819
187233257
590495259
702880625
103304419
865399628
534746457
519153767
150808586
394897593
878630742
748472885
990691896
765113120
498124889
348479523
100534891
566778758
856422180
163699114
957004755
720636582
556697114
958847961
932655366
443533282
890200080
843643734
152131528
132759289
320607605
397722089
113529111
949163282
630850553
989188669
935546105
103607767
338803965
752692554
528622986
118471064
702577732
713597112
453699963
468696302
298656454
555584939
484529004
699061515
479046575
377149238
593836123
669737600
608299329
605435899
218383977
651115894
420145846
600470085
862495207
835753108
350309149
823006918
367990722
308481362
129093528
214139310
399204250
356243600
142885893
517951784
307982600
765309246
179356622
382050965
668985107
349040244
428764947
640134345
547015263
841693659
767247670
126296169
907963426
899783216
549563420
605427178
760147730
957327407
139331703
220687951
832892102
317650394
210749434
290426657
201603988
557744674
727233797
309040610
358044416
348837440
154841445
351362512
311742829
556488311
772968974
407838918
536679253
611532116
426937325
190585488
717140995
491615567
112930557
169438188
330320206
726003367
389837629
415174670
828969488
705671674
707005922
330439133
958969732
919845562
952248584
822627572
375348085
407272062
948003615
684661459
161839072
917587723
535234224
538606433
855434010
310123205
312804588
410537842
376129000
506843772
552189913
798564616
361157685
844859873
126218072
602187441
411313422
823323670
317196334
209714536
672750352
370151519
735271600
379920089
639334185
659589435
161579547
472948026
229543261
434347675
139112359
168535400
487736591
960978320
711892511
311471879
605600200
305123923
929218084
605505178
792680450
708544980
865526399
730966326
602974905
532825358
100327123
758062038
335376515
535145652
529704540
841384622
146758136
559650589
639532117
801845815
337746054
409608607
253178851
212810533
272112768
730568612
834676554
582115704
641040609
184532303
679556318
574520474
331671585
306561875
152959091
110718324
802363216
391844545
245632401
226139924
537333882
616732866
419059777
206539560
739395509
580673723
403007653
998727151
964449695
522917449
860044173
917451295
292787011
117723584
750171112
140335912
944029051
204089836
454409941
856084039
864050593
660062959
396179062
986628488
863692313
257296413
623580331
970779296
297029854
904083883
943526919
249705016
554759425
877910709
722119426
244219218
946118165
325810572
586932138
112444491
581312879
914250879
514868949
570313677
710813787
589325268
286462531
654871946
223112826
149583362
537598939
601699612
419222768
805612760
645407017
838521054
363835705
992606419
124917796
326563266
532939096
483737526
235046269
633696115
649342593
248300518
957484359
462782394
318244383
969597569
323276267
878978078
304673154
285385220
975476287
940604454
581704399
370516081
795554656
793225694
273507881
106433026
652787488
194099435
455132883
497772231
529986145
914934663
946557817
846445132
782738525
895443352
591515668
608591897
563066795
657785816
656149612
556661956
805844601
169053932
444711577
328226905
675065087
525439819
868353217
257148987
973986676
984706563
277177558
370821168
829273966
553966446
643154353
576277590
116157550
839791848
680918270
135143791
283927746
334737508
278520714
267706255
502983304
832088647
403845649
905848468
811453983
962081462
702612428
200309992
628402633
299454937
388128820
137716243
734906828
950133055
346922829
144705612
783477100
901430580
582480783
701154247
676975734
798666214
509042647
798721730
836652258
201383035
217433113
812355990
377770457
659302499
533422017
699490940
609246799
741132271
659224351
961132132
500813722
418270220
707361774
151710497
956011400
923562765
661374596
816692744
704463272
421566215
312004221
299354098
820830633
416727313
471797813
191437957
478458724
499284748
506932270
334967018
279625969
452783305
839858963
196905348
626611134
398241561
927534357
655986190
567207982
248008371
348632306
165027985
620700099
678153987
246981277
392487895
333184671
556133797
578961360
763926754
227544106
510976290
516867367
618490655
214617664
309513742
191584030
203358064
402890294
531659089
970736210
258828496
900969725
396111376
793872001
686499188
506992941
874965687
504703226
134300172
884466139
190397699
187052827
309214750
977864424
312119595
296885296
662171118
485825320
351311683
584207722
805207893
328196243
243630660
724515576
999097564
394810995
264811207
967696347
809631280
198727284
132107178
961826909
752643428
654936940
385118771
316745326
702146882
829872245
330285727
493457557
857406525
740801768
271390791
689576058
692617160
226691009
507025092
164496470
748211984
682903227
522806250
464975265
967201216
780702861
199300078
707366743
972456632
924492580
508004597
705099649
422894003
289623882
880468063
314269693
839508627
840512020
815523455
397222368
304378615
517296204
554241127
694272801
640660476
535291934
279603270
342072310
176442246
823597549
514102460
221513882
226340936
632573274
455174986
168217677
323762058
653777946
937025951
148979034
866892800
155641855
579328562
814345417
719350275
789027044
440302843
658380540
886071474
415626755
786635601
681206848
908673787
962173618
105919103
265973890
612297729
421212824
231411864
402250679
683282227
978578856
989351431
679201161
920738579
873128134
100211595
811916223
601185623
415903650
198058937
502213774
415803643
646290731
210677605
850830536
914218011
970153320
906531047
229958863
353306746
341201537
665775744
169422874
154981440
570772277
927859057
363586915
214327414
174283955
808858118
992125336
454011740
761955738
450302780
986673570
808702981
917513568
307968643
685231039
344221762
150732415
948663725
909621202
496739527
546946104
842372298
347004310
603725056
332307850
649563542
825403246
613871761
235151735
732148427
741602847
829564968
818980029
190874333
729869952
833115961
567518566
505307722
782499392
520432304
732336088
691590081
561629462
467936706
551791500
559543333
115591871
625420817
510578896
749994885
712685435
353123698
397773475
906987129
477764003
406041246
597298988
634569185
855248932
727772844
100612088
925453998
129323614
413657681
482224773
584388648
764100837
223493964
773360210
760899539
466701254
880798300
152269345
486172733
839959146
268551699
992535925
595453585
697812576
878906767
227353823
602107365
509265706
897634770
719202534
317261228
840689833
144608371
555598997
156558056
960013407
618520747
891729846
489414740
915064585
646465262
320075831
358404423
671913335
565691872
520536726
353436659
915912465
619443393
617545756
828027787
894698647
579991881
948789407
405293015
208995220
786824753
121742729
111373166
333774100
621805036
133364116
945761069
317734439
299852493
515538473
352580906
707931607
746446912
899675753
456700345
827828089
467795552
385337960
651840386
315045707
572157066
608690252
314734194
890733224
110239865
607328498
658965813
819822818
956660546
819147221
200979001
814770794
789893138
533050054
855054109
985075664
484809620
336176494
883687231
609730217
474529150
833453359
930671801
443771606
909245665
190848709
673157356
126415076
275582732
741257963
875316477
461905883
964037651
285766185
619358953
479151018
729614888
540736366
861305255
625170927
225632757
891044041
372522389
913964395
936007756
528950674
845443503
712721717
104444347
927443058
363964807
953800848
846132199
166512288
622798068
567844964
152699747
856761094
237483857
351284022
528886676
722111621
450115522
286441073
393298815
793089545
244143711
160468717
566957974
382102216
328009018
560283961
381747396
657052607
686070569
602677061
237312819
185649192
220215464
557429066
822435587
651368614
137244711
486989252
220474263
420043064
670133787
825604992
723889581
212503485
599253744
124666708
262115046
628467255
572191488
320391193
486708345
642486773
311562195
155646550
386419974
233748290
649660170
644383662
902952648
194495950
418288608
415521984
901527883
618528041
799576303
492606653
549992737
357664495
152264658
443814393
283863514
731258304
313799841
763613957
727522420
107425503
515961320
833367647
842257486
705062103
259651921
294754677
722047470
797741894
532920784
619280456
289299094
563905925
519327096
238128960
379033864
275207458
222951376
454475650
593207970
572618726
727313760
848797916
604214588
126432660
952930156
730380650
653254029
281678082
729825222
989042112
751636352
839477798
667094963
795763360
660640327
651298028
865061081
994200220
221306245
142849604
894434556
935866430
815669123
101950043
269570653
517189516
538427433
593143771
681829435
124606149
948160945
928299413
249820488
775344062
717569349
100193987
516758435
284916458
725910625
593136372
362605305
194417102
202779451
676943287
349888995
187236868
977820533
594256800
369543859
685484985
607857153
819622685
969685844
403087637
559973232
198602003
859668944
611730027
300994994
983463451
509434902
323729457
650332787
641061695
332504544
446946062
481510838
855109901
638001497
878946313
976988593
802821210
685663321
880214726
300209240
886278983
495830239
798591141
922574229
164891900
621699179
261897486
957603201
832722041
150876403
680920389
497906960
360741462
837336069
866631250
427674902
518068831
446972233
178698911
139930576
373466067
323340865
875033953
916737061
296030898
817060262
221180896
433617623
119026657
572985957
568388596
750548574
345180718
864786202
825622529
710362981
556912204
125918631
531335329
150329860
914123766
625933796
496410659
888478365
534460162
121447598
560245588
386589094
163967254
176201836
739374038
734614498
799142608
913162987
623926909
551651296
390253207
920379157
908751969
310763760
645728701
960891732
426225836
737372616
831161163
475179098
582449286
303923193
291828951
636660366
838167981
863284728
662270318
592420904
163854747
261106832
108248073
674254068
196655614
568765158
354829324
723273743
714513365
817208549
169458948
290813788
798859480
353866186
745280650
676118455
667831995
202362155
390687189
247781740
437433458
103633061
370257991
734642828
791241949
677821712
628227292
496695615
174031576
832896814
286770230
703158352
164618747
959907671
463587053
203677248
474099057
493777257
827805033
214918593
679152073
625954474
684986930
679500576
327166082
980231609
146127701
824633479
667552489
293484265
940860897
456650967
835927233
496050429
943893350
720335729
405051086
399570387
470006236
185951551
708652637
821588592
124902168
628018579
731817582
733389939
451609101
911753367
421251005
974824739
510304805
120524250
296402037
243076191
360149434
781859818
168754895
461917880
687100079
922058516
471228574
595275378
873219070
506558468
537064258
311722968
274473391
809592843
427078703
774991861
392891895
425765008
821577887
860570032
541619204
562221204
886497673
574651089
437479050
481416908
811711074
111471345
184251957
525313786
802226794
855383037
529219143
449651568
471784876
690140009
918330818
253567964
558288591
779838117
398929397
490123104
526822662
481566624
720045459
730518043
424130490
185710586
234747602
757416718
245447130
225442817
120306503
834929408
388939228
901983857
413760689
574239498
981786530
142278532
377810057
283799766
781758762
154785022
583700546
717930395
621274970
152490165
694059695
303924002
752142987
278675322
813552468
411696981
581186769
649290000
274789463
563784624
630571295
187129753
453793637
825353228
653382669
602584731
861259472
978782966
882844934
499495493
167176974
381739369
985916752
877017083
617655423
913926126
565530544
230920546
660208382
863871287
476735880
666771117
788205142
322327695
187992070
809157060
415478530
107786616
942458452
979907373
651401218
419783598
743526382
703548129
257263474
811820680
863876548
170211186
442415747
281196345
556947602
771450105
145320913
356550282
662040523
813266177
446933077
261933068
536927656
370026321
233961458
377415901
715352024
214891291
737950055
338049330
418699490
571379594
472676503
812746277
315399593
622450598
947190338
460766946
130551698
527893951
926522759
830982396
371566595
875838752
536906548
875882588
888277517
470464894
740095608
593129171
334685251
223768724
939747643
865397242
738514829
874597968
628590445
240603351
829606148
698042130
213060052
833971679
861520788
364348159
602891795
317812766
496688548
137224056
226637396
430477950
660736697
390124870
536602875
665874945
505443962
959069798
469331208
961486318
868742878
784389988
142426296
928177280
110761862
162147544
841912845
531469666
651889817
157308711
511286563
270189636
514014249
291020208
369194122
349458569
255228932
663986821
857326515
768379859
528540745
957113764
840974949
410468157
484358909
562055000
120319634
933144987
641743871
339366633
243504253
385595775
999572556
925257251
893560815
133660059
605603278
398673071
735645066
267220258
527640376
505292955
171952679
655455753
419301410
206401664
958226237
415345326
981750517
308804724
748192893
976605081
663184336
435727979
986855401
854737487
158031770
331994691
525076445
216577803
528951151
133245341
135497305
832741871
594507974
999928432
452785058
228028177
812471846
618546143
373872860
439252388
394708116
876794228
875899104
696263713
388942969
815057268
611618276
175124575
322069723
897648393
332358984
168033781
841421915
338076754
761997301
182896831
481321421
807203020
169935189
814633263
120145285
909248665
212200434
846344612
788360117
705961505
258509006
944541410
507045919
163316908
340731111
878556281
902326833
991429905
718358002
242221479
557247712
563094314
214233708
621853113
133165042
200398085
341813091
841313669
691292138
745883151
909676275
194020202
569959082
605026177
992029070
430644915
417650005
212247585
438011556
292664587
184433250
543455296
363061670
653832951
690876916
269470601
268781511
918179749
149307763
964893598
447741228
912009491
494922695
895665456
703481684
869453660
922631169
677265031
336097198
888484376
604994386
245698914
626083259
935199226
548781993
415869721
680908665
297357587
177868773
143674491
476379710
928836953
438252514
529097087
639880353
389513380
600218259
149600394
134896755
378477936
698484116
513857400
150053340
333185665
446899862
260424268
236980444
170349024
576824110
552940061
909009907
790509255
133922647
365906274
779128436
474260262
860607833
855774736
971953689
187520424
970842734
817165136
912504257
990102560
756695585
751652268
177131446
289329668
990954368
440248417
498928816
942844735
656580073
668812240
442270594
295052654
656002873
547718416
710592703
391305652
826765434
200346939
277668544
515072056
882148565
504710438
633390486
220882184
419880334
152319592
649592164
164708950
614545901
263613928
433757124
930697239
186647451
219166497
245403106
748018716
333201579
611086943
371418708
888765543
381103890
437506668
156906237
606218525
434565124
647245679
403198922
638301832
451793709
827168985
636251165
920038011
836325977
139300402
229531670
835835196
727551259
383590973
152274109
627287948
483347477
710792763
880554689
692356632
713596114
357279344
765918751
985220019
639744724
713662169
377521260
840606655
523197463
247195494
390856589
601895702
548660092
747823075
911105735
940377771
112110454
868552528
475682623
531483417
157943090
649076655
781698882
550582274
372989829
984585359
921294327
553636172
682735556
823208425
765381119
509179563
598853098
696165922
347986251
777338687
875634779
569195464
830348923
908377577
982880706
331102979
180513969
308445510
798392341
308796566
415823370
337172365
745857277
910626966
925841205
523726926
223770768
748440639
974133705
514835652
141835131
340712270
359412254
442291867
997846372
911675334
906461488
220890489
221723816
832310532
990228868
810236977
909236616
515709555
348071761
599675154
657042631
643150667
426070890
446625629
983603802
867668607
561184805
315244038
872485759
484370490
904618759
233414554
710878461
487169743
130474273
291781795
622782083
565333713
485293860
784819811
305496929
805274107
329758710
477453634
491429506
368827022
917326257
541276925
874637421
163812180
580815268
149895552
986891099
972731053
807229418
436666203
812364577
493584420
593429767
534536688
154115772
260712698
394559864
221005125
488824538
975424857
152617880
867604283
886265312
152644581
117216812
324048431
450315216
558708369
720462590
872967982
372145577
177622041
900653076
751271160
694712463
679664455
723247019
334388648
453866447
464503457
396152009
272754440
185909743
431751869
575308854
688383305
675503935
931047884
153493230
707221937
499002345
623924903
101671843
679169681
598478430
178230856
885973124
150724162
768125020
987338381
601441068
774860563
859791007
415928808
309311941
808523132
987374823
336703084
236283867
768627656
808678395
949578085
212774427
549735678
317733199
938122842
586572918
829621618
279992817
517044988
804546469
624281798
336187499
557361830
932797686
176089182
652340773
665481917
383733526
793122191
514344607
529762230
527074379
542226228
523589753
372944229
818206276
578075858
892598088
195601083
725925834
222224940
173793173
194732988
673881702
762403176
968975753
951921289
442931282
797828648
610240363
578760207
442575650
973726172
510789104
644074341
915503229
460337632
714777656
763409973
887366380
988131376
154295257
166891499
856614237
929424016
796618144
760345555
106579147
577711799
726349278
875616832
101099199
592152613
363433099
100979104
268902620
794759211
942919605
811508453
962227074
562204513
163352443
940626147
832766447
600049922
433800075
481193469
638546744
224868940
799938976
404224827
266646811
934835275
397118460
792412852
723035905
290929488
905845248
471826498
671146446
597554170
824620756
707928626
896710089
679777651
394938226
320456602
772910566
463545369
237045818
148096761
457727669
186510342
453395271
259435012
547451047
406110965
733814200
960209676
965459543
808313446
623858480
962191917
711199618
515605404
487408788
499053868
471939110
981562504
996663044
429345549
954282763
726058569
371602549
419013109
631933540
587781985
852074426
514633010
701275204
662833318
810078204
893160054
899069087
723118335
376999686
988154091
525000884
201055223
150461243
662446057
731187341
797852341
159230134
539910025
186611630
217069028
177174552
544321435
559790567
148741758
620402191
631039380
945911775
562181227
151729223
985385944
169635024
902210457
454927517
234381687
603876908
760932701
222799119
290504771
872934900
464546208
561172230
614879275
997693211
502029999
392904254
890626051
540300128
820077427
884944605
435556646
586401793
765009661
247961612
840652995
677347160
253796330
884566311
762415073
504589670
538435923
460948515
401392713
289646125
456993919
666811901
811298603
742465677
189920769
557242639
999280813
131222436
996224956
476174416
908457963
983089505
603216394
760136393
540093709
989553497
925156302
290691677
115161247
174761748
118517329
743010895
393209373
832707260
475773827
626486041
661818806
113907840
910379422
294540974
921807329
776390086
711987299
216370160
931867521
341220414
308954346
661686384
969375073
290526532
903072524
163116924
797315349
216797459
347429811
788607444
625788353
194276323
107273616
730001870
129294375
217837235
523192780
539491187
960285103
917307354
544751789
342351041
185101249
130261118
242235520
875051789
121550223
443848944
897416769
379415526
768729804
963675673
406777498
279263044
557875458
350339464
293139886
633803163
553964772
445255611
192756279
837756664
323848445
109375871
458290623
155274805
698278515
711241410
612712421
998386812
537806073
789332172
198176793
824649755
915951551
740467812
533527874
251231719
760825543
637954312
659679034
733542200
529404315
140602888
319452875
452767010
193853621
886988368
347592141
874809106
569666382
963828104
401497811
382024492
981342548
970132354
705713870
963985498
585557551
308172201
612942334
938285919
991143324
353809616
233364619
574982784
980843999
252284719
264590057
700399650
293185145
664542678
994024343
216939197
736652724
877643801
938247346
564272822
914576729
666361582
899366444
273079969
646478109
306969806
604348212
477442268
222549660
165730073
855764320
437141361
377353290
472577314
649862926
510529665
682234747
712935331
372096639
852254154
726894791
547698173
495177279
641878625
404254011
114158592
882038513
121595788
912102060
596165072
691014501
638436927
126905699
464637443
618970972
966438007
571752263
614643395
202454414
669522715
389120584
450119844
612448699
972556218
188636320
490781233
116920012
466182127
286639666
358926589
472538999
126540457
374991319
314321234
334571649
279101300
225592781
299482051
617808129
404582768
266904337
810723131
742791445
834909187
177402848
108755632
197987472
839043553
280422818
452114255
590153374
771795227
799542337
512753010
449406311
792562764
669149613
709377678
756347769
182556892
801458580
675404906
278941894
209557129
784031231
949330763
432118547
439971151
142184798
824815681
841647719
654858372
547996652
310010972
338215109
486102976
695943607
169026063
378024386
262153630
240720998
526153541
815182783
892974468
853003471
223139948
612998630
686191483
963162943
241593884
474309453
878207824
142166202
210960410
416748939
895306587
682810480
482362269
344464906
483726696
434270896
780268455
276355927
541105152
146824129
912089950
793782518
778862820
856981491
498402965
856566442
788574081
457786349
728580361
225737627
345016259
138840105
362840164
581387492
118109523
352679163
119885816
863368173
967292435
165023508
311481127
987179437
756737537
213502348
187394802
722064110
916723815
862150011
517162177
541012506
225031230
773813719
366219418
249853278
636973898
158084212
294791828
880609055
653274207
507582860
533884318
552643659
830998831
712740580
494445112
716779852
896085601
164505672
498321331
413592269
217890373
846331519
275855886
306160021
195350448
301476685
140472315
525569644
204294683
425329475
544611791
912631697
872545019
873158485
585640197
859790275
936498837
129249444
586118729
591316678
651744733
234099970
693186640
598287720
554208470
807332862
651726215
196684419
807918172
508385461
854905240
653964059
899080105
936896885
497808614
738243183
117733690
218171719
661693118
578199282
462129022
670335867
965696064
374291466
430672475
544687088
552712366
673945900
186322813
866203509
249253553
278346037
846424613
677351991
367895510
453014835
251720376
611761348
828190202
554825841
880316594
369862011
287391675
397490362
902994417
505755697
168781040
206288004
769099686
383036720
160834722
191488821
616967834
486657290
961069747
289447864
650872621
438053216
379610247
991150854
170500926
935915836
139538766
176472057
763573716
695934394
244175654
488344161
356884520
687745846
995878113
804943088
483221821
229806472
892137931
315852033
392386736
488266867
709175883
859108959
919648297
574030599
275540848
217673860
832028813
446243518
167768771
435995006
165608629
375713310
943748722
503675554
600320858
293839770
743897284
761060230
622753191
458121164
573352851
976829487
874045964
677051197
137627303
634875361
910243435
633505215
447107499
103897608
617055230
924322152
675872252
562588632
144728204
861978818
453116465
579813946
231456292
964219821
780796877
337068374
661037863
438874871
368689981
633969892
194096913
929215742
353027632
248546244
664589546
471421645
389717767
684659911
999362141
639817358
214140367
858037065
747455101
662947283
128721331
241671474
686620333
251799225
874453885
486912634
854066164
743403764
367398219
456879136
903033493
270248612
946044218
325168965
515678780
833365996
761477277
261835302
652375417
362433510
572277034
319487019
667691922
413907763
311419119
804723388
359315541
937175360
824782336
317790971
222680519
850112006
519232408
184174482
934330111
441095641
993458606
368827729
892410941
753431142
201972567
392272721
216038874
606912978
864181458
281189791
126119166
136355803
467435821
278300862
694142350
634674760
657777575
283316829
603938910
121208010
165214461
480465616
896370568
911891414
923198492
275786090
808009496
830029794
965675017
747292630
721379246
598070034
704318173
802702830
726033110
684010815
487396509
920176331
372440494
817527409
731673501
436229406
133818770
576548104
549197628
212641477
823079634
821058645
243001651
890975386
107652798
850853686
892895352
820459280
598007769
748045981
329466355
601038396
555275331
923986458
287763125
116947295
874945500
642280533
385556446
844363739
505673279
277832586
126465070
716481906
122295184
920684353
603822953
533916025
742917915
434358229
618883092
631585821
498013635
325646769
901319891
729303592
406612025
226896850
243298592
987727911
962940129
989269423
564140331
307773489
759929492
266902676
112720810
926129136
558306510
536664203
950759044
292899401
539033281
868470844
614228942
726615266
927230195
682622640
374125248
948875850
657544097
786235215
409331925
742025684
640704352
389428757
762085887
129537290
351627917
354125235
366139946
243726105
883485018
736231640
116756930
154512443
669991739
100033234
915858773
575037769
736952837
957423357
470879668
867551783
983362828
323210380
298479627
757201686
609630899
784527669
387736930
986455653
451615564
996534359
654306952
118421768
743169434
670590565
853821335
682942684
447434723
263728332
324902468
627730834
593310003
244181306
292914078
220065501
809855848
671781071
662610884
352645998
532675599
795633969
904899081
572832414
721951530
665050618
627295538
718767049
597084511
484934600
317567560
988924406
709970974
646038566
307118044
622401199
534851577
771289416
798714552
552466217
607035504
787643784
371217293
271867279
499206204
638632067
880638436
990495255
568793938
327875556
740891851
671811886
578343911
612291620
280402398
902611687
354672541
312484978
774170441
473519940
734984724
984437861
478655623
928946054
140616230
472972307
837702646
187488917
264540083
106373644
865957004
888331410
704172126
148290014
633807248
887389533
710756968
329340600
980483819
194173392
884605494
592359422
780578015
720219855
223919324
179615775
786434233
884304720
912185484
687926459
231626453
532901517
112212949
252831261
366225156
755434215
578092448
551906610
624930646
394456078
156030998
220654204
335599799
383012961
968070662
532170518
922132724
598670363
491465029
125785441
367773219
350977448
870816135
544285675
315953332
988725738
777586468
378416168
737074972
177041144
735677562
317596937
869157419
398473712
836517890
359580039
406504427
239897076
104154731
580130248
866263516
708259925
489001529
751906734
329256051
660665237
638505878
735457131
685875156
268576239
530717765
961341079
445576017
235116639
217603113
740317779
266414502
801864449
573579438
403610544
641126282
441635687
446289242
353948925
108157967
396858381
763062450
885966066
141925746
851678383
237595053
428697797
620388507
129989306
305383224
181353668
294195752
932934031
163181095
430624900
915839446
181719890
433492655
769309803
120464652
776008223
501726988
687831156
818707511
795756505
625665098
396587388
763349594
709523714
805787417
696449607
404334166
628091874
934149183
759054280
668692930
475886838
302709855
358123176
777270534
538524485
583188360
440934439
403100023
510686203
420590546
655117091
571993617
308103916
343480189
514825566
228879248
162691151
870601644
738797907
253923042
326142319
290648579
457015906
560631691
469037923
497408958
724934009
353854759
662324624
156926020
543952595
474536982
732497948
273071300
677604837
801016902
744253184
389008294
860019820
231002369
738898504
363247123
315205397
192207075
503619373
275490084
139565568
839343133
144365294
107034339
167748608
257138934
532624505
270162056
274682480
207460266
172897565
167696992
660062432
752985481
739082210
292850376
154777797
452126384
469268839
678233471
802186297
960010619
108177858
955110396
666935953
463718211
344798842
192911691
126522696
354629620
378273496
601582334
344576720
276807991
600582701
189588197
546863840
812699916
847073729
744395809
768920521
821449077
626402061
909650473
440713475
967370055
113704415
109011225
303234991
481779410
435561732
319956993
694809322
730413418
823701947
581249927
726081460
273111330
570778493
245790647
582934006
715217148
172631968
495851202
132150372
656971792
182705343
680207836
208514639
974533515
580458785
702122765
784918718
121448728
655425485
225377239
363652174
301388467
742961724
339106944
929627318
171593564
690239017
265134705
850583081
427707645
784318916
196217756
686330031
828553852
718693639
871053102
295157252
873000898
655627505
876828643
629732183
789709635
712276546
308875275
975989055
618499064
190363181
664395396
309209581
701762800
985985935
508073518
220426300
846587744
907410018
542229848
294227007
972070193
294123513
720560173
123375757
389715500
471732477
949521805
973601885
575693626
386237633
192189487
620971044
335934908
658465380
652703570
645164090
195111998
594358673
708572443
974610741
741206063
882962105
984661061
859082091
534199964
394033154
127099759
776014195
604650509
912020452
262180801
727864880
183963174
278513196
128161422
841128360
115812762
803491435
553595087
456510161
895471401
101883910
816824113
301766994
809696299
992181852
706109967
947681628
398242269
316380096
911905132
446359416
786734772
603071587
440027963
627868123
429541240
370158682
300921385
968633466
807338355
215955513
251283394
602120075
974079301
158035012
657049875
172679135
451578006
398593145
351788744
420646618
956435766
765612035
647240043
271449238
995216109
935982809
313704613
105864826
114267305
482870991
828864741
935763031
437913449
294776222
566958449
769318939
111080142
450883821
790002055
497389157
560163624
596378559
701911104
837407001
187825614
312343878
569121231
568680392
979212792
495638726
879516903
269380449
140953082
547344723
150003471
442463636
176187507
743967767
606660429
928280542
719405938
511790843
492971848
889916297
802032582
484907302
266074946
277534043
896568145
293538083
326045750
991716828
258832923
646919487
358969426
755724709
514181467
996375339
445909906
292482983
587966397
365269930
237614570
246063714
833028490
670476986
319432917
221807141
320219628
921467887
214988339
358262879
163666648
319985822
204057650
240702798
689898148
665988091
336470646
169610590
665656033
749180017
353330555
700701491
684249640
867439083
960560330
268378087
171524593
417009472
768751045
716279119
322877692
580790780
134384720
172775246
931784293
259682220
988471477
433045801
387846494
647769275
424830333
952078782
313713527
851660906
531671927
659649155
421680755
442788446
487368439
845419691
215691667
432512314
332333180
630192879
634701246
918431662
384059682
943407592
555584320
431590961
690760460
486587227
529981542
926781965
386974804
612338990
968761945
431985167
633535701
484112459
270848328
919504117
653415796
630770889
862278866
393307679
648748676
593719678
609156875
878361700
147538101
289023350
834735131
718955316
109763994
508650365
999289476
412093387
114818561
449264321
643888564
894394453
758779928
371269156
502853977
696883088
291229761
216043741
236343668
437577300
768366555
352643838
515533284
870152465
129297367
461693206
759201673
338669708
840007898
532513641
496062782
417047461
215104743
716572406
135199013
978217151
203392786
221848286
831672713
748812834
192033425
343068505
173726036
501693492
599794136
562132356
461657042
364316824
257431112
783663292
836721722
177651376
915707159
362084755
180417529
688398955
100708868
393287002
829940314
185706947
660016012
490910557
491930267
751930635
498699132
901827018
286046639
935558269
497642119
896435497
248874666
191094614
802909367
266356021
588572587
372023296
260849631
793089914
453244857
326772524
936352102
953836974
836618648
199383533
513669315
836620611
621703595
698501920
150141791
739622184
273569612
907454458
700907642
236018709
894032363
557278951
884606908
362870091
538938415
278626377
760401455
958295904
146386037
446223163
543750086
609669342
487302573
832329088
160697986
803773202
444556486
588574027
493437361
942291509
886809309
507007887
757840682
392062933
504853792
787271791
795372155
764843821
675889824
323598888
974463265
843664901
965732351
897638726
935113399
346245198
657898085
715876901
242278757
187019392
183232267
597407534
227222728
498731568
876581733
316991206
664734327
651481480
495080384
660683411
618702837
423764925
804785194
854303741
610202281
169596257
118703285
833586497
242807173
418563497
547798077
642174547
385459444
695533311
128560438
438036455
305811277
107309673
488795404
868028902
871579425
149358721
338065082
144408830
572114914
883102903
851242131
258314245
497255429
708150894
666030377
471869247
517679178
889353399
358033473
308560268
143820700
825761626
294412766
967324237
110798109
922707826
647242695
535358846
465945695
235819900
769018090
175091130
606132214
174269303
881809336
732282491
468295514
811755398
170406206
412189554
165734953
655234005
314500674
162808207
565137683
871310798
491222872
161237350
238530074
805591020
829924686
831711796
261080019
921558504
587183711
782016594
476632304
724256235
544863714
897409232
208783996
728893708
605639773
922783328
890740701
928829184
104852145
677436699
814863192
179576729
850910315
168415249
790509025
763904829
777589108
770536588
676523240
927353522
766980743
962501072
216902868
537445626
192222292
827996863
761266088
853477028
121544173
762442174
642226535
870797410
258462547
178580215
427663518
186042759
255623295
926049364
215725661
736824962
747853660
530476642
213038631
632122909
689144388
931490073
347005191
337131750
346456625
770899704
123843859
267938511
645311659
949100766
200646119
251716727
919512969
663695600
233592340
769105945
767064653
269814092
815736269
735159842
535845016
706276103
782453985
248498171
480036840
974119311
716738213
707116809
233769558
705525008
800996104
286612891
499128180
673573647
942435387
523416238
930703147
888343598
378682611
659744936
261007655
681724087
840182209
663057668
263541001
119379403
578138621
882167814
792089407
655676494
656345756
726141397
717544034
826868871
490875403
651183745
427723548
305705452
716367137
757144429
844796665
637442758
240533102
226936118
762360498
170597969
259399875
570624006
179145625
297485936
530062174
457590730
318285425
156174489
749597922
954419258
943754617
585742014
175162886
791895926
572188859
314134443
934403830
542557747
266062705
845959791
916359183
715267506
154862230
418466343
113824355
714124648
865362737
366686613
458608382
946769035
719817945
930054910
566695215
870735432
377428351
305069428
131058236
167408013
325825246
246541020
364250641
642533646
940575479
688481428
539880893
748835547
701735115
324371975
617926242
586157647
762086499
245590616
675874003
202266210
931164739
671068943
445771850
724633060
977161312
301212115
331751336
150989573
291977087
508825959
500205991
654707997
599731008
255952807
801788646
240582080
983021982
736838940
950681039
895190197
255875795
747522273
487910575
128410107
104655101
457607217
315639289
960142349
609216678
855386089
429596680
119701934
397019214
577050510
286890490
534953243
775903722
325239743
294152766
175987894
193363178
121153451
657349133
724509445
801346668
836988955
928912515
802644985
901749843
839492555
649006372
691318491
574690101
119208543
956077133
658192042
N: 512391323
