P: 554073476
806927
402909
502428
519245
260429
605587
379390
653191
145418
813686
846083
720725
305920
658890
954910
361657
162607
760944
752129
699250
243450
863483
857870
957696
772929
192731
841133
911099
625663
969964
973964
924682
985013
964625
107389
224632
683897
696564
876885
664735
699938
123200
549201
362085
263421
678829
329996
998373
242666
161869
791482
704045
102409
604767
485731
784144
861145
289499
159982
927697
722157
645018
183612
309439
443698
979498
135527
822503
380310
886416
113061
258146
523252
911727
199674
747258
894844
138925
778169
288147
105864
589748
476417
704011
635303
900512
109209
111093
717217
241106
269275
283021
438187
887762
694450
157956
848087
273904
628799
853226
521997
988300
827710
406756
488182
772457
925130
992630
556474
740800
819775
303377
189092
377256
485894
564551
810454
741869
958460
546354
289485
163116
582172
627301
472754
544750
797848
765047
959816
552111
865916
589316
584403
384039
874686
932940
932081
736951
623649
342797
898507
997901
796809
219769
962681
240235
946077
429847
751921
859378
875838
385309
572436
514027
713348
451531
606773
788300
499165
348267
534350
349406
710776
701282
186044
419047
152635
610861
674143
559874
615184
715262
966427
835753
261971
102933
555395
451002
298326
257008
375032
550907
446886
736328
493969
164382
875950
465293
965484
302740
781118
151748
383742
642087
326013
852475
218952
957414
968758
485389
160354
794473
361924
839410
905024
300781
675937
200671
712760
969273
584784
863521
458302
369572
167598
767656
795995
552744
336537
574034
501011
990325
236655
315648
693499
814767
795625
405573
355854
610675
246370
767677
109445
822602
680595
184077
485520
988849
613469
462785
529414
450374
362548
676568
537003
143907
698774
908528
567694
418196
469188
880601
753055
328179
960209
319892
303513
597967
635468
885287
110895
418159
744991
451300
238213
200922
700052
164267
792159
952642
475148
448042
762527
536703
264326
356381
979564
955840
267594
190492
291641
795230
232905
752062
567423
967313
698244
424402
407117
530291
454701
919230
469128
601011
525621
N: 0750220208
