P: 281840152
5076001
1619001
5621726
3060633
1018251
4427514
6466285
4522137
9796732
8133711
1609989
9619806
7272226
5647216
4307780
5476782
7521767
2413584
4650459
1350830
5931513
2220400
3872091
2761295
1349762
2906744
8970501
7692798
6303877
8568693
5537985
5151783
1508155
2324863
1653748
2047484
6744885
1986845
1135719
7005918
1636532
6984898
1551264
6505556
4641896
9284826
4301919
9243109
1363210
2595290
7360280
1267610
6687689
6379741
8573596
4260009
5740664
3120794
5261790
3083462
2318207
8265975
4604243
3332748
8029310
1985318
9692925
4624148
1981254
4169233
9696088
9562288
2466403
4229013
2801845
3471871
8916746
1426669
9423696
3672565
6582945
5633991
1707104
6449446
8357131
6902060
1533072
1277992
6930281
1992893
4255955
8824691
5631284
1640720
2627980
4412489
6390705
1885221
2082365
4233410
2349195
8191841
5627611
8012872
7780207
3341753
7263030
8860537
7624597
5370580
3689080
8168740
8112217
7975725
3780694
1751487
7249949
8064851
3177266
4198871
4439782
5615531
2001263
2468252
2451106
4823067
2171439
4713201
8775741
2307488
4832019
3579757
1116794
5260476
8148614
2968995
7643243
5657672
1649343
2646904
2506612
6404997
3339157
7760963
7173812
9414789
3010651
2063125
9812550
9616417
9350480
4912119
7493071
3781220
2091051
4760403
8833872
1397405
3418059
5925758
6714082
9402387
5977478
4414006
2248308
6577741
5139201
6972572
9713841
1480152
8702641
3500270
4483416
9072848
1361244
4668600
4065330
7562512
7319028
2314557
7153809
9435825
8207217
5914099
2288344
5826972
3017854
6766817
2938670
3452047
6397791
8928551
2207807
5408487
4363456
2452013
7129928
1427890
6259213
4631693
5582986
9585362
3172593
6089187
2679940
9785088
6358735
4472992
3367198
9978708
3244648
7996817
1222749
6883005
2818944
7475132
1912867
4047428
3669750
9684534
5696924
8557568
4351078
8448545
9724114
1325297
5193327
1579235
8060190
3100604
7450058
9405475
1390097
3677136
5578082
5034526
5103725
5362189
3530266
5066313
1334927
2456949
4752999
1426263
1378239
2575170
6204371
1330107
8450075
8615876
3611195
6773009
3554518
6010802
9585186
5398152
7799632
5193015
1699418
3483496
4568651
5906746
6938818
7103929
3123672
5394909
4439470
3987388
8060558
6381776
3124964
2380035
2318376
1768568
7173705
6178877
3095357
3994136
3559300
4126481
9670266
8402242
1740723
9221194
6576745
6769914
4686399
5024499
7623902
6672099
5130337
8434143
9389681
8026927
6372901
8561883
7620449
6341824
6715511
4553175
4259495
9489625
7044646
7078703
7494558
2423732
4849505
1837160
4671022
9127788
7951517
6837814
3107414
7086098
8414396
3930043
5842635
9282246
7651277
2436746
8139922
4279766
3753653
9276766
8653822
5278414
3319809
9358684
4151767
3109070
9613422
7642438
4465907
3465031
8479407
2553623
5098653
3579904
4458911
3457032
7635622
8170480
5555578
2244561
8469680
1782236
8624529
8019134
8230730
2509372
2323879
5488971
1393389
2678393
8353836
9359287
3807666
1484168
8427737
4743120
1685306
1305013
6501456
7021293
4876410
6205143
4446664
1328148
2116819
6527777
6445663
1123673
9806443
9484911
7116544
9262398
5857678
2788791
5947539
8152754
6657801
3924379
2316861
7249030
2082653
1026611
6751654
8367856
9999470
9494516
4936606
2564496
7083119
1615341
5396682
4869943
5299258
3943687
8835252
3772707
7130795
8559430
3965461
2090226
6396350
1648889
7209372
9764468
4199011
9960220
3886840
N: 0012180091
