P: 389702834
785247943
285532136
917514405
811321095
810943264
171387919
472352855
787937649
735579122
392680226
176189230
703516857
855571924
588386748
752045373
732516993
827385365
532892633
879191104
592200185
765378676
918124043
509255170
523581535
713026756
553445092
909689073
414257924
119413996
897906079
130600161
751635754
667035192
787215341
946300108
880592842
830818897
513266622
398312195
755079012
255368000
967699953
533185675
614659708
426530476
468643799
973849765
347051823
270105455
616262155
736171320
714148732
348956033
357782248
440906162
774132057
637076426
326790290
135798070
189973374
217809725
833210522
730370251
521855200
270047512
514777820
604097307
994098105
869625468
355818454
453558888
488039704
841585808
991357684
695256976
629614155
803717495
648664160
949539675
492413433
177404992
272579883
100266986
633795833
462445590
142592932
546564296
316524557
175470861
870195438
906808885
351730965
216048985
109766715
381206641
330726301
112997657
406218890
733800149
666328672
672696219
183142658
513136240
279580300
555917764
177346857
284597995
622367728
940044840
991045747
569544135
346648634
259383662
381445339
721343703
223740294
645495827
151279716
206679142
605142409
471532246
983740688
560396617
761391923
175788006
939676085
858766087
829525188
504228990
856929175
404656900
210126096
908760775
720716798
157462231
771180307
351329996
818962766
105246368
860834219
207453668
714655930
271297096
667511632
655770408
520473502
345016778
443366883
901353180
311898814
316399636
726294035
768791598
791366732
707510005
768165522
143723438
388533340
321081563
448815587
587975764
705893554
932899101
831664807
714657550
363455833
636564583
125215788
821231766
232780594
167275440
437954313
729563137
341054938
173439187
959893545
308069298
875302576
629773169
484549807
220363453
942512268
792974782
527869129
128708565
263120285
102347947
690549219
880355807
681738804
362259609
659681960
261113342
878710739
113971318
897309851
889610409
592636599
532114237
186707825
291929072
278362717
497852864
679282288
863742210
959966735
713228960
420183518
167146984
258392122
632713457
671835862
983085241
639480602
817315738
477408704
298046387
812337137
641050579
246499986
844085214
613710732
965172947
878632223
852389957
524488737
314276086
896009722
901490274
966173949
919571800
374013491
553121821
458640237
951344955
514713496
465984549
353198056
532223024
800048459
499382233
146744562
466478056
122492612
220439332
712205783
629214057
725155822
720847082
106303537
811932966
716969024
588550937
725857251
287457907
247521376
564334230
738809220
387196888
590805727
299818965
611682768
997095843
354483907
680590499
753834604
429090608
192510402
805231030
836666179
393683329
273364591
639692713
195288414
900631628
391257297
497644474
562087984
805120143
627107249
109205304
436627850
333527200
846101378
179065261
328641629
528834487
462353979
656996741
655404989
983141772
485505761
148295822
382219646
484769441
226809172
922697419
443364924
826519363
315423737
330443237
432959467
239118065
104774561
310707881
275876507
432504784
261850290
880394068
227780948
498258846
329006426
857138171
641189333
475231979
447339886
117557027
857351684
106446441
457061936
172651048
947385589
590826799
183200997
544656352
430695997
798860326
994074119
566750186
582730995
568312763
556081808
899394647
884487600
405969369
220637369
862245926
229193617
152610793
246814995
574318308
700491795
565330015
820481681
743416489
728826658
658343066
693970852
696257582
713867345
816423979
140229804
660873782
861744568
107376206
954210767
860095011
112907447
434645374
254539015
457065724
958481211
594780617
159004358
820899548
548776671
187346801
603192295
730361767
412348620
752028797
938934127
836157896
423647734
265861648
111888913
285445717
622666406
143362207
290804680
184585133
229081332
749801667
503803179
795748004
702683430
476680985
588156447
251571691
887693438
517633721
570389505
825295460
347182429
126231389
703273555
733034684
571826791
226622051
755239414
267225045
529106521
774210711
840249073
968553106
462193128
447519596
458387890
352336462
799842284
395695535
904000913
490369825
340125522
712198244
871205172
469531910
885743716
283607828
900776892
105368724
681206038
223823563
213991591
207444478
163825303
546368999
750847923
526513782
230073219
846981275
645606765
751866464
186566358
144913838
489483305
970758421
928280258
947859433
211832660
797182169
717053262
990813124
335492175
800012606
273599862
539450026
143465215
343872081
137624586
293458291
864917603
838404411
862479191
617721762
493848196
123098804
896295022
230938969
807763499
653813923
931059422
101170070
307972996
139508954
696553771
717164730
826144406
944640084
499874021
517067887
226731715
556372740
132897397
786527154
944876768
450428649
888633386
996557966
541872272
640726025
506326743
137831334
937044627
181047147
570655197
424606661
496798872
317790637
938139554
278074448
230403462
982842842
121007350
702250549
119945943
991899103
338900109
494148995
923313342
982613266
143161488
391737079
548892493
836718827
591865688
543824898
755452631
467238488
145040924
529603046
437596357
990854773
196942314
933505246
529264117
957738516
764446251
997762959
796656092
974580615
957091113
656602704
935021731
677659028
507641502
695664845
736498843
581395481
745177055
411207756
596909128
845152411
314131265
151902955
942441016
500710945
889933944
699425704
302551123
918498725
977456467
975099064
980549340
964802229
370980928
343006471
200795641
475199987
112360917
392282310
112587096
423647795
683906912
319998019
359498547
185209108
304692391
896142139
852250643
291517772
772058221
677646243
853248921
904400451
484079152
200138583
306774539
743809371
684947709
795066399
511971081
428139920
793937405
625520755
920305443
666114648
936352112
812397890
981513015
153219280
350192049
120223135
621243743
237927484
145517541
118464795
550311582
472999374
187070115
192079112
255104095
884630014
153374670
335943714
760475057
595078576
682551196
841803494
663515448
820317006
937620442
598546947
501924522
724251077
608597717
384359817
669529020
765649298
937415266
662934894
880421214
623632205
799958755
486165606
225267054
616350416
856049057
191211475
282436074
620879872
843652002
175735172
198178092
113914850
244544977
453424632
933330530
497265185
545206628
911984907
113651801
465496815
615645693
930620380
275311871
663330703
987610719
861080861
407515242
256815667
216570829
188644617
960245251
412906586
888883480
973836246
498011924
358795125
836814009
633965552
761875043
967024893
778844642
253622483
759078086
371660188
106163639
934961867
932227310
707840965
753380838
367709372
924710307
557743347
946530524
618501744
507449990
626990025
809959214
428485391
337601632
755459770
479883581
594791390
755773091
480736111
847007495
106757882
667089183
175100658
648640894
746780119
162632642
962922732
603012683
309858354
307187076
538201697
805845510
999695034
407659497
839181524
948925174
824108734
430142563
847360139
892931281
576952576
439196639
100006511
472219216
654161838
382498951
467900790
229938737
678428781
648248902
871205206
581440160
109926900
899407162
741834537
406177744
427777521
534202324
125270713
689442683
881620591
890280114
125449738
154174426
720430191
775241972
522186539
491830041
589415420
616901937
522919224
893958361
378909496
449525524
768223741
662666115
640647879
710200022
373273696
435492463
851915353
615859918
350374439
458320616
575334152
792609364
755679964
148060758
839214150
223150710
375586764
932238486
900984663
530918831
453729925
152920659
583305267
811223208
662102516
147576336
290702561
486425181
241940329
209597658
877969793
433284499
820988452
947220669
203676603
484328773
892583112
794728159
281153758
576208614
684896191
321548123
858702265
655266718
983118693
501269813
420656497
122115175
787565313
842065462
628959989
665416432
555297068
257745585
384273167
821354277
201647973
238687081
724549898
710646402
825291218
628406540
422225182
407228319
324711057
307849128
471970495
722307335
802353712
772931657
365040757
110873895
326227914
905209050
209990605
569751287
865685733
274416961
738554208
122980785
133429359
266811410
389424419
792225014
616250860
122419639
819329944
171339185
663071643
791595885
314645683
104628633
915583681
209017956
529978000
418566601
996026831
302083974
786880402
746166314
923430133
421143735
614207278
908865775
712463477
888781821
957634190
918576291
308093900
674849987
114825452
290244229
733191411
964176701
218079622
203850210
739366421
465589998
377908992
238381723
669592742
969579605
306651899
833612108
101944744
393019483
770354371
355535006
492340936
406250720
740382961
619460528
142913589
239642866
382906797
343699839
295066756
513569465
949003848
739127798
937929001
533478742
720748655
370337046
241096144
645944961
497499189
314277705
215635441
903681250
810375940
380574180
780214054
461651826
763020274
513265238
849074358
784771911
258248376
731302547
260717530
751565716
561485233
927539016
231684414
736637830
561341831
381916141
972466064
816088622
744684443
164003390
785902770
827695408
143756422
994788114
524685458
341297191
982373857
658530318
832530221
294574632
220542275
691860511
923630341
245485886
127424339
774794938
755306413
739103232
639781725
821233735
863904629
356584871
242086741
604413371
960549013
138145770
557024209
804040397
744379303
963755017
144465678
134492397
616078088
661841726
996768046
914758833
179187053
912151218
879889799
331199705
468816068
275477909
437405715
555237043
116949914
317465247
743961712
544068746
462294481
566912676
298388706
890879553
752817958
204638889
796483001
242470336
908087421
552148672
515767125
201141575
710383509
627340977
839746771
921175855
509708960
799325520
226463736
891272295
254832238
860577604
406174603
759365931
570659142
805671419
593484705
596589551
939771607
104095990
301990499
725443760
796275280
608981511
292340857
202997956
494631410
171606875
964304946
168236805
216945007
955725973
176101244
582518112
315385601
879773674
521052399
629471462
648968607
471837816
564415986
788763736
619301558
954809809
358662890
877171693
505075847
508011581
994008411
740825839
248698038
608096268
903137973
912276269
979766658
954369223
417615563
410899440
748754955
664841874
160082566
378664162
294337577
524628239
961942267
828570652
193262182
178211120
556014394
850800334
722807274
256686045
972811090
288484776
655390436
533089017
494832965
949540466
471630938
675790592
213872769
199160132
109356659
295838131
494795737
555364706
875846502
479697297
868044027
525894608
325245085
677141679
870088508
996924590
349655075
172447908
789228207
887311613
486769917
868966282
692697275
111571719
504678904
153387813
903129486
148021840
154837260
458603672
520941384
290008589
539264905
890969325
451979991
877563153
380547619
394840433
323844925
127478787
649785490
863987491
735102591
119610168
262332189
433369861
757865173
929122606
365071931
164465343
821474344
841794824
361063951
533742786
106678511
107956422
159592895
632247114
206032394
581679274
456967193
182722644
791868860
401362384
938776018
938094948
689679734
589100128
126147969
868691407
898872967
260758553
616445661
128291702
311593512
249580940
251121338
688693860
765938335
159506621
100585208
954537998
460343455
640566309
902904032
222591726
318358071
447008747
896777902
820008428
407771723
836953158
592609186
223139311
320712227
531728969
151357728
956621357
577521145
495105391
387394127
905703398
390435321
266744822
976590752
166927038
514760856
690978377
201335432
437906136
581663718
775234659
567262009
875403974
928039286
101463202
215614658
305366629
307147368
654937595
837012309
709002687
511401727
648059010
191215767
901349918
993486596
345518372
612611941
827239576
619781067
832122888
307479340
436116630
961547690
821510250
857021263
238170147
375726493
342684678
530890903
525313421
796459638
481174005
786747596
660018169
983866012
408715898
320954200
258630661
490345871
698769812
640424246
972560797
782642354
630912281
155263536
496098568
183495348
479778678
793155110
678316517
190324736
346758617
437148612
716406231
849257549
243304336
288503871
253564076
479841080
544613437
165788290
321029469
367448118
355068836
338407629
474864660
851467493
315056082
519200373
721401387
762141333
365145202
262938674
939294676
937479544
598020183
622863297
527746930
433732440
648172663
719833586
714906369
114232380
824720392
843965712
308194258
976181672
913570036
968326539
387787151
800741945
327492319
491444039
460052230
590423190
773968553
755025850
613133819
696221036
834718584
982365307
644191970
149400375
668812556
842587622
973515753
804268515
755332376
769255632
831372235
952084606
280894550
121010138
270650215
680470748
478423332
948173496
383981367
214313366
232844598
897029530
457792473
522976706
302226921
117172812
266442922
243380334
969959649
905887720
677933541
141555698
327014001
783552064
302417598
526265244
479409142
390464172
712439923
734669069
295830490
815823651
265439270
750693027
949815782
481748435
963543348
736587585
323393326
313902504
751864898
478082234
872989126
585248632
766510818
869149856
544311608
188708494
266807400
767269206
482521791
454802677
405022245
709462172
381054327
480073113
741328847
815668594
535255386
102838865
173772719
387397989
515027862
407217966
266095768
861123913
127564974
635946890
466750367
439205849
988553274
430353057
740457991
775989772
155416902
937118919
106586597
346007421
839381941
119100935
148763007
121486870
401239989
245841771
618988861
931062591
148482800
966967538
652765420
216500388
145141322
217762616
889590569
619091117
980526336
372033145
826363602
310311069
407005642
688094147
637503075
453759440
630687379
826747761
872290413
444918029
226521934
870648999
708459330
119867976
425029743
787141012
552035206
750272301
707785755
924858182
174694210
554834031
440455159
632654440
829778546
445301748
316967474
894225409
783313891
967234690
580079834
529063146
358877473
537021998
515254735
202085160
465353687
961575792
467108935
495896242
335112745
305717234
196254637
966741206
987349678
496088257
150618857
782353354
837766334
293344472
909153806
728128376
973663911
558392874
457962114
869019110
778526958
811724515
856633262
439917283
189271166
209704317
786932618
998235975
562394880
164092680
570873516
817587607
215330509
362821254
667680345
213406177
666565681
757874973
310188283
235013366
293016267
772676302
941255628
846532059
931388609
633986532
550068099
808063777
260894075
236837876
823711285
886564971
796560089
995540821
718186877
978982912
474571333
230121415
716623435
498819046
557144333
555094970
830990730
810103534
158399223
465467812
946877938
629777184
331056892
637984725
984806284
243315247
767731038
538522810
776746636
413724053
830158672
473981006
342815994
455993370
665235893
919411852
409445151
321682260
532583154
232449300
551431658
275911803
889765391
980682279
337849211
436361612
756402485
183940352
179124291
967439338
127549860
857062207
366448993
543671641
904823795
400605101
648118297
129079648
607545195
880477486
185098417
549511690
443827532
698373255
158097285
272076283
542673740
822486914
847502424
448904590
786070344
405188262
282367098
585540976
711240405
755611223
121905034
436470496
567097923
580087524
424512335
398176853
414107522
821958425
170576821
945871666
562021206
232989163
430251434
486039256
209887359
147133050
131795161
495757470
998852420
164553116
833736185
600227939
931801210
203775938
669848017
344198440
381081618
755022642
272429425
540338917
987701336
490504385
894872963
898752681
368718451
934693938
799484079
847386627
901504962
940519220
250695113
379156730
598382705
542196648
646858334
127248691
319252086
568656509
479833505
771552076
367075501
479348142
986692704
163478168
650852241
518980305
925578957
368313301
211455709
430505002
563248401
869795706
585681187
892075127
985724040
504541531
625906519
314086344
244593312
918610481
298762132
216495173
601656888
951672743
944473226
380019943
247601278
235055644
381680971
483995846
311752239
479990895
309545177
762546257
215529711
174835607
975589249
376016151
327665221
228082368
440246635
836091992
962237718
621654630
852140302
445095510
990414907
170132637
928140588
108546897
863267782
586701017
360134557
180120071
343421998
732632393
477084867
806988129
504769044
573640508
616137140
945146595
677550274
218744065
222153080
141499723
572398387
515684125
669564682
470171942
790840166
119917014
213507135
317377802
177171448
525001269
484706445
644930487
278950107
771968445
147921875
718897490
437106232
502144253
195079802
293071113
147282892
728064577
134591490
455468612
391478975
515437993
656220387
875522405
187404207
620262904
538848118
503811356
965510152
971915047
505802884
178243003
511161228
613584533
557631704
669792167
729477844
817231124
450982669
840215029
782525727
738317118
836679029
302924095
210125897
323864593
857802172
339232860
733892504
133572631
332031166
510944842
981260619
411511501
678528768
665128313
167940634
269382034
982807074
296064356
427139455
746993746
416875648
846157054
682891404
364153670
686183137
804401098
949031130
787541236
170022563
439764976
689296176
934463812
382410254
129408167
205309865
779269141
410759476
908806221
101625337
422293966
742648462
676732110
678359117
562559737
738994978
234674122
358316839
596401490
156390143
746774182
376197412
688095797
450978793
490447330
685512399
221957632
430008163
168478000
300954698
113578576
260873822
964384917
254262777
914221163
949892293
372028523
304722416
113659390
604847080
250806253
919249159
229258021
208817193
353535267
830552495
626045109
142444036
706188960
965438718
137501287
119636993
913945380
954265319
840122642
159349499
239115110
407166238
728557154
211508031
302237217
168536824
687308849
986139990
749895490
383045390
573465567
618869990
413117677
275388208
303003526
236554299
984489222
808387746
766855703
412418290
181463077
576770487
948042375
736587190
343334863
188424961
458404697
745482373
260267041
145118778
188951817
920380510
318834815
716940788
698163497
701185542
755286000
162844051
289073568
837087525
482255095
652302389
642956039
475769592
523825069
965546242
711785951
439204419
711433172
499074711
475798629
869316102
976206356
318450055
664471733
306388951
718470645
366628635
405198436
765336740
690821325
756444051
475426343
595342950
146019887
841379956
106097440
856231729
649288787
532861210
741635294
262134371
138495227
822523498
600489465
967718163
392696815
413636507
546654110
621407382
141940015
974201525
192809330
981736653
233794807
741066232
245428398
303988798
435484150
678802851
618781971
611555605
324952599
932373705
945883545
361100618
861114524
689193486
232769324
894295140
800627535
491846716
118427315
965098194
594086550
409061390
280857642
305543031
911851527
822206191
904742416
184960918
934014422
602918528
837435171
679860986
283765767
688820737
289865969
873170307
799389558
390048783
468702472
784502092
416501879
534377110
339188924
572108563
581222325
585590348
175398232
138366617
437780190
606106266
359180910
706577833
759703302
602938443
590135801
367779793
936233684
207214750
420290725
110985055
818556973
865660513
876561296
794563910
152323226
788228784
568443110
721980739
973188978
688791662
888835069
670056920
488499916
879185879
494303591
930183385
865661722
673019393
477595337
207108771
789451923
511106529
182875021
320824281
931279165
832835988
999229551
946584968
553875298
731111066
369651589
853186512
750353693
289044164
286258808
769476951
898853746
864764501
997556165
276054596
465997243
923192754
655875772
813620555
450280399
887602051
131897345
274952140
713569604
944401175
731588292
901583823
539415475
218198796
816890109
905924573
454505860
824256076
683019129
365703710
594308853
757696786
966277388
514196704
157388089
377812242
401882087
104721847
287148928
511329225
715735812
144031186
199826556
697400728
465608248
327752667
323481936
852591117
463862263
430988043
876544650
781796409
802763941
734183620
101870604
258878754
614127053
594685348
182658225
545255085
651993106
209420090
234858825
698236078
181274410
559294249
965800821
542547247
165872695
840209629
702440192
557701890
897997687
559488144
844146406
325735889
911850408
428657162
880810810
288056178
845889685
728534670
216819678
686253302
452548304
295617740
945778525
755044631
544409216
388755696
546528245
526427202
630704394
872415043
210438673
608319739
905399003
837676112
435703054
762701249
796856441
292762238
489331841
268180307
845773425
851132960
658938345
668830856
438730307
331651770
743469389
500119698
498198782
605088485
177595359
397136762
476600150
451232950
785798462
710738553
896570126
951067372
792692724
614221619
172485051
915220349
480882820
125079253
583633501
770720598
342967543
500559165
936776756
839062861
516616916
379849595
996832265
403450484
648680223
388880702
766809187
299772753
966921885
743055498
897072964
616341696
859372539
761797615
919074138
657279169
372371075
115389069
480459373
364632999
135549326
272612090
540791846
120621606
676698717
762005927
137203088
710852066
597897946
118359594
485248741
805786938
859424260
455189249
240144987
495830944
484578633
916258405
434445968
898848010
493671855
978757258
226279532
408498618
241869718
674094373
740563258
453134348
747620920
599814846
826209469
529470210
931094294
184688448
791911752
805045275
345651493
458951732
386252242
919959638
664831034
374330121
329069572
742375816
901185228
291812718
695829985
482304378
211820429
734160528
637396423
645115678
149118678
655720944
343939779
765685728
970498426
287650371
842259676
401655680
980317168
686022123
438998211
682671098
475200424
468560633
296776315
378810348
308682902
162743360
135857892
824038222
562828675
964171285
876812321
798275566
871506195
666093309
572492275
978280737
638144012
679252300
155922130
903270671
169635929
224749392
679032122
814127524
718597925
950264339
255113484
691857065
268944751
927225220
491584438
572663503
471458947
667740221
274550960
555543529
222322932
330701424
268424167
465888568
537470275
364708649
163323391
217455957
834930508
212583642
204432312
103413713
235665267
276883156
810099631
273537961
486369787
843225353
123535421
877776488
636318341
978630512
488233538
963334832
444772905
155675672
523791502
974208181
101633634
615430613
649205098
743694709
814644164
457602619
686060108
597297826
627684711
572554120
399880898
475333618
721747311
344623823
955790318
645447468
163019519
402104925
732587859
839163209
274849195
130165609
245202174
211598253
572192862
880923235
642336985
638260678
361020855
445539949
210409695
622993138
603320024
903573146
733649407
255216401
862262380
655171192
521664173
670922276
712984845
423051430
806391256
401942408
706148549
187192595
225995434
990570400
337470125
605008105
226552332
643415137
818913663
412386088
541957474
650307489
526376233
854077641
249736393
541157203
394520636
419001236
604870792
862886529
960388211
142144564
514070517
260000963
394626896
455196831
777352339
482092164
822224517
354655053
292627433
503578849
625218549
491191646
252678372
633101061
850940153
876294173
544178830
758681848
599470965
249320797
391459375
851687569
123108556
242125832
408222165
861426258
720090762
997251279
811593355
191901641
733072395
672325142
675230177
868556987
391096663
946139351
832533126
122620587
479054104
562627624
233514780
518352966
603300421
144535150
574219690
612181386
723917680
125963108
618018664
195063655
706639126
575788479
478652159
120765258
287575205
926062943
547618300
142217069
516289421
653441359
820089548
961319853
763003942
735616850
430687555
526976464
573892558
330910775
447572771
327563343
102642043
716555307
986915855
664516993
106690807
406814509
776890865
841568318
555651177
698413688
476455122
151085821
589905019
949636551
516445918
585709430
928520753
255337164
102524105
332899458
744965384
108108104
789290694
813932257
617758351
986440542
442459282
414606398
448706454
337766077
665032924
262733456
145034397
666313556
687148346
786530474
927875958
149060441
516858717
399424231
531806351
899477038
835452585
880653800
312879724
548154886
689298286
771104683
209190869
402345033
470269692
951723215
812004170
875844990
418917300
135628362
995591575
501915582
981828574
588204757
453950151
464061080
598969075
548384058
564464496
699224734
586831965
443778201
118951571
283580703
318081140
380652292
944340822
782346867
452809454
552230113
589569293
966370801
234935221
239312114
582751439
580713092
558924318
424147687
792010288
195016247
246331404
699099547
168324702
965059213
638653110
797640058
252155433
468433335
657264534
890209664
100930173
900550355
310946436
777934151
887937403
438363480
959921173
545646737
698509218
437972242
391189199
363688728
435441640
851118978
312176424
623952661
418977745
408104911
981777132
560071901
822691861
406131519
447339584
261680356
505957996
797392438
686173579
697041941
334572921
893683278
469179353
435510594
474777380
526363094
453584583
394641147
529912562
614869209
411035483
715083668
198120590
852732933
997104080
947556342
127575625
709695444
508095402
711962444
840436644
368818123
583564614
607828389
667231054
836024860
247899115
278900399
123952837
797601526
356697183
718745982
188310935
593635608
757514535
128140640
938061753
874397881
544079163
105307780
903565200
878646514
622050575
699129113
877438408
189207185
842782937
401608405
854170189
397495146
145643245
429894838
750882080
958309816
202343171
495519604
264074141
250525179
893959865
950731065
384942817
945099657
118302568
729656119
306566822
414870881
692510332
301022743
213686316
553495726
371818394
826095555
298973091
536206866
600766502
737065938
899814366
746251884
445104444
284474911
801666215
648336633
657107744
513824284
946519133
728755504
914855919
665791353
152241927
149093707
525051730
543462106
433091739
579539971
913523013
872804261
732616368
254128378
144826849
170624868
270741872
539506358
674637873
954599354
564026976
223169454
624516216
519492555
906009755
506929329
635889913
483236263
378005692
323682124
562016170
481444510
851602969
839105827
195328676
946535961
683924293
844034385
116015175
290586757
105695973
388540059
250552243
535139749
156260555
586518140
485113093
480062464
927328133
180504520
657839143
204094201
992767214
163346176
455831425
213131837
988948461
162926253
335211256
417698459
856804836
852241938
288245007
454639893
564133858
103717168
250105100
472657089
268938392
162834231
466881127
452183192
986336722
535844834
290247488
977999837
923324068
767618625
557264552
361971184
437765264
744844909
226774445
180012056
227067438
244433932
498168613
989990627
851110663
845191696
140896799
246249952
648456020
249943220
141242098
715009845
243339783
307042585
273145303
166319640
471935271
671649068
529623405
454783171
236362882
339343086
329526196
269392023
929507378
822274327
313724878
166889580
199758722
911620351
694771236
893994738
996041258
817002763
770492522
108551480
206777506
522083137
647447265
607315629
904914483
391008062
235411879
270622805
731523324
921623966
622720130
299621264
652386178
599199795
990281040
590638649
796098996
811693689
218146591
500030281
890804272
346748663
876966910
141407464
462049863
268657701
292995417
442544207
257425864
301561797
420682523
216263663
948606297
430249487
334925736
577000163
241272337
492911095
681677017
594744275
609710481
887089217
447536257
162325448
673380995
444524752
315381149
183831778
951025557
684570240
949098877
632123371
787928873
436419148
826662012
900749698
997463937
893326418
194643133
469305524
168262454
677101003
493286571
260507657
421707089
443974370
423045173
796043589
942296573
624681750
982335831
827743487
693935583
756869337
608192310
721631525
776819115
777306911
353505787
880787335
887526800
669138703
959169618
794746301
121593836
465895256
946921373
266124692
201221954
214442503
810282429
372966061
867931665
897714023
412199999
246861631
608334472
580163566
921851427
403133980
548223665
237567117
655124667
754870913
140685974
983178198
327536658
947365488
479746817
761050642
320934503
693127468
566948446
249874425
421180421
517088921
500790309
363752013
914672285
250716034
583350010
234471724
136211301
720662232
103391624
253253098
138046667
945292747
961746984
144032974
969172083
575787624
656980249
450815699
718529114
810562932
705950085
253117482
677385250
491653711
136605668
487060498
769558017
359746097
462610426
468726942
935108357
695637719
755632182
820302025
911073984
505549634
434609561
692796123
356188133
699108654
136687062
203062839
563137130
250651380
460416421
968123885
262940063
542178664
323683983
224265678
406818991
398008825
115052966
355111208
600484469
333623129
644837305
435686188
773644916
207287085
409907798
228647903
452970310
724275031
719695067
627621702
233996196
887866562
145893077
582674164
315987806
923786931
715684660
318594835
382267360
900889019
961269722
161144089
858367017
907205375
223778248
498419370
280735510
566999294
306876660
749969059
748195190
295825729
685223067
563721413
333173845
692851755
322568472
943972367
949883827
429917822
654479145
134921903
774727961
648470327
297929039
858884253
480402014
152558333
960546415
229382386
883474304
362115454
525373426
390183134
959569516
695364748
777345893
953310367
248105552
468455506
529115541
869412946
505760042
270036650
237645555
194138647
210442217
919048967
657628402
377877365
750588305
264375227
339831606
411456565
294302364
755172170
652188744
641548474
439244862
475682275
620523682
667261454
533246280
484516710
766411340
475554155
450421434
872843391
181400569
209768544
245837421
743599419
357082151
293249806
474475108
779817969
894210892
721599689
754641855
307863910
890551470
494197054
355127006
977120513
373136300
566554498
815900935
232333772
796579669
565740070
854022686
979561783
713371189
387746545
957763057
188016920
848120901
540182020
345205618
819999637
949973476
218478240
933598953
931786973
328414100
130292147
889359030
284991678
871208721
879992912
265788582
737785740
861303611
120859833
858631526
760497205
695724862
488821911
123086467
103285959
684774906
485842677
961737235
940683976
130347160
632284230
111299753
277585868
355798293
328423104
429390375
142980705
167984451
967918466
386292265
245328360
822015763
623300033
199735829
791408444
860008287
337027282
375893940
199647603
758844216
739428556
102112643
104861807
128646474
237515997
540577861
831774668
106271152
410888725
675315575
987253175
902944507
781463191
920835816
497253144
390031591
300747800
167185109
756885172
539540900
386756831
607071331
317210613
670827065
300667596
246009777
951981590
312149650
808467245
204129567
277761585
388279925
668072761
248109355
650777465
985962130
924575178
635995630
170810209
995687587
805908526
166874646
776426165
376241520
148686466
802087841
516046142
877205118
317285714
473831389
138285245
398395758
431334625
646992965
307524726
623525751
952007259
289144516
824800898
842357973
401844141
503763986
498609308
138541871
723842698
908531639
107235376
587750825
826698186
540994768
903614154
601856048
919958767
249598030
987141652
231015857
582755162
492145818
110135455
210280556
387652484
984244111
136419031
276327974
752953017
616551391
627622687
799842216
478280316
828655429
248096618
591786510
429083485
673083882
386345771
950403569
338695244
848565889
566301725
285609009
262761457
327662717
660045821
974726435
457660144
422935095
431751123
763489374
490595985
874371853
948319513
288107019
790964263
112397871
823275909
979834417
388924137
367248322
168158621
136360661
608146669
942379510
782920401
884964650
730560003
248838312
429690009
367162947
314853731
854527512
787506924
268949269
744847581
458429918
845893993
822545506
440742189
339328053
257772484
791484792
482127880
175009748
905509536
166903153
678128571
689190307
891540052
414016387
600784354
602930566
168629562
235638387
109770377
580296393
826485407
894076909
155796561
741304922
217837150
944417790
311288394
507128689
947988675
623053275
557236588
812831509
525862413
121470155
822857797
598537390
437694144
237817644
825523445
555258531
582725886
855195885
685964166
264938048
805970432
731927501
565264906
940325804
538898212
992003497
323438324
291482636
181146207
689073216
937888527
446994858
141264927
970592922
139940061
479173821
695904209
680563453
135913332
644706502
475855347
884750460
388937366
647526781
480579600
704537650
137541988
374536927
262406342
151274025
866437760
882945499
214851953
897460578
782301981
500749518
154297807
143100580
593113762
315640971
998864043
802177454
774534820
552140482
653271049
859560130
109001141
402417109
620432965
596337718
995781020
577397030
222596332
835438006
384877443
972872664
219512433
657606289
701760306
625096767
943557896
950889424
647502528
369715153
315107649
405260521
641023860
937772917
863423565
135959440
797361839
433706192
385487215
315195725
517313047
178988624
652175972
780628144
341657619
862888739
217933314
516727000
334127639
262172192
117724807
302131300
851282743
990564949
655426765
640223999
165248293
829181070
263836549
236840551
716078629
471208578
989714303
249559655
284363937
112147152
718638017
453682605
621022649
284808380
311894863
278489130
691841242
552595446
808254494
792369173
152005656
163153547
707478714
280837342
556314186
438458055
979521855
139194638
356972549
230838473
756731568
785759483
490245687
220596136
438830345
476844503
284432149
222918276
124628637
795505298
659013377
281181882
779203955
405588918
242308077
769100923
901109391
968879796
829490237
341703988
775921806
428975688
538782649
482355446
831021621
218457924
129124126
874792210
289349759
328615727
609047277
221258269
667576629
200930643
102352026
408293020
618404318
567228849
524157293
941176608
208735598
181777416
455036155
700407087
829756419
639601982
562343646
708302683
403050852
659554712
375981340
672239021
909768519
654960215
135597110
599334282
131564190
231686266
491647476
124433062
309045813
889335266
435665354
832116780
361547276
562586440
938209648
904544897
963593744
340006463
269635200
582067404
389129762
829035893
636047547
507505715
285731811
281563821
471254932
397659692
822045315
842273012
182713230
545371951
578238391
244797133
375856878
705608857
618312550
846635612
909860991
650200222
829463919
629651431
662410974
290172961
834466470
731224793
123140377
234128385
460020669
804672291
281648217
219335305
892312132
761058448
518958917
915948635
866507267
826259679
732887589
275759992
927347682
455384981
297048134
815122117
242066937
704275935
101940972
304468970
780559174
751594888
852184246
236739343
127982666
444272738
923568881
555663138
477241430
979070486
282981666
997073587
174926863
334775268
134833381
285336330
506942548
557115178
911506914
229702745
104579159
393355140
331120935
304723010
424032845
331652455
548031311
885286830
779776054
933470878
396513028
946379310
171033906
279376535
717892295
433264900
830183490
451044496
877366168
245180263
844563168
593644209
795466518
597643382
438792477
677872281
906308020
495602430
419618524
335362854
747294038
777993521
419468938
304383158
656957659
227455266
423019030
433778695
830699889
544540570
871645320
430930294
850870282
993544973
475000968
526417858
770618014
901953575
673892297
306996865
453008422
421830814
911391536
481094543
866531553
100299919
452613016
168795225
532011750
874073782
189954985
300932026
303147499
651250036
132860371
582537665
972773098
110539896
518130556
489106257
117200789
328164626
737155306
417452840
568890653
216711101
427163480
942820951
645776173
923214093
610874631
460337960
699194993
650424704
912106675
466797625
551253976
372818061
880132334
716887673
663944954
338789221
664936638
637550786
536982300
936656509
410260364
227457185
110651878
659709990
929943837
677961169
928815222
208636913
597593581
594488882
970349387
388234432
454483972
173952865
782292267
643322370
901982117
324164888
232622450
749541274
738910196
949868881
330424844
423533545
761827539
186719858
222047754
289747523
849629813
530776596
488093009
822466788
871426332
427862755
144110015
196711208
315464754
490589550
432651912
738858667
647667667
572039701
824488514
376533974
731150707
192733960
149301583
719671883
882317728
598519135
867646280
198325124
215716105
519586067
508389775
194760154
928526728
591201964
607434020
651051230
748689350
652476283
919224459
105348966
726859961
323979374
598099276
651111963
327376463
941017952
106808339
915128042
924962674
677110548
886626429
261803752
206788434
415432519
132207872
444351149
407275116
553291933
926395759
846394892
465173952
823993346
335656758
630647431
497151310
759144440
105571487
858349557
198885713
304677503
423473143
931559460
818430353
251531250
801789322
199106292
618923670
235440363
156384998
914125994
967798552
768512940
423045062
317527863
522149908
644273071
701532207
221826330
418883985
567691822
487926659
649524791
650111767
660605797
966865893
494480919
399249830
221630747
788645143
788923944
772393064
481012421
241698522
688714858
849229770
399293009
280651813
607012803
439175659
293104036
291238182
699523020
654577132
246083740
837064627
979418971
986180437
139431740
322095108
348742300
464284527
935426498
145615489
988736343
946439661
587724871
490591908
872545767
325896107
588584532
377059913
297505042
484601936
961076627
983357765
643779425
434883904
590739704
629930065
394427793
538425943
617097368
996744336
888011138
585739858
865388032
714487546
365602558
671416860
879121873
276103696
119806957
875253979
605481411
603263847
432985249
723365458
156579898
756871931
553049479
725215453
814837771
468101397
850578495
536145721
653606955
898053182
958257415
578030671
845523473
505331402
187420606
158928962
995877229
937732288
477476122
198952956
371604535
135335318
646622158
866030676
493485876
135503257
720492023
950754766
432104531
123489847
988987783
873878918
864207338
208061811
554013640
338947026
889670062
169091331
173409492
280192589
386217232
364557035
283366797
899036658
501385985
837659734
864087989
244949404
575180803
283786484
637910659
625965300
470307449
350818146
726888877
830730301
585312509
864702631
527534481
461233543
339805014
337999108
408568319
530063987
731270458
349448155
937562856
873991390
265284641
781575206
190307616
972197474
453060341
867404045
785348491
631599610
567285182
850650131
899303342
628709997
277970203
962086203
304306947
639263687
644473819
121558670
530764342
787380878
985457472
254236158
254275061
202257962
286452893
207245014
612698687
202598533
979544584
833886247
637722768
453439293
448639437
362595405
973131918
852315331
170879832
220226543
975589470
457277473
848692940
244024960
126301533
639564555
521067592
118088878
458654663
911044272
325083777
795038909
881996799
908115200
977773794
341391424
627210181
912970680
935834754
838199292
138381555
869114577
190709057
777654162
553840852
686962213
312574905
601781370
920688340
308503650
309636074
947825889
499645465
750184588
265590085
900755001
174544827
884520246
636332361
343305419
107912701
662108064
440411126
302148818
846069362
603980000
490064670
986166749
911342189
788358347
311502893
802643313
788541721
507242851
982894501
544075894
105201810
293882568
784021847
382617766
721759406
871648301
490610473
691509583
560956562
903073647
823333293
931490210
561346398
124009067
919136798
286946833
462830540
484969331
700584486
889228342
730168500
820301468
155840417
594302712
813791795
599996310
448999323
805435198
971246279
133728475
715869163
919277897
832644041
939568068
924973444
748060583
657001097
385933037
437075419
194905505
970706955
483398323
921113581
231710992
454839728
218373916
692946906
286455246
326071367
871631886
167151540
469316733
853948932
695639924
304342148
960423090
400166155
194122733
833192938
665845833
525086976
564982599
158763478
644158118
517775778
943814979
703683661
505894564
931526431
419447761
173798097
771450617
556415396
403728698
886176358
645569428
164997431
460877567
202887971
777979160
534790114
666195692
687324845
676520649
719379523
913814167
698500208
163129202
866678502
201300219
720419800
353927196
175983775
716687226
902699408
260369122
566346890
518359653
478267702
224920840
773440432
159961822
660707852
802252214
687507836
219897289
367041824
373137496
679662254
368441163
979849033
462974559
588724899
732201228
408359333
119182265
575172619
119116992
413798005
966913709
810549425
745251911
351365515
457264345
609789722
898113884
636263384
874106644
238032829
125355991
304334650
643710912
670011109
910400269
678800320
506585061
452082867
822069239
924667798
627305156
550032434
235117755
383004626
499558855
241875694
266352157
488487416
271200961
269405061
968608196
567935243
919542171
670060695
267815795
784297284
137117950
812600738
649387068
356904646
781656447
130696976
735791866
293518454
479012353
220484077
137254435
554952659
850136470
489645585
718269888
699959410
231520177
836644005
990898604
611378562
196993229
213279349
744970731
539072376
249512243
844453006
629902431
711881526
422797355
846443086
204532474
186201330
522341442
318557524
135341140
372609368
380378778
658200149
196371017
462622519
764647770
945340212
145374041
370340033
729391552
341342209
857657342
454993569
833053086
889096134
661397073
604790114
998689532
615887653
476290492
159495017
445055495
289548899
479942731
748687767
401677037
396055014
667514633
553823151
304050531
620914830
966589061
725562690
110047521
384710847
421919929
544124230
662102755
844049985
431821911
648174915
562030258
685018990
804276688
765523027
849051463
837383542
579437941
225227712
792359636
521291116
712491101
268427895
909604321
881903476
782782067
268960343
229772761
934464731
873519429
998164337
259807341
780689141
599171759
722777462
625797747
804185565
844638282
573155705
240766780
466699242
994000164
576824398
858090451
114746223
654579027
289062629
434221147
301423712
597136820
313123169
537326709
875840575
745951152
125488035
524648365
529671310
135763245
379783858
347810242
909997254
447701049
152717451
490010173
986759593
779314041
614689064
531785460
518875683
876315628
903824232
640100402
258703451
922700999
955507843
432265561
596940998
620694799
136047546
874575509
892012356
675829319
805760764
942535715
790194451
215034543
817695463
749307925
276070212
680812207
638078878
140686258
699898876
401911587
599642807
386161756
345226854
803941177
427633464
773136183
558192095
396680360
360989317
441549707
986104957
735377324
743489718
587177943
809972796
981601101
608820218
398711327
539242746
465293342
647495262
647099972
807261034
697592693
173545746
474167610
872923508
679504324
185587893
570376387
756598196
618743293
962077885
824517512
284199996
456305004
491488184
805363589
635524597
793677324
357989531
626014701
408921914
871059809
279053867
694844562
421667193
414320872
349878366
904593092
370541891
181194889
153658497
934459120
976909650
615553359
662108790
511271737
951947835
931308774
204163460
888395226
852323098
580789023
795506248
343929479
256055242
673775361
665363245
965885070
326434107
747983897
789498805
707062143
434545284
716644435
585044545
535117676
582965846
668900010
142741829
327561686
281185522
461777746
286239937
382687472
852814207
622940313
473960819
782709043
882175854
176510132
129162961
884900147
322187185
813020050
636728649
101528255
241410433
900846212
352869353
110889659
119426870
230152536
726106905
422196818
623699444
711382557
351191906
881715172
136174093
320055850
834318196
613345048
454987140
573582779
702246876
469114243
911311557
220044194
708910068
224495507
906210816
185829208
426207017
601595239
153569794
417947081
877255603
380584603
305719167
455037911
525811634
121282218
795034579
473525702
138144138
196325559
455765485
241743718
328448365
988377579
384079733
307147352
552709379
269307422
135870373
450129160
224824117
176878977
141405770
555660526
553323289
679275221
751446763
657287557
293921181
720374149
609164327
952440357
890715801
752512382
731369058
380525535
154904789
620879888
952734388
583529027
679882472
271150543
640197399
388248061
519817156
924195971
216209502
348861866
743420972
483616553
227861066
767184879
347483632
146753782
660222351
952445767
665786273
432289933
182472437
342611631
643101964
379703431
522669111
820674500
657237030
495204397
233341195
503627870
810435044
721888903
132078349
253911044
243323954
540310886
706367698
204377265
997327109
548977529
755285883
717471113
549022524
744451982
713430757
964915639
603137531
566797414
499969904
598603528
457315935
962399258
548030146
610202030
457180682
259115072
863918934
255499063
891177309
372001668
599987804
692366544
580067844
521085502
867797180
487098183
971436635
269964812
730905165
629200205
869197569
661930357
985634632
309838803
159023549
679773786
318099460
362384066
400218785
426002670
812074573
796305067
597584346
540418935
507809642
489873314
355583469
664083952
879583937
707157455
538490597
599594777
249267555
179264905
307403206
860900118
214532254
717575207
555251156
241630722
386111432
845319672
219960642
199483027
476945728
844910901
645214951
204909707
708508596
684519416
788016526
540590283
652500748
988541164
126482749
574033270
665503804
104249472
384494065
575366348
423952555
690282389
819411355
492426745
300451988
207614045
643577538
648005190
873885125
426458834
836794710
148536440
306502359
371661953
751593097
189477976
405854723
996411107
113208234
657627416
947247895
798518972
842249032
722759167
873942945
924615586
484917781
393282117
462378453
230673576
569019902
574367405
608834045
275122821
932990147
116438717
994933745
874574713
301358617
877519497
255142339
392374967
403151612
522456493
680401030
969466549
586632541
374177162
660570449
828718520
936616122
848722170
368863881
563324574
937228986
102160423
620898052
669031135
623535344
865521460
325748635
574643584
587169960
432293012
536606151
594344345
578853007
775143901
126730548
643664503
929586228
816468619
433892859
160216851
125335818
893140836
680521033
119485195
424265048
913997015
541280488
913162860
514557637
890012354
392723054
988521265
353928216
672641947
786733714
677945943
366760019
514627161
138023434
621054069
234825412
511370556
618640029
571467856
810173157
836911983
665482259
846622066
765853716
109036002
551202123
190110981
361550087
387051846
807689149
323691526
561203549
216508155
876530118
571057228
168297381
539469366
343534031
737957030
644166260
164026103
348278942
978290516
585694367
470070014
165652961
374367748
146883193
806232267
736188940
428062733
179720156
733985217
845838422
541895680
221776611
728159465
445707444
362657140
234276911
763406886
880989460
737996419
894593502
977247118
786606596
854131215
912016879
580986652
266042631
312127936
233846461
404927564
217880046
918219842
224757753
716947682
915297747
355762110
390201343
182664158
206738714
603955520
757799492
524699486
781640835
662524878
735056720
143380721
228036737
125320439
243607066
652493499
996411633
891726193
564379933
438009700
566757192
516493441
714454935
249635096
680529379
169224731
115034142
971536942
742043395
424075958
505254408
549397065
238706096
467534026
939668317
449230997
917323392
565450762
701776059
972423324
537508202
840800835
367398414
601897680
653449171
629978912
425308286
227224456
709838777
539252901
475285481
373052781
688459397
932830193
497423910
402196224
728491558
637612071
244890951
937134877
375909470
882764931
763966602
162604566
593840019
681966141
966312000
583747280
826885050
394786340
904826280
864054652
562569125
970453147
686103102
775040229
466436143
491739311
182948072
662342461
451574367
700460659
235682906
727776499
811874299
125371238
310743390
134677754
315780803
492021637
898789055
747080825
672986318
112218887
497865748
392419808
828592547
467293159
122235652
406362083
670369389
833209331
663258563
281370867
623095299
195720853
204132854
183219739
493520203
110532069
958250058
178730926
195948812
631664882
658159324
482606847
926286475
955590874
424714971
892662141
407552117
606398117
108898620
793694061
288333230
884275884
361348633
865822356
157755561
900508582
530159887
599517849
811497926
927269780
419631843
967673071
719293454
406705213
526485745
571315988
856551196
904710672
464196369
113939536
843687422
119075844
737162419
503509785
497359258
988000688
211193652
349479823
718933160
150801205
954039549
459004129
977256607
998196972
599240893
940557660
295899934
545466357
593968347
622997399
310021025
801969877
967283744
427669389
412682761
780334066
501966503
583096146
308060378
660181925
228243120
377955858
478056521
897818444
862661245
905620041
547117327
612907468
559461025
471261565
101067212
861733518
426705668
379086400
104684689
826513311
178735794
279961989
159173878
531120251
202229973
399645196
482215059
489665691
606171902
777251465
768818237
562788050
575494673
229223948
609519136
284372372
243803637
625112813
272326982
371915632
102909757
694707892
913070290
479161707
809246238
210709852
530595253
387710092
591201963
958225208
692090995
528162510
767454590
811865894
910229347
745996128
443027238
450683524
304614956
438796834
637604082
468663655
290310075
595914939
891531724
413082446
499903811
406126481
939883983
291408192
685246853
559327793
869361636
585013734
687796111
212759333
415162622
331117973
889458094
751843307
495535981
589446977
173288801
875045488
958988818
894260354
560157932
584038965
249992322
894798069
589168356
761191010
542797020
955135805
427843982
746324827
890242557
721202128
440231195
515518127
353792667
918350863
638003385
806615717
295407099
757393606
410415326
604983390
204209365
794145329
130508728
797749970
920063056
679762458
591101659
911331486
271450902
351115186
373629330
400690241
923492866
985402826
867572834
388416126
421731822
277444115
345979710
661313004
963558255
200258419
379337595
863438762
324657780
218842841
815424023
659593097
189841541
953533110
701424753
317264021
614982792
468836108
287071334
776637520
298112777
322744515
285262868
860374631
315745876
826482963
785817316
692186962
884640459
266726203
113385942
996249114
965176310
982681504
377117826
864709535
799531269
191233204
806759749
886775457
222653920
622161026
793270001
555793673
842864694
964989815
290079106
173870465
566607637
539232413
623691742
863924201
272774264
N: 687837904
