P: 859954473
4832549
1377661
9051117
1099328
3993942
5011289
4612041
3808300
9669216
3550091
7944896
5541402
2457292
4350487
8506373
2875235
7126532
4079633
6473634
5627850
2955504
5521307
4146876
9457740
3621284
4573142
7494837
7413402
9931408
6045264
7799132
6820762
9429267
2257406
5025335
7331722
9217395
8557065
7352120
3311429
9723491
6275571
3168812
6937884
9548717
9163972
9824421
5601298
8368096
3815772
3238984
4753968
6434447
9002495
2083783
4108104
6235015
3577771
7581927
9850656
2966283
7542758
8933620
9779507
6079853
9311852
9508442
6331034
6839253
2065028
7751803
5659927
6081803
1703827
7048384
1657032
3861630
1546831
4098676
1018573
9816574
7483900
6452424
8892317
2198712
5936503
4828257
7437171
8622097
4423792
5097417
1309341
5842576
7183322
8846854
8330530
1805034
5224560
5326442
2854854
4823420
6496886
3000413
7764961
2954042
6682239
1526024
5336620
2303511
4414978
4125974
9475392
1465057
5082319
5710284
8719741
2135045
1551687
1714835
2266299
3055362
3958708
1911849
5240071
3851207
3612650
2028006
1024778
1739426
2775620
8925649
8624854
7268661
1175213
4146211
5110670
8470714
9066628
2657154
2912026
3163879
5218827
8468400
7967818
3267959
3098873
5058532
4863020
3916567
7817365
4549014
9358845
3882186
2256825
2066144
2719823
5012688
9370721
3251135
2488100
8618453
1809060
4874556
9251795
8741602
8004056
2361554
2233398
4621812
7099113
7494928
2304172
4433925
5466074
6541479
3287914
4201994
8622125
9220028
6674100
8857147
7794107
7879053
4789119
1345922
9447865
2566154
3700859
8623993
3423267
1053542
5621355
6928673
6139813
1798828
7027412
5960978
5816657
3905797
9702714
2745540
3128407
7252568
8799815
9654347
8670049
5752880
3843021
4031193
7876467
3108450
4598919
8316838
4802676
9676777
3241057
5345655
1484487
3355900
7751421
6327744
6959872
5119198
2440141
6084428
7547053
3912206
4057242
7560344
6751988
3024171
9538885
9780697
1590064
2626690
9546164
4463643
2078153
4610399
5793535
3327427
2251912
4564174
2444792
6017942
8869285
4329082
9213867
8649169
6554296
4937548
4666784
1416263
2592269
9658420
2748938
2884084
5824956
5433238
5684794
3693231
7388574
7196771
8678917
3492392
5313648
4460878
3997328
6781428
5324956
5404183
5240896
9738696
3466958
9462074
9409118
2522626
5616069
2094348
5838036
7394867
4308418
6513332
2072219
5407088
2303160
3324578
9497906
3045629
2915853
3991027
4822042
3244976
1841544
2066097
6845918
2166382
2672342
3925946
7701734
4476158
5024750
5261261
8711535
4801222
6539862
6983486
3386293
2472109
9017138
6936044
4491919
9561109
8943154
2419745
4985208
8630922
9752856
8077748
9037503
3678014
6914877
1116562
5238141
3144009
2086429
4380037
7707579
9919987
6990141
2695612
5970014
5471067
2645235
2800152
1758629
8380270
6016757
6488404
7211791
3251974
4843833
6821264
1979018
2022161
1219072
9419031
3131049
2080143
8977095
3330703
8411198
9612738
6638597
3918899
7532688
3519354
3875089
8916837
7321135
4447590
2320688
5046761
1847748
3438359
6387592
2164040
2491487
6114306
7099309
6678032
2468159
2793948
8422514
3447191
4857434
4211493
9330214
8991502
2187289
7822495
6325078
8258419
4478962
7243865
5934581
3374433
7486717
1644638
8547627
3973486
7492217
7893292
4780445
7330608
4835065
1509156
2679150
3902656
8025547
3933514
4337205
8919929
7691395
7389938
2125620
3413225
7523542
9530876
8663255
4456241
6170543
8428992
6414321
2584939
5973433
7252870
5975888
4318556
6442788
1801162
8366515
8021604
N: 0321282123
