P: 949799082
518567
587106
204325
955467
473066
752768
777170
210164
254821
477239
264979
191933
626844
581817
599236
829439
752177
271594
943877
796171
545032
524347
653386
937305
509814
915352
679135
720542
925255
946419
919452
872881
652259
468291
140759
145611
514724
732216
693755
678622
965697
399457
217223
877938
714857
750524
563751
104982
994798
595872
183801
116425
412349
304698
320028
661234
463674
615780
232179
331783
488802
384616
456280
981927
528718
883855
126814
163747
591807
435073
104936
257299
891308
535850
704703
382172
735730
993233
137122
472716
111902
624791
996104
853251
153521
306792
412538
335486
181608
433983
556383
778773
522149
767325
780195
297016
211096
987106
959772
344100
600092
230390
187260
129202
382145
653898
964866
122858
308138
547527
991320
153898
985807
330343
387617
558363
306288
809446
722976
981542
892986
516427
259217
513409
446475
630643
635440
397069
679493
778852
947957
314073
829295
330863
256944
565975
885214
343567
438948
579889
947701
489721
968979
536098
793775
466662
442422
451666
467834
274944
644448
609384
759680
676741
601166
122733
926552
237494
489492
128573
857754
252097
531316
313044
192698
578965
957056
596147
129989
958877
630807
373973
245186
351934
337064
162729
797878
499361
354118
735715
922173
601210
445337
228264
600245
278065
515499
743886
999320
664493
827496
248335
742387
111845
359705
581663
593463
270493
727904
880380
121418
278186
662282
856199
601792
520772
766374
448438
214794
375320
242587
992751
780063
469279
823435
699324
390363
247661
715941
782733
364355
863888
834126
616571
445056
761926
720184
827707
227360
941702
506587
630940
999719
327622
935246
916591
443147
228601
745705
271447
300071
948404
401135
146244
302980
992331
731943
254245
575999
814506
862437
250391
201524
997539
203866
631652
831394
809766
597258
186726
732518
458985
668473
430478
117740
739092
N: 1065290831
