P: 890017664
164619936
982095650
867749170
126054722
806690389
488753588
241544148
634621890
620099500
275303510
585313826
482350222
559221564
795285734
625362181
972620478
333899927
586822786
293258919
176599042
366168234
256290723
469468498
680947167
359290594
311058624
495489993
178191503
486691961
433650288
193457060
713104676
998306191
799232694
616312483
868125783
414361757
937052075
534566181
383216763
497346703
822234764
647003688
442959498
863036929
441807338
963455992
507059989
209654226
779647896
860122486
947062066
222427055
330600134
529973342
541485230
362163395
249573478
769572651
877052207
287832813
190148508
320511032
652664992
508118284
165007536
791027920
585286938
153276931
129012000
990808476
989434011
751374636
210233315
938439089
880820694
179768270
259220667
600397847
952502869
509370739
891024957
368813879
621845836
924752130
202140514
991659278
632743077
513381594
179270512
458032235
483794988
440101559
713188034
631454003
163638542
526984164
552055556
968187960
360188147
290250198
259338008
106696801
404269181
739336930
471389996
222944315
622907775
854023111
971457387
680893161
831767056
222165053
440267246
627153325
681222233
522916386
882199091
496812405
718972396
283601542
144057088
572837359
393182421
397207896
313937553
609533844
890047460
131183928
764113785
733843010
948823301
789108146
639423015
230627721
378775136
385956310
579513193
999578831
964257279
196032309
850150834
831040947
460228204
908591685
509560681
712060905
139932851
435379618
250844327
747007226
877415788
302386407
164527808
468076715
615956123
363276050
692514850
519555814
190918482
664438839
510309876
510038877
155233989
149623744
161662968
206331504
753682646
215035004
181566052
671123388
140700177
327378655
333523679
366221519
729535965
667656148
600386351
513998424
784568357
779359526
927595359
977770647
696490452
152915635
144150711
386980933
527134673
246522410
977860689
935350422
870444286
717491154
383881126
166366331
369326301
283087085
373459447
126847128
430252319
819364229
351236153
892167132
601259545
841835040
527301770
468443731
703594442
327851887
578133449
849942494
358365871
377394763
623561789
642245859
712099263
394172979
165424972
413134702
609927333
923695831
229863987
353037801
229327533
637252043
546640818
603450674
134857341
596208764
381251875
390738817
831267299
130726919
235969289
326279258
630163836
979785284
324404696
365403865
399317165
894718187
398761085
467813631
707100104
591540581
976275698
284077815
105113899
720203165
925348059
422088875
866097728
213726213
281886296
749189363
535685945
109890865
845215733
332345218
862840416
219410864
978272623
530473664
435302511
840897128
710080326
342290110
842540534
163864617
978430598
233638725
883033813
373361947
948833320
421405875
288236415
965637869
953559804
421444126
371030119
879049912
906296966
200548582
880220021
315945540
931062216
421511817
176059122
632735157
363932222
575250935
591731650
398019656
287971538
142135412
278390782
675479277
798151851
839067040
247370846
563758145
871744771
936474147
683036146
358073278
465077760
458030734
932104237
319846076
781952042
817047115
847776015
833118204
338100930
552226872
762110947
291521228
409546882
410280723
317134161
869320597
117571917
783174234
834113082
657239317
606805212
404097722
800164052
477089649
558162792
551790028
275646605
454468797
527360894
237584510
179515899
274616228
705557359
119959009
603102433
495268441
159680614
978163698
869058584
723818143
210429727
280185451
565566453
715385726
598713730
433837732
682063955
610322292
472152080
957037664
505641225
874764531
283067037
524072084
559049308
102557836
665685356
355410387
304049021
192589314
142680390
670898062
831497076
145346317
300650778
467847445
439857700
610949956
868336303
942362504
121461994
767653365
828115926
998767598
675653840
317150416
596438161
132392381
346304202
913568870
886553833
581766398
166216266
276305738
983371146
880677901
402454054
673814804
466242871
344546029
895131436
901736583
768705610
559078454
236396499
278951530
761637433
368192234
863149943
135865120
423501658
557793123
654614897
214333778
269284728
673463838
461127202
619434258
271925764
582317617
699493430
229503306
673247886
336839793
226626248
818448390
562846304
445408477
739786492
659157608
686160627
406058547
816945522
233304190
158271487
452278645
675179973
552476793
336153949
564667679
206389588
758377354
931230139
342706735
358121321
702577208
876774013
144624594
861077124
879589124
234253068
158176036
348322249
666781852
397319233
389726345
596849848
134135132
919656107
542742486
750579991
221911243
778440482
504529785
397542574
499396401
847480079
272964187
117863114
992533066
260210047
126314329
215237639
980358380
710214538
611841750
684076691
984362367
598359617
840555734
950899639
648577905
887309053
226290339
706318964
355593225
739287776
694351844
858493463
791259832
892170520
466716285
157719802
444111693
895026205
860557142
598933224
901257887
531845819
232590511
535929955
686342050
627844597
872284616
359959130
813092485
906029457
426479412
199189181
853874791
989378561
110956092
735406273
279793575
423438471
846671703
567154045
279375037
493939837
606242127
466377147
130238885
928011848
827372973
827673559
806956215
998770104
646061948
248445021
377802428
624672885
852867847
475854561
848078435
565415282
239926703
300104176
660140115
349490569
202807281
364828280
175743039
390318512
455960008
260255425
689706294
726931454
910412010
743024372
119551413
320917656
618367878
778819983
594440859
439996089
191611299
910013402
188258935
526461081
252925900
865487538
994191586
588929615
187339059
461309078
404192778
997149769
235465379
627641710
260099395
599285206
345893152
991201890
204436615
540364132
590233991
493487221
364713941
323719821
773775656
724203049
101678824
263200404
282901563
566605588
456226034
953008543
686290394
389845946
209280850
495350379
950947421
667154747
815742084
547626125
897096031
921434353
340384291
426495677
516240543
731508217
495245880
733629526
439408671
170483560
823537973
660801789
820028384
384581795
794901307
902439425
966934344
103458156
268463934
728932659
570244183
204480166
914347960
458806221
151078813
266844264
648684396
191479085
398776571
774442107
983016199
605477396
715389919
557062985
156104947
811422585
944252592
849093767
800418374
316382353
143022271
647480410
375609566
226753516
777089439
258705069
171968740
482367289
781712794
377910349
440825038
341867319
659522929
774225720
164571810
590968363
313939715
257033996
686188308
380437003
245889939
557019630
946179873
365128137
661409078
788176715
897583746
998205372
497644003
633255096
278192477
795077085
821134002
622947398
814787306
713238786
112699633
725224116
271264829
344402538
481291136
436826743
863328183
432560088
118372531
387649064
285196767
870329324
709981224
238953092
204902109
619981403
590340018
767892218
589018941
787750928
678838794
218456260
868354255
973477477
984735411
513873962
530186402
672589503
584469524
443482113
755225589
501223539
788017397
366586546
369541039
526957596
594642426
771202385
647570605
415385805
938915025
455380378
553785135
172167376
519963407
247309159
702328158
380072919
624990766
810680284
307642978
456380405
344439705
500656078
909390336
273449814
779071315
296001964
227794085
138266441
287974566
710743908
566537937
108849982
632133075
813107244
299071149
186434929
573578682
865622697
658934324
414230966
320566686
488565323
340589374
855700461
583895108
983371778
793511812
823193276
335338307
132221672
539601396
741686571
928844075
842792922
179558653
687878357
726200465
951839312
526068775
571716229
334540987
421861913
499879147
275900069
667585450
187489147
468301360
209558356
683580020
840934960
590808228
262441421
198853480
972795127
306214001
771511415
236451058
171909235
739070532
684776970
854079057
743245697
570927900
419180049
234018642
226563268
501074621
391085983
746969585
794553340
498144364
364731800
886348359
203560511
120895542
747101057
344122171
539024746
735440868
617885719
216585998
337629174
361093522
571525856
576279055
145435480
931375228
207811680
839242719
760132198
867039969
477584077
712662707
537831522
590502496
797916376
784347830
949371363
747264400
337955597
711148145
624468243
972917695
808290507
527715212
211676520
693971252
448633270
546102531
500071040
673112699
417332141
833013658
989044823
302255700
677511076
515825364
193963596
685173367
486462461
687078487
773843172
700755250
967060988
771857603
357266706
858597894
545038295
595806260
930270243
648656244
460745474
763783989
350768039
265643986
607442565
406497823
515195639
885198577
221525280
563375278
329418811
402414519
869491184
396091983
508618326
981947128
986629540
702348500
695064499
418897105
457706500
660409826
770443180
584972973
992090381
499741450
280260823
336985168
115897702
610939097
956160587
279726251
764836285
116582621
459284366
814036731
914428606
185406140
113168839
574351054
365874914
188690907
991163700
220645109
439708147
988690115
170273072
388226795
699235116
319475236
110580647
336992746
486476913
803144425
816808220
839142071
562131963
538694740
694712238
924678809
766740729
684747395
115017062
463545812
892343775
415754348
702963607
299309420
358914588
649597529
842138295
855458621
285425495
318852190
568066106
594433954
434895173
479809276
891501661
106557519
575096964
422828606
338755115
480828704
301969916
924565247
418035124
916289363
301118282
860142268
974487229
574952129
765904706
369731838
854291603
853358284
892595584
356656629
861477265
943257667
967742324
975217082
757653085
275830229
660718012
676843828
171097042
971398716
675717981
980533421
593582702
934475450
388791140
796201092
943217609
174284486
903614487
476940596
456006202
794697200
834675533
502804247
130742807
103831027
639314877
253093418
406231519
920401962
494949307
282361227
650948606
713419452
386579197
279479679
241170613
852303490
284862458
446971134
744251543
454075248
410645588
419392627
834556923
643838071
463388119
804216596
268800658
843386313
373303595
370925133
893847585
940982528
852376203
395193361
595548338
469491856
471450218
762439570
349797173
832992418
865313271
464868527
503476549
869863966
530279537
888622820
149166436
667124093
921486361
817358977
417044610
315489742
412230391
363245731
758782658
485770594
506535450
152730139
329313941
569003203
117002347
525749222
800887151
170792872
859174988
924404324
466545572
231475582
912406881
947060664
239483773
664575050
528780274
915303863
633369622
238612635
611940784
234817891
323944046
641501248
688257721
207124080
346454323
756286061
950072028
732165119
380821339
722782039
457925095
185497914
326173384
194100925
844657969
689551283
846331944
809862472
422862451
255927660
334576772
633888580
212269598
836107863
696575146
605780828
498345238
241834023
449167776
552480858
338601972
294988093
310741256
820159068
254832884
918790330
687792592
364865946
441777039
755502202
224798538
669222697
712627091
960399822
860489726
810552395
583828394
871793456
881369112
794924676
338113250
237064378
796807631
508486759
625820107
348182255
375783104
409085867
662531130
433693573
496849964
434138087
198637298
567133894
234589467
948658594
913381343
796402485
942172167
831989939
726126237
482567529
592559562
891195802
909688518
474183123
120683779
589018433
102951635
478372476
859849713
925759813
969759493
569634269
820850292
824647571
325628272
242969340
689942342
118710930
192677117
952238125
960270074
717508392
319083837
384874751
688042351
772987912
403072173
532006207
279945742
199302132
332390285
601078026
607339054
316021050
494809551
556818238
284965404
537642426
917786209
169527173
479780573
821490236
686616749
884693244
358161435
287194939
354208863
524320576
146464170
752803952
374685607
677072603
250183048
258596011
239096367
369548568
464645101
393131279
363220835
531792573
715524802
237260515
454732290
405245344
322592228
713480167
262228647
667356503
961156990
944204012
530658746
449669631
698583983
207915021
783903869
241120351
258372990
735758172
898165484
334340768
303922229
584361076
141114386
953714454
847293555
420052812
643024873
472526749
626362894
861193619
230472490
220767549
976543742
348817714
627914494
784201773
468590500
571148142
689003292
124490476
610479045
851921519
494943979
758914349
788175675
540233617
332581800
813420355
773697089
412109471
978408409
267493489
981605530
134305579
325839622
233432019
336875086
983719030
176346500
779063438
361258790
745739715
464237091
417460767
707573228
549978151
771811531
546384913
700192963
910946289
254711058
708942394
815864387
397378840
139836052
818871630
370843638
942749432
376965552
935395941
805243842
849634205
493217692
537025893
609238127
752138866
587704997
369317497
283741727
661678608
760103429
548804980
820856865
327306860
786006656
276911398
674558070
824198119
479554263
235822082
226634039
820892587
385271932
389569868
779353513
538632568
396293079
514349881
994258865
493809515
463077073
320885372
610792069
664796297
426490668
628162576
681497370
152759135
117335563
407127427
774279520
284144727
984312388
406810566
106689899
731046024
760095616
292897100
187316621
601409954
320018358
213557415
804125974
871397773
155299602
474592126
431707775
147249582
599227285
416243970
683323105
674073854
907527745
287053156
652969816
819503514
523544807
889999666
715969241
206637013
919114642
213728498
921687227
419206133
737525132
565374431
695526457
352378513
526221202
234505120
284250656
605938404
450556257
910869494
302696862
924586010
195260762
756679280
397028723
873940167
768253798
437936727
322653990
489003424
451131204
400016804
335329058
549689822
813679150
700694991
270329484
175106441
489293810
314402597
743294346
823668541
743557338
185960389
393440124
932287401
436742453
377976189
647806793
402805649
475019211
887318404
466142480
678496664
900062898
203617362
110311620
579221600
750957152
145413946
557295002
833416992
847498459
673505934
748186335
879700129
623202825
148482364
885780587
334258109
289244814
173752904
137908128
514881283
580489238
538745281
332051143
850375337
122124553
168177482
826077071
292732227
543307537
581051959
952406831
104532610
995279811
374186736
819519244
774231789
314734935
842337332
205264876
664928482
408505366
323105343
214245002
943763353
129179153
487713205
717863626
914125478
849812385
557632766
844448999
257848519
463739613
387314462
732406251
539852910
429623062
817434320
714139825
796777391
184498170
661885588
718249671
735868376
850420236
155687880
994767927
692243242
913653300
555474489
994389994
543246867
587994080
797990595
628060005
298553526
752924206
145382495
168737916
368262443
981857275
294361252
397242784
937721472
585238420
218279172
941071422
923940330
704681842
183713897
115869056
686590985
592584408
646858208
994359547
811232065
847915274
123745024
475793479
527246191
989110035
583942064
479533198
643046487
639955943
385401284
940975883
377973472
567726111
242718124
406163832
485525266
813472723
936583250
117386127
573654809
524765513
274850864
887479425
578583826
201737549
665545465
235372930
621822986
355478845
644942545
823458885
174532892
976837016
339511297
636199941
907274566
304520551
816258363
864620084
140151035
746825026
346366278
150279095
543779175
206622563
875663191
343539087
254791087
160172995
679143782
956961690
267288521
765243451
353645506
509542051
575466968
546740853
481539732
479057032
847815023
495196525
101773515
347026740
842837181
602397494
433314135
157797279
183076387
392594852
744824131
440695435
745591225
786077777
245580337
461177792
685881542
499738779
268747961
954109710
918849910
454296520
229720698
573861583
196946461
164635531
325729426
838417564
836306483
916581883
525925926
435788837
874554285
321077049
660344879
322917424
449208401
584052487
907743534
130100588
233811376
803528760
851604862
606799677
917430285
994895530
401990350
745268031
496837271
355044123
845119958
619167187
487015992
888481056
330462967
861148688
208667895
939149328
716881579
216588397
110788591
464475109
590277649
282975799
858931847
348453711
298547076
916237685
166872347
632680646
725259109
452663097
571576794
864100378
830636499
870387202
631359360
659562179
619555804
279463773
464818622
716189774
977963282
907175768
741291558
470241741
479870052
899223027
497582061
213936208
640302526
435448054
294680795
466259043
591891260
273374319
669408179
279907398
594440926
500249042
949877480
968986726
176841628
782570922
166553840
765118082
686317061
448215537
846477118
681984688
108687676
877626684
360231427
231401253
856807466
270017303
313134740
733495714
378646060
601546824
434151519
337028370
332051887
154087265
370056254
120839529
684508806
879696826
119908837
860257213
298329631
499422981
969230785
974392282
943185855
786092703
345974156
311230086
548072443
617964159
136943577
920554010
162571918
768659755
989435254
289287759
219928588
158860098
989706955
215030174
709461827
993831165
991962999
376385873
156777728
504701751
490831594
469370539
866378719
264966086
805993767
984745933
202103078
734178770
335994187
563190700
230523894
446241376
677377788
693057409
673033763
216568851
624057071
666193289
644939930
128614352
595111157
771248211
985418547
221458217
172901137
657386988
505293026
405219891
362697456
825850967
313254970
933020378
590723357
979147536
757414408
498468603
298395323
646498566
916459065
537407571
872102179
797976518
399346058
178567576
177337786
825842650
384669606
553378614
204456316
194947022
114840253
443883584
433790988
572779287
328194179
463814081
328044979
445580531
578703477
505606676
432754125
254373984
738369694
328734761
959479672
572592912
953512412
802497868
844278125
517900370
474014851
686199678
488653790
455732584
824853653
532927513
744587384
187076569
197948235
688913568
160262315
825705408
708505245
194720147
925480821
616177270
739653052
490889304
601044277
521216602
862396599
921576102
602389182
223022358
619490479
366429871
718482856
493919179
529790295
632102808
297720379
120906802
188155157
415032656
262329313
320897047
246662164
433597873
995412348
211674739
810446997
491260246
600576993
353535860
113382684
363392727
356776872
700623551
369189441
456345954
437287747
488416815
917875096
383660069
704449108
676068411
884294005
115614968
496410367
818753039
955431561
966287475
642018888
551463115
784064554
519140576
387273795
356215384
872042147
108952119
839198468
976133506
656396586
771968302
271750451
149887910
337187180
763895821
738480966
177004230
119554926
431544122
769635084
230031572
144922439
484089873
235647717
298995728
342586862
423358683
128082596
307596614
938593558
746359955
358475162
605699766
608636769
572837107
610767748
859249882
739527273
493398508
426168831
350046900
672337336
499752662
830413043
716407470
987195544
170922090
865980937
291035460
252300324
751009751
221261333
993745822
643311224
314862356
967816621
575158978
187496292
557983929
822267655
235863480
615721550
302568137
980333732
634358115
133334633
912499060
518657268
474681623
309564731
627231882
861444720
870099453
433120561
220103167
941438229
778840645
876789743
276596931
119030985
732057332
433419732
635969361
856545393
777215153
483687201
443852441
707305391
382251517
478212643
820684888
946193654
646989989
114343527
650157760
528109689
851016836
910416985
246545057
527062380
490214160
310318365
367489916
614473364
974907932
563565443
677292729
327647863
638515981
298115225
510703883
614963034
882052493
373886247
839931967
188435207
996382643
830930752
894265498
948551661
593820423
259683334
612801616
476270638
778267139
386761024
398356688
780692834
128208818
103447495
261518917
227041674
613488234
823052933
308832876
329775854
503992707
416418464
646933821
382248822
671504949
858033535
220876557
709160166
977949426
754441779
449790201
757702988
508430955
982747252
632330947
375688183
677590657
442280106
611923750
863308085
817649442
228535669
286744864
850576718
952571157
543030096
267502596
763881100
660579697
804233402
956032248
483216503
109575793
799481580
351677759
974068373
471789004
787193230
258850601
260174771
831395175
125742335
464589018
998856923
446740784
454097228
602291947
458704258
368673089
927754840
219430877
667909148
247964848
523807568
734458171
989222875
258931271
646986058
569483237
521888785
161248217
112890863
752863803
748422179
357533069
892561940
605456941
969846478
831901453
277448083
181452585
598191787
519035734
588711625
440247535
837993967
912255898
742148428
238515836
498045942
319023044
157890274
412153361
370511216
590174189
779386332
414779982
162762170
738879210
760818347
875546528
615907851
120878064
533051314
592979574
600740659
623977869
384741044
767665609
620532819
308736950
227543732
826192515
585245378
556986309
665296247
268639985
985133688
868683737
664717607
331477186
823261527
761704560
207703261
753052484
380176789
314055399
900510636
231007563
658076943
216556003
671186818
775196394
514783290
479764814
267363766
633064680
160015357
861529805
938939820
424966566
987855483
795577473
741715804
487426107
116383871
138938477
176990272
746105435
493870123
110461516
944428510
417110047
833208665
949723157
158047498
844636646
248211198
695832562
651674695
367582752
270022316
205344186
564202277
425022265
529544959
667992466
665827764
464051177
386478702
469657441
159782184
180990363
140203722
571357945
608450633
133325604
353083402
979953379
281511190
681762243
243713939
148230545
115985025
700640550
625645980
276396857
239232540
591209576
937930605
953759290
761803502
471117738
262810326
117163679
782105225
795701346
880832029
818302096
826379627
662695491
696274039
861450773
837507715
402477368
765575593
506160274
649363447
514826744
749158296
626314632
512488216
788768459
912708619
498389417
494023468
289859967
581263756
837613512
641609629
424270226
126839828
117417307
500697155
111466804
236088044
971398534
734057506
819524862
834161155
235238949
860336953
847447308
941191104
838786029
188250087
507853827
565538691
251836913
249373662
532191129
392635098
142517783
278158637
627896549
763963813
773135350
921271424
241932974
295117152
280410649
971397276
192952725
288309260
177653857
105574954
869587417
249816851
324386660
399275267
208538972
607391493
613180485
138706733
664857160
482551937
685688715
522480946
718249730
668885383
444345098
709401928
178371179
993931284
401859052
289193818
808471649
660606352
204144602
623512207
630345890
785025528
954114422
995555726
462149912
117954529
360629525
503979483
895149880
604262858
318926448
628750466
169407369
708882861
603936823
241666328
757475648
330623716
443035317
839294905
365575967
844869694
339184546
253781746
806759054
447159590
705475941
185869003
232346369
831792185
863320137
142986173
916745768
122436775
857014159
901735883
456343768
489002154
451304037
170421757
900057559
484778589
356436897
972798049
950032138
258161998
149513001
459994647
889503119
333342002
591880418
314420438
499767268
157768317
443334030
369570116
457848439
849001860
686528143
995374484
981739634
722319643
813635831
303015429
807465951
138948441
492970810
380066316
822758524
854147840
522525464
228233907
643587989
770593171
729809977
317404480
446452633
968873847
721903376
893424498
617611539
416715861
321901462
459183943
500304017
485927756
213361726
811405923
802943262
643741062
811064315
907302348
890300847
170768268
531964901
551962194
601529025
226349294
261571281
783289396
295519149
117244133
953117125
174015450
714756334
996959879
125986891
374309391
682229217
559853240
208666890
361265058
166561695
119659013
302128232
909221918
391611256
832268379
323888159
174338497
623019535
980230773
869572061
333804024
242232481
100294713
956049791
670353464
965333759
742006043
960344017
673659957
352948080
212152591
312687812
359061260
956252677
884891502
325117840
440199249
155275303
766633126
115633476
893994547
983293109
731156410
113742650
902497291
818007084
638707236
631372665
169252118
827766213
906104420
617060025
598884574
120769173
382003602
875561936
371973700
707044938
505106100
549167705
104359246
395144291
580560662
630021530
233982205
764610015
163615467
207033851
599379576
185022142
691828147
474687058
147667974
427872515
662632899
837408433
858017068
666527978
475198995
923175101
185508682
432432384
150203655
159263221
882177086
186057962
886771495
781252756
357848837
182543521
603439631
725752715
535489303
654413072
706195344
905252496
276336822
999224441
675957321
515832057
476938037
242404725
147219603
794288956
582993740
793825942
594809713
274136335
551898937
275727756
313348910
656933397
121968620
569025987
614663406
885510224
438467164
131992525
148580098
405065297
187760555
233254279
262217170
521860998
737401606
503096282
858231739
286391597
574542845
393954170
650712524
495219213
351214378
307920199
190958857
788951105
709180983
598537017
920929057
466793234
965759476
411692951
319059202
614314213
480572920
136214657
676989893
316481545
100381731
516978215
351761023
659242246
262103366
605486792
592801110
680087736
515570970
862431815
904434105
436131157
673733462
584426053
941444771
249362541
379791042
132599626
808920002
300305769
398066982
356786973
816573238
318657966
397118285
903741485
502593436
968611663
251824758
997058678
216109867
178995274
175993777
345101462
958202447
305341349
844161756
107676904
153648264
779806579
529411365
901957517
761382885
954869186
262893459
443725859
499726773
661519080
562910219
874940555
615842280
971539065
292362408
530659983
459188525
839395927
706333273
643853539
513150983
420705387
253281937
433838037
551562132
302156640
641615805
188256241
110179582
358614511
215751541
149794318
362758152
719665385
413807581
386122746
123405909
971816320
698879511
551305089
958970207
190253170
483122244
597312452
940068250
634234956
930286411
529462853
209679270
180897176
561843954
568861400
602698569
308986504
378193360
290414064
641086259
390494518
688603038
971412283
610917693
474513817
517312832
419985709
759046148
393031779
446820772
642124148
860775159
830339849
364459010
440465127
348152330
952837414
989212201
211237398
850206496
533131323
245852383
955458159
258629890
409807602
612283217
702920576
555679774
269304324
218374137
205667806
540290099
840336817
465278535
704639941
262920527
559563262
960105835
973628164
818745524
470995486
456258574
107362146
349142981
362611975
165595856
483761667
922928171
137703508
974940083
185399890
596384014
853210366
303158895
911495454
586220063
544119228
760111099
814903900
587788925
712144992
716514911
875106285
374081271
899737582
715312089
746968716
269847907
567912852
873929200
301612841
571464645
579446985
386356362
482904219
707470349
548871905
601697036
749965665
370567926
702214923
303546661
903435751
227049895
725119383
917605818
433278661
551949708
342867255
696290339
106531513
850602206
693619004
512319314
215709229
507183234
944148710
365131086
700269261
600125891
344733450
870088465
625842933
567271451
485082802
588655509
708442373
271131641
684320109
563194849
674710764
814513547
432530781
899384343
963621898
214485269
286533689
203553093
801538918
248145181
432973189
355822172
834311932
852779763
432306573
496449529
562609888
576452851
729912943
853429244
521471201
152765392
709457673
932357760
725257471
546290638
507435944
457397465
579395170
811448152
914054525
388159259
569745396
405696141
613998844
375726892
906635680
156828448
340135330
438948676
134755875
398035281
890730203
105631637
129952812
410037651
101927479
994140722
289138303
576958868
162757413
422939113
976516016
908553775
927949529
941928046
880007733
778994555
614215202
946353744
766207404
422532681
321909117
758848446
831143682
629047835
878879450
480909136
273561397
569134966
275675890
568774296
577335587
953481502
429950616
661800245
125906841
663360995
704545736
291197928
800691608
951221685
311815192
171907784
162297836
373065863
534128842
604465016
225765920
136844554
625585668
873013463
913528138
101679332
138247694
683130848
656425882
828044357
351722481
205037473
802082810
181511739
825073100
169724452
520538448
130156533
994015621
795024409
511960677
482811593
531024641
913742256
943776722
593363923
438305821
338649523
129540104
936852481
634256886
984104768
979942148
207806982
130255318
857947491
952028421
959025812
666846201
207824861
599814787
653715560
629307396
948620437
785094328
540940693
251185794
238048065
701656823
478064588
115969537
599809915
873715551
952170000
960616742
501440498
250560285
994264877
146768482
941262741
849072096
228428967
695134262
283504932
522244951
375411684
602300810
202745437
280066492
904928379
342026602
626498389
111530998
379720501
800424471
774930376
259217461
204338083
501413746
234932510
394682174
149273646
581805673
503917550
541344419
367958095
324747694
857928051
395163093
906276873
132277767
511707933
691688771
850297752
806484780
480689975
693727340
906511898
886013631
503882485
528297615
795524223
693011814
839532832
252272005
129250635
950891575
540970554
642869082
459994174
292523847
198038125
548038294
219854214
253439910
662126121
301468379
910461798
606772186
944517531
671227933
710141338
385396246
212756945
600420737
985648267
929488288
258358961
777534974
959670524
207745510
551045759
267913010
723106978
326519153
835474645
758832658
384953164
449950704
643208566
900615500
546839069
166266968
567325071
263508517
216586073
820880556
655186825
442982197
122218356
493696354
265796762
605265885
192002233
277802812
447291094
237393906
872244987
773344660
100241724
435012870
161279980
118345487
304413292
930577898
305969429
543154320
533899303
653055012
610552071
547482344
322101512
793181400
328844674
202577352
194805283
465115271
482473576
149114911
188418899
602303001
332124215
288152661
939984590
324012522
414666211
855947635
733546977
710472261
214566977
698740166
339708762
271261251
446394002
232541977
729616705
547083974
353425901
217884845
871792139
950914392
613921978
427172820
566348175
730705487
775139818
853534773
502625152
701134972
111159627
678658746
340973382
794962419
245116383
135890779
910962632
949572916
494944957
828930471
396638197
769844930
989272002
820027995
607464156
414115391
474447440
965692677
369552673
924506492
264022834
865754936
249391027
609045087
713499718
126672826
301295104
547797412
331757385
593648182
954657356
687980757
659835502
487989190
764845967
377308784
778565976
114347332
252284687
195524116
453315303
775282218
126189779
408861045
524446577
727349928
372636742
981205653
211125949
542599301
863700717
361687534
284634216
240209491
815130732
238907821
678784611
598615092
575769933
390943466
364509757
847675975
293109247
645519091
762235765
626258768
654636187
542411215
341334359
198912619
954366747
451526314
174795301
776040873
864177707
885655574
102429512
205303387
421410009
899806812
565173906
440185434
118712541
343639716
129780722
860812504
280716675
877459930
523231754
282967988
516656859
706418431
991899742
416324997
406291822
717215006
596393010
857175011
434069262
251357587
403577223
441187991
261578262
794923871
448837556
751425736
800044485
702231223
926561970
397452089
197933217
951681421
639326100
542164798
283710572
668160584
408788102
619518961
716104757
283649686
438443361
913865864
315921743
805558458
488020992
956606840
815504284
467922929
224042004
314268625
629216131
965522227
441299111
231415094
383841023
648830338
942086525
543924727
864616534
359816735
319784089
787768547
537284011
777811325
769350672
922634031
581471051
931556149
916880189
745243887
974162802
593098850
389104500
334992534
242028331
379080850
869270184
339895808
431267570
187714131
966573610
611151937
585604852
384758539
559648066
425035519
659752861
764954014
900464659
417989108
610155352
509537482
278971510
708590790
964252529
587222536
817674889
836046532
254406565
769509443
730959318
132216577
310321991
482227602
381966799
196612441
149323850
954938205
798235312
257792005
761531996
859617154
121628763
442414266
759114587
433670649
435187763
984694108
939958538
291083954
815974857
915460737
462344671
132913752
516933010
561994972
724583408
599938461
815195699
763904892
233820637
985687842
163653861
254698894
317270919
976273218
616209040
877583338
554680949
597662139
388655111
181849948
980468841
638479905
721445061
290339072
855366103
656434366
967442548
572093153
397001937
258777525
899401078
699864872
738586784
957299036
716289233
111773805
194047117
231718786
121048468
988633855
378070880
572504493
708604630
186027594
362760755
617986347
614040878
302606776
718582373
377711913
444665761
427430437
122216371
246377635
664597877
594977840
818581544
143810175
330841381
434137665
297649417
514079835
762515118
928133064
850891813
853520434
111418524
295730073
711392243
704572312
270950002
381189202
881125537
334976700
835726453
129577849
990903843
862199511
291965871
887539925
150802137
947316343
374676604
415319544
876240081
294714309
270033388
384592977
191608217
352170525
849293108
542510845
595298366
614120178
338107038
366397997
944896785
860041538
272069117
863959492
262070763
958282620
650784281
440366561
943683800
175133994
244355528
923825701
307574505
831432405
280511163
929044267
961087086
735246969
611269663
857190876
121539026
763450291
689014759
625697606
599924816
595746795
865637759
763883104
299219122
900299857
332250789
283197335
275777615
376162901
714669570
916364536
604298281
894612960
616215942
216560564
935197662
451529818
472483953
323098482
280635175
994494176
548332217
831497381
124195095
162467987
534368012
544240466
595063316
314376111
383714553
440674291
864166963
250764574
291345947
568863191
109511304
113512118
761446749
273975890
185842415
833235430
779784074
402294842
593363950
940170977
510468866
949608016
293290708
346417179
547526632
110157971
629792911
764348659
440380121
869266882
750159129
126827453
703658708
128207317
750826794
127614145
444820831
555069247
612322920
699131254
358787463
996007152
575162695
293765159
161206114
192470249
871451200
194780494
427743048
523556478
947882279
131276628
994356042
282501271
816497625
202687246
558048285
836687363
457536065
784800403
994505068
708313420
185886880
386054610
792012822
960881325
509041064
646061279
137275287
580863390
373649871
524310478
637533440
405360865
950073307
121799246
941643356
109193946
342005071
938973068
696122404
941031805
194669409
358320503
842054861
211947963
834425972
978992626
369102027
310800666
653672221
634458117
292788901
593935911
489924966
116575018
112573406
617371604
932615055
996005110
352122876
758773364
380765195
656860518
398475648
247368064
289631034
607302458
485868243
592033937
248676053
448755968
358731583
693840933
925032108
160168380
250738276
515764631
935849281
140373772
556627545
369593338
730199522
856399978
463426219
689635224
884525350
238222384
138181980
456036434
630408308
806608225
188724264
885160425
781331470
397216723
622883391
933191958
618745232
298224093
590741600
587404390
259165798
840088316
765550266
953493281
652078741
374961520
373799102
222860663
985122289
218683460
147453556
208505058
643733790
882785931
407319591
918576049
494215614
829180316
349613939
214084957
291768290
934384765
526719960
728030955
454531346
436798870
510080515
884093439
638112107
556739870
997003703
768472700
471447531
582635450
593804903
193368333
182151842
248190185
200584483
701950679
662523329
614387032
357784584
830463558
981894217
112852205
251752685
442946581
919518157
946758332
799977892
336879889
866581155
100587150
618904310
359174921
298789038
405198634
615557557
565029907
771853984
275661886
964923061
470038802
541818762
753652219
822196338
256069984
462233168
158081141
502000187
996164145
777311210
582845523
292266265
538036027
993414788
139458151
539473386
537750489
817361167
433838504
117825285
347070155
561511945
415514080
774050406
219934775
932880030
906179915
542789865
896349480
850143550
863179391
944433524
626830067
873939098
794696067
604961106
854768354
909977184
954078586
217420891
669841328
748511273
850663566
875348316
333917188
997748309
531961809
695971489
206328067
122259849
359736061
191330886
627844816
608167650
957562292
459591326
492945319
465699298
982292915
499600489
160980835
934826482
821089213
669974855
233894887
143838922
226807563
786885893
330594940
755244738
605604689
616534331
435563292
178358203
656992748
190301976
507605198
242483678
599401558
964069169
671627926
128124390
271483491
661393226
676578666
174033091
920134718
944938962
131432672
468965875
667487721
213569836
128003169
287574493
349207165
340862395
157750634
160982981
813632900
376546493
568729159
949471595
293801690
276290022
715497365
266476884
106289948
965249656
347023744
233724254
860884846
722875455
956712365
377015535
395688580
577395508
194220333
777700230
681466572
818702312
667047859
583826023
293490014
486470386
205574962
649963421
431267503
152274327
306046179
853908419
183979706
511097555
646266152
483346386
518934506
258457079
262216244
830929823
769781034
475533304
258015204
440893673
161788960
809368758
565640382
236485163
429247985
571279194
950137789
364268227
760874624
955521502
954502472
889688243
115499751
481331498
652381586
903583194
655005904
361234148
166602480
643384025
713461754
391459791
268562886
962183370
734982209
313045772
805600430
134771835
141980420
389760259
691521572
320132568
279041896
528148440
739872480
586122678
543316052
882675859
954102834
265101608
663499394
757048660
447808963
701729232
600659490
967886395
471727166
150361251
718125408
874640983
692703344
956757265
546916978
423350693
778811395
341575962
390296987
576838635
193793610
561591584
511825262
157069499
276750482
781753756
793095244
404839720
920841544
433735068
885604406
604980297
126907577
621362757
569445263
164794629
691557238
720346556
353764704
257237683
953145624
186377726
318083065
458341266
152900896
782155282
593872210
488405750
183536552
915826070
275507475
578138069
191674134
820085402
750235213
373043239
135797551
103709363
503098926
858634104
441952587
112575041
496235622
849249198
492422191
769743207
515705701
353226867
104818259
568132959
718475948
969501734
555589632
201761875
863290180
255147667
241360096
946388096
350674402
789538429
682342698
722294135
769377794
529524751
240004828
444271235
144830345
911595607
570384929
205762903
444801804
172369810
542843187
206996073
896481230
850331334
323637474
715831829
805041603
330709230
287056152
989022966
721573329
907160965
770119366
922378557
997130279
620995527
921368302
861197161
382347537
560221616
312537837
925710972
574935062
698065580
750357452
178943409
274874694
984959663
350185425
529447663
837139497
487501835
686982023
151312395
628878463
552520497
345767493
253535879
744436104
269723914
865392720
281626449
401715752
854397740
998895112
946610091
593004448
255167116
214257102
900846708
349655205
888723613
466899607
299885963
180076956
364140961
161879321
521870647
816182340
375778892
513010491
488299568
576252059
475125672
849362753
696960831
196572465
938167150
263015381
870722867
666949107
587816482
376467759
631633610
757574831
654172991
700770611
466008739
164236682
664297144
995274824
690835251
488367539
235759403
455843856
688980430
820404536
695576110
820818438
931533376
621731209
532332030
490086442
847062170
432120427
200865073
536310089
350146873
124251601
200491274
178243639
307363810
449718059
522689026
778400262
299275533
846873255
699191741
611475283
331219416
693772926
420738417
899716565
530668437
613491548
908801842
393744631
996146940
110837661
225754513
356582077
912146908
146397880
651602084
555245125
921578775
198913632
339448141
602501131
941376001
235840964
582987438
808445513
218919873
656768320
192652283
420068714
501352457
429028231
100856552
367773493
237161704
101134092
511187200
344741058
165643788
799977434
707947481
591021869
801857215
892128058
712973882
971070937
843380459
428901003
300007084
883923205
579327046
626099011
527470351
254031843
886788434
484462359
780726865
649742682
342348510
643665216
223781565
281838857
566682538
159845488
392904329
709901305
769124526
178605984
550567195
870375899
659530293
567767731
986234489
271791993
934996602
221832085
830258598
260571065
764959104
472271575
722381868
486148668
550090665
997566452
161211350
590553192
434091087
541871457
241992688
640202490
710535906
623824216
171911368
175713807
905876909
816156057
349000827
958022405
334763200
791339241
162845532
869476459
709147288
919796354
135711622
747343451
172226384
217460380
422667835
982471812
604065875
109175024
419910895
474989418
999065867
135163266
654122650
917673969
826098325
103302110
913689465
220022941
658605963
634505539
998434181
840606833
702499495
680079241
884510726
990553335
965553824
328411198
754883096
207113963
169661932
244344734
186474251
563539153
267060285
512256708
746521269
146344162
151185183
102518997
337025054
647051547
506307278
537107314
945081698
834512929
260484969
579340838
460695929
378389518
238127584
382558803
343531869
343350397
203815913
497522445
863063163
893709294
343280087
588952898
898343830
344686959
384934628
468294653
560971316
536426970
911903271
363163587
706568371
202350957
307866257
385786214
770631881
354299601
554508784
172688763
205523408
521106270
307065934
782287739
545183802
889309189
970987639
533012386
516322967
445374190
276986222
464344461
392498150
482098647
254485558
224309470
744069283
222186725
477201178
133310902
578526918
283877878
180294362
400010594
450640875
804412542
885815178
313221174
516888637
121145536
307320556
819226172
651190184
916033392
786037016
649924598
106158253
313393144
675555952
773310153
631529324
915538048
849376879
488721925
716638020
489433324
595382276
943402983
853844771
580939284
251688034
649559200
309160765
160257445
837767794
530030795
635290141
618175125
683722952
598589857
224926329
822020643
867936485
798907093
782959076
688028105
558160875
601414859
215793163
536893363
911046654
842405377
962589861
521344701
888542422
805014375
364413821
417646739
770293047
916236794
132694297
125170554
559840162
241265270
549332585
556768080
275020590
405269879
231251487
133446950
657008481
676775631
462449186
229996425
751863083
293020068
834468284
622129669
767269177
527065718
694683250
537799587
397975009
569681501
396691245
541733841
196047318
432187849
921269306
745459127
978128797
679115212
861988652
396313091
826098058
527492573
484757798
672837078
296241033
676169685
968384296
534581210
407023533
229733515
533984139
618955803
553569106
897077456
849473294
857650820
550243896
502940347
646938540
927656449
384915918
511925281
387069843
851101821
290334559
341822416
838082374
928762024
342326729
292269643
778872517
801325703
222601216
779812541
191263152
764388918
163490868
850254208
449512092
637850352
273688465
196658497
574506977
469827805
220317399
665361800
208582850
103514885
250016291
395598668
673092230
358085432
626189749
616048410
931753523
696320948
601290137
909980822
460416352
304002259
629276184
162935553
245529260
513043706
218847179
521695388
333223722
316986377
921145787
469981682
115026575
515853944
189566311
871621498
888473575
146201114
115664030
684140763
612523170
448656155
533755263
563756142
439549026
366318422
431216784
367857814
827593278
784390447
216394947
518886527
937333358
887584181
774692471
122778189
607868498
975267561
103825609
717473002
546465616
859973974
833654885
202005342
486965206
896290947
151091409
875618666
429743323
868554486
107694308
779416387
129127181
863406229
778969972
195357700
546678513
314670970
147373125
356412696
212286772
795256109
857111247
501777439
945981495
312857009
596296353
161337415
537876238
332651041
819610978
113343221
423259885
305983162
485430646
836061650
153634389
834451551
376873658
387824569
383394381
196974198
672000455
116892359
854499688
626108766
897637878
770906341
129436741
864882073
512120179
335091949
325833492
533785117
689681768
442967235
525117422
433818909
539830402
451625956
790325421
999380892
448579431
988107052
968783983
715849962
447561150
139653168
116447116
547647378
690646833
408455003
504795931
837236087
320610504
445703573
212354412
829581152
895987728
925843484
618830265
722167270
269104446
508555704
242696402
983364277
598386568
400482112
492251937
710763156
960675895
515781438
823995302
232035450
422856214
106232658
104665333
259108625
755537483
799017556
218503868
919479724
905715349
747869470
582017682
631212347
776115270
647556259
872037460
215195981
914354528
935452941
961655794
303585254
642211507
150073485
260571108
371076098
646398634
442658982
853062093
242200800
295365838
305675373
487875256
342067072
393302732
763567069
500674082
662049397
270526093
836706129
920842652
556879886
618817984
545115520
692201175
643237320
949791617
504995110
704600069
677989605
350471757
411579176
686607664
785597829
775514376
706172449
188869194
745391751
999423033
804021646
875353097
640502825
855978897
367520182
567057335
982006016
458110129
911448259
817997828
410444663
698603471
898858396
289522870
440854352
534084337
852045493
873192027
533190711
685729991
844300714
165437251
917934384
773341798
447484114
432526507
916028182
838827996
696796735
704205630
533409519
907299929
530595633
132805986
319180906
258692836
479874925
946253469
563426156
623058664
746073402
908888520
572232162
348134244
466820750
878819050
433748689
117693917
971141690
240102519
757927669
309253848
559852279
640445200
143448371
117550753
516634365
348941551
732205443
456069019
184849341
107398812
647697134
910438029
946760469
231868568
389715851
196002733
821110055
174448184
707303512
593543259
620625796
774440247
635548981
516953393
988482633
769984252
240451881
280972448
504796149
896003443
505919369
438833524
874706823
980228626
614120008
444041422
804349011
193208808
563909667
352098947
585226891
944816858
853516443
984645668
928048390
528115277
340280559
612871772
776816882
207166398
799728482
543270255
635493217
938710758
321419832
702562949
742258130
124789466
361267643
690636986
983546908
211539930
263090771
435580105
999400156
229772567
950645620
146241947
302003572
524777446
802869960
432471275
332442163
162849963
645332468
139657971
323224286
264189392
636449639
860861062
128263719
119777535
570572989
846674524
949321351
296456697
702911946
770456747
172977051
125026601
230424018
577453765
863140688
786615705
515573846
264876142
340989898
727823676
360594808
727431109
628212014
543316578
679797517
842489643
463890156
992106308
462064813
947068250
849990800
552674800
321848458
376365030
493190600
118419982
402334321
383635185
567902231
376267202
131115083
899212507
854091089
231431049
802852362
405176815
853804924
871464162
977661295
146107214
679136974
625925146
564202563
828604791
132797271
688155497
519076427
671386867
943918896
727684706
783345735
808927976
525373714
987566598
308752122
734163660
439514270
876871087
710535201
122475327
180891579
359496282
972101562
595118788
594273048
344343856
573330709
676317658
514766907
802793149
463896798
781620325
487440839
712176003
933881093
972305765
614743118
662221278
726462942
846262493
634762452
176180150
147882849
986071667
278288819
312085044
596947568
383022637
277341433
348671934
293675850
403142989
478663622
128475593
480024124
334884688
277133273
173238302
842269409
450167686
145421990
701949739
610632642
654754070
680105435
548170763
530348064
400261358
596287562
367217644
891799952
950962473
450469555
637803208
741813851
684714882
806528242
762259955
763007414
993438308
235741868
227332877
878099809
710856378
802014715
734900341
468590549
589092034
566847194
921955249
165258511
104671334
771923267
238630887
158751208
578229696
484863408
258190512
248257585
113184153
244012431
188843210
119204110
875918633
116696430
752645070
565604739
618820216
299587318
375546395
439115433
843778386
130297220
336038564
665404488
995643619
520807785
958323894
334897382
460973369
715045338
553849230
396276329
143819363
482213277
124854822
602484922
417322107
531122573
500578916
209081276
107479010
443418724
569064387
607704843
899572251
147000724
157158582
890087327
280577538
791296181
529956699
973120833
981693550
828004677
633037279
113604337
907184610
396279555
488868580
606858402
953391742
730504185
652126644
464228716
854497761
444382568
320204410
944268589
387347733
321953609
586899726
725465846
641965723
350146545
397745302
967424030
281196897
533466408
406134577
406290663
937412901
273077485
669111263
763944071
352344300
318209241
825304504
909358103
515407663
865467274
112433074
765616482
144389506
353723156
561534346
719413246
496175624
411298045
557012536
803015423
262488310
296083661
146937711
676289498
164778777
907756428
478369055
493490659
955001161
369513663
662347379
723750629
444266827
306082304
690087554
545365737
344660563
460522508
106182752
603169197
220603796
636429010
738269558
513022485
568635797
639528994
931715170
840263414
907783657
949871772
556602267
152578078
567423664
624398130
864239543
682703444
675205493
794234464
808478811
251669942
712320789
733384028
747800552
997165395
593433579
623760672
988254698
261569293
455786291
722325484
390072082
731986145
304030301
329566699
521769298
978353757
405845278
637643215
826647351
569287674
572731907
927544315
472223477
179101592
745805963
106667988
556223837
540809888
820794307
455652355
724052824
252148906
863365298
503644872
589055646
846055509
797247685
307811077
643774870
905698112
950947009
485309822
109687813
545371474
207372774
849876537
422684998
124048515
402877482
494697115
539781037
527487914
352463718
203603772
441124713
588668531
778852769
348601767
129192331
817004156
714919651
182569463
977334241
802585430
977199864
653821265
378017607
563950880
989805872
269072758
923344723
634049030
491750477
174728557
380934092
385980456
739102561
777594434
416916101
176344702
310955299
138935836
440309730
105979018
794011310
664495946
875852200
644646879
766381108
693180907
289235739
152441753
346506232
341775827
156053714
203030700
413760223
490503777
705022534
938838748
529866475
195816351
590909064
896037720
146162669
331078287
528051436
287681051
729921390
775114376
225572546
633651329
872950281
371973457
267643859
330771002
303105583
171824034
306741945
999536669
976802215
900954807
108955689
298396424
366409247
679823191
824811074
557134855
605380304
371295659
359476739
864776708
888336659
N: 0275682499
