P: 288550736
839443023
160477562
249871786
769155308
412723161
418562396
148028061
479235396
129077271
784854507
247957592
224585388
537968658
892414775
657116275
776718321
597845507
786250787
144877145
629834080
685006576
324960717
637855659
696105145
736135807
702064426
848955501
978673775
663427956
621714172
668504371
687743441
658249816
447457090
863642063
335986378
446690415
342448856
714231050
619768229
753262383
616557972
420061385
320498027
129807699
329247593
707746985
277867221
701090669
386364045
993352377
374409433
458208228
465047220
160266575
820685986
928581377
428944148
160197707
664235478
505241692
499986666
609603047
280909191
190531938
100021240
572347046
663005633
185973014
154890163
193843533
773135839
281743857
184338690
427204245
356984173
263632914
124975779
250397866
536020413
924267488
481387722
616253060
939393610
772348273
728390864
428933903
690999203
735661715
612486082
157385057
708955762
277264389
394144941
592390186
131568122
339279232
103646183
987154150
781964163
948738303
809795489
171208537
373254173
844151785
258084051
894277489
405426063
446563349
133482887
446552881
995361607
646508622
130338773
726657592
998895343
806388979
507069789
407698001
251115129
184337693
314866306
801401493
667744966
975848019
237836384
655175810
903099625
188233619
463980114
647287013
603739707
682529586
737776574
350345250
743659400
350428692
977708093
731157757
817714313
792473938
154984893
903694148
592902543
423807809
845554097
339677249
665066890
395358372
707004061
746685957
536266121
697179357
386740852
228721502
106057161
477387681
976450875
553672598
355380484
745587073
313186364
763411157
884941133
122774985
505194691
423761272
281003821
188396359
860442210
214071310
371882888
145219501
998737294
142919363
431779147
473966300
384329329
396346304
240690046
915980985
948066826
259995833
446048881
681252334
803962360
640006516
719226036
484224710
413671009
389768859
897163952
388543675
741168350
810485279
721251349
183826400
493864159
680529813
314632727
606508457
576966113
174216005
924275285
431596062
332922137
469926103
845853286
441376395
810641135
605520893
208832181
453581184
584768704
701074198
310416604
119113118
413885109
487633972
876058415
638978823
922337011
178432768
933579757
554696428
434024236
801447876
601321526
699250848
228981220
599582905
671985352
158626948
948869798
832030824
667758593
389826349
801975968
929407519
866150727
458188274
734404135
213007511
599452382
888416877
344240874
332776907
950702925
464020221
338168033
598762536
786097236
476294774
989863063
302576476
181012912
888532640
132808882
524537762
436738962
282644433
309222202
200584838
981177162
127120212
752153207
907743791
686813386
733798614
491806283
413477091
456111257
823396441
345977507
268846990
542544277
466820872
447195910
443065608
603845823
165232516
631511777
744177058
297214392
183053831
279915973
178780864
980410018
507968674
708469561
395565789
368174237
690212516
170360472
923603889
873377563
889913718
278005105
641546259
312870483
367525102
326245445
315232470
155707078
226547651
296432909
542041516
970263886
597894832
241767640
536419038
843102631
225719938
485876867
914512293
278011394
454288120
354427569
562519853
481597386
831590173
850976073
850025960
830167991
449992467
466153076
842026989
997331738
417911646
142288454
124780050
812760155
274762898
225406374
165459345
407742781
385543832
665748501
608939290
700318821
476732024
173807346
519481085
783678697
519987422
481811941
769873254
619444683
284941383
584817480
758714704
714352253
774173414
234987596
666260298
774677298
887725930
833060610
668862314
990856556
161761201
255808766
688243391
218762179
739153083
671572923
177915514
975954517
695708080
563922680
192444527
901980432
995059692
281424576
137159403
754637327
863359962
870270262
594222835
146757941
680597529
922704192
845527720
506039167
478144452
853085274
740783595
190166446
815600204
230367032
955377346
870989096
196622405
910343567
745279692
702862397
367525215
458611867
176902397
915128431
920460275
835048142
829401197
865093965
832065537
172164203
162410838
537229889
527403262
652551838
950788727
995292055
813996472
435650668
727188024
116809586
969532632
782543392
170814372
714964376
860854956
587387868
371277614
162185832
283980478
781430321
520643517
393837819
138330798
434372311
585753565
956322583
250696286
146864627
328719181
831043323
405733763
398250322
539256326
461084590
514405039
463074224
989142318
557185456
534578595
508412513
439150762
881181429
134002334
503035203
831794357
740549796
887976104
797742127
555734039
287267691
884638455
800818301
715746318
121932892
770761514
767090441
329896824
629321343
708711506
408086104
103402317
885380857
634348133
279547810
927616584
624442020
973267800
845592749
749824627
824538908
938518133
142074995
627129055
461994653
764309475
890661418
953694330
369085403
595441584
264604628
136367228
339644400
370312454
416441841
880154884
999634895
124243982
164872461
940356983
980248981
816868732
240145298
433136921
692385827
289779934
238733063
365177923
213443488
798425401
993380993
458556183
782017434
604709686
775789938
634439332
741948156
687873581
794578745
815006522
178107471
882893317
117518774
752365686
393230884
475560262
269343324
880811190
978090168
534957875
660660914
746826156
990429268
895656208
320663237
133646312
796675720
498692951
539166685
869682609
412360277
592524378
612459095
142924050
639440440
635496941
193893176
468427176
262744178
226130184
282455877
768360249
202875592
154007198
719017930
395757221
900426551
747236805
176378834
326814720
600944287
591551661
964354250
234718752
688122665
303171228
705768575
475136405
820757039
936356960
668025338
230477535
202714344
284573390
164321008
435963720
751514940
105766181
349000159
884093217
674573016
803470819
365434913
183696543
288907386
823905030
921069817
859711319
344024242
363502482
743279619
973964436
709762275
399432607
348294830
829609547
121296399
557629666
590720862
468792637
100727293
424483584
591756840
293347095
744500907
520355418
109654746
795543685
542249790
360877463
458153496
729621527
614788940
613169953
171481233
628732248
124638298
414420703
853656013
846297840
680195229
369449969
427043298
299194067
328450971
922064660
265405928
205705267
717249385
257567575
470552859
220037754
220916877
710683879
661997823
622161640
623480985
798327938
611495037
525471372
144567166
408682909
360901928
521337926
304023040
988452426
988427974
411872940
430197954
954075968
140757935
847291193
617641621
207178066
198816027
517271653
581291955
663677418
672906931
487633991
883777327
190391707
256271181
577207898
334371799
228828616
676625253
553317636
576712733
339743779
848678964
564370829
237169533
441306245
110724835
721973857
717413123
606217815
838049607
943875779
547722372
749239943
423510373
967155908
875926161
448796558
154471937
372914844
783504467
808246927
819576573
293853110
923096498
167921686
452867031
160129938
448957139
375107882
535440073
856492725
387001259
890362888
602301878
563371445
416550674
589288023
400620596
336130513
818991195
438901534
345012361
916333407
853265018
474739109
452799660
803198092
363363555
978118151
126942281
982091396
998656638
952268171
296485361
990669580
892767254
990434901
676548502
310491750
673399711
504987995
408721725
786415428
259081750
262267923
613490847
261682273
417526174
373028753
686569130
409865926
389193377
876975348
610174128
434820157
100896295
956893806
890733696
501014659
468247887
800979122
347301786
902002172
215608286
801004916
974307157
942162593
418320341
883331853
457370546
789886787
100769036
597597403
714133760
351385428
610462998
224578915
964772296
940088483
867820284
486600553
453041476
417642811
665537783
991910814
503751719
847533714
160123739
656370327
388399644
338113595
784791212
854961079
860731031
210398009
587844806
295665854
705554851
749941029
338722660
984278205
985157849
632256188
833718863
304749642
129692269
887888024
466531856
376585157
337188547
467545178
509220554
953940602
900115038
894777320
571116654
677887855
114680419
502662118
324478344
901013853
975108973
425483508
839289141
820092689
666761818
410839967
762114610
567702056
287033043
136862919
879599677
521673595
529970619
854880285
569535651
833154475
210685523
770375392
366158873
712137173
734502391
550837858
606973899
618059584
230184790
708329430
638362451
700437711
598926508
445655637
467347416
710506109
690161068
876778708
141738938
932984800
354495057
558052715
155577320
771539996
900884599
846696545
340608461
224753183
808104383
677866795
577212092
463636259
652123960
988839847
750029485
371645105
824171343
721528571
664976938
893227786
335366529
845149124
655491185
807188051
649879746
452413153
526289457
348075532
646621527
732599506
985777767
745522855
380008454
480917607
600722868
286546757
499884632
485049493
669914609
123634992
207509776
672172583
871072161
940174175
608581527
429265148
275621394
482831345
858228727
754070485
181990072
905082520
971568744
695188974
403810763
924782882
117955175
745115920
778100727
974481474
926803399
231351083
279824177
568430240
233288515
724043304
134679788
459952166
328271731
677324865
616452484
159656470
417677651
733520304
580264639
616004201
927227636
564240715
610369729
539735002
491883600
932109279
723026179
960958441
441520775
675968252
493569153
256525450
882756098
359812815
762454496
409454408
942165430
772793450
844232970
132663577
512361112
996306580
724483651
773043827
118446472
358851399
667041364
598960972
706799140
169179140
192824472
488267530
527466347
443666104
867170952
993316751
601559272
220871011
623003882
921326877
650032375
367043991
992372705
213808335
365898047
401859357
666369374
574748907
517745934
282172601
915885968
888262548
307852517
317910699
600981240
387169030
758058649
363173610
854604237
977185158
660861537
308869289
118665206
945790757
491071952
768977582
894139357
716099623
944652380
221398569
806958547
856306372
702266789
330878872
630479037
443227701
523031463
261322741
986955362
746607826
976684857
335815247
452274081
540625242
206667477
188249570
916665857
753140482
982061856
567875369
966123872
476091699
933558259
133174473
939136238
586620200
501354826
589271302
450116578
358509589
182126929
347926923
852307637
148252376
634888157
154341049
724212840
619672568
971700061
697976490
773708134
237735155
292626405
670795534
710889659
597078582
256975622
887794423
774846462
540400514
840160379
231167895
198244118
708851313
288804888
323965653
857001867
836704336
319326819
313146150
968090265
953642601
463858626
175695086
279220451
254248281
924667295
810518320
993607618
465151626
175739403
735735195
750093864
596127827
916232118
185092652
188049166
550608244
648111463
313293681
792444477
854589233
502072804
656108027
800438683
980575016
683612284
204751646
417200904
439979142
858100696
229317146
448354682
647849840
711217357
972701949
482867682
520900894
251457788
680996853
314137069
964506787
594932180
511064794
114510659
735843333
504357301
463774853
896548401
366621089
543977184
722305608
245352228
330044568
236916826
637436197
296625148
540871553
294630557
227299672
852162136
576594711
592377322
737716341
604819816
254975669
478351625
568296211
644130758
585275232
660548446
483074104
483570909
718501926
372934323
695438356
453310487
481488027
972408200
261689271
332571032
818536538
844711369
682067298
927405367
556738691
157164439
463885311
356649305
181953332
335921585
769213805
969760454
500201743
609123924
806246183
833294355
267886253
898565772
962456685
395843202
153713633
812672839
836692971
426961667
610806657
945663443
943883073
873879736
571935565
632512961
954452441
535843954
161672999
699927826
703435282
227419321
663820142
965214187
504819815
657252283
976749870
751816586
288807057
562468010
786165974
763217054
673829157
132493416
674759844
817493194
641183680
117338228
327499148
724563906
477404705
239159110
839992571
226569064
194048343
350268547
638785178
717575487
446459150
167674007
424620806
977801128
873200028
311322169
845110272
627017851
333682155
446700844
802274301
463005237
566787025
888234396
579695837
878063684
695377532
477218511
971056929
476524586
568898055
899750735
401004827
104907711
273745043
189891556
944567895
860927855
738049440
860941155
269205718
679769826
177224364
200728323
262296038
324840397
296139000
168127229
832563189
705597332
727844384
963543311
218754341
994446402
943625340
181941974
771918122
498772675
192956460
459787699
113012018
327874915
149732163
165989344
790766587
765227447
641994076
260088846
788688434
576920357
181653223
505736467
314466207
929596332
316364273
805179289
862336920
705478621
671942182
538190950
944530423
635031807
991423918
170025089
952500804
168522624
532462633
453520201
386453419
569271171
562321470
629456784
251692230
612626976
672997399
566710452
674062696
870266460
992760256
212458326
971303822
301899217
942319932
822447702
531520450
813569647
545311308
169295606
179316591
980862649
287568780
101685750
173437817
924723219
166142015
119302363
880875260
194782112
855112475
143273245
500855129
400033800
699102503
201675127
940453888
423786768
819291993
572825831
670925994
790973730
251407989
646758450
994891220
265618703
213156599
416013618
288251826
160838490
128284515
894997958
540226446
185550450
104415389
745951170
233910739
762648784
700323212
802422039
425666695
147349946
143932616
122190235
807148092
426742481
532618061
406692015
872412094
965984712
662830382
472137101
703942909
320422651
154748796
785831472
725961034
370251716
312083454
394775771
715339704
981535750
485658137
389031932
721711804
249029674
646119925
766097867
775464475
432540461
380983151
233243879
545662198
281624934
934508544
446937829
372947084
768894097
491327550
545226133
979387707
222114884
351526153
933289796
570807099
526795390
288837187
278028868
977613949
230505422
236676528
230633219
506941378
353393859
877264749
415522857
970323518
416886056
531439950
833562489
131357658
511513695
342620778
860226471
114749537
574807660
288328115
467487773
478398062
398763978
667233844
526875794
827381701
174378258
914982251
671034913
855987041
793873360
898478319
314621752
562099224
942975981
128073637
766428264
728344657
154033393
565590081
643655533
167281143
177330903
869707855
338293319
941125903
872474482
915892599
997730278
406002366
521856278
516436131
559686394
372443686
519637434
161053738
467644921
448351414
113612521
863076293
465109074
718822066
308004885
930877860
653485348
429065535
367810440
372898415
746364986
469456995
387751752
524016480
517153155
147576896
824125280
142754308
768156407
478187787
891229914
245424644
189621267
657622837
102208396
616627058
700312892
862585199
795839838
808743922
817902923
485603182
481609208
702440777
475808051
567288523
191722801
767394600
737013940
187672412
609614987
942200738
553022189
770635841
906035839
603486902
964655048
331878642
525492226
303575306
848329028
939597870
471901704
777169237
758257195
650525538
173715763
378630823
618984674
668601647
912895663
514784570
812970376
302728526
259971967
955495736
228360399
720654531
894793485
253514385
835286983
809981974
766848831
230974185
126971523
131911228
979326880
213035863
821113059
580634012
749434803
566900286
540967733
859147527
830506216
254516646
406896994
294156259
635097074
125363023
945418811
255468837
602224618
216461735
521451265
550953639
191305173
487907650
208636207
743130030
563745075
769836059
777215956
742688379
632559624
346442550
129782165
934604560
392975810
792988588
171690901
745751396
296487256
396789655
497563425
482289650
178991690
123129889
107623552
490491990
959025467
770814752
717992380
768249604
504644481
580503672
297333936
693817395
200582594
181987200
408935615
466718486
527290354
796683576
691134621
551821544
101507116
731691499
442741231
782198943
124028254
759468433
391461731
735172258
709784307
285195543
611772864
826432464
462586028
890460632
329797476
197609290
185964594
463865584
128567207
509006127
437293226
273162739
391868597
417989632
738015721
610840025
687579374
670187608
455617953
261045686
445894347
129150318
948489811
484639937
175220082
941383614
522761846
732468350
351494179
462797425
437148221
311819440
670109434
924914979
267588606
191029108
704363007
610254746
453690624
910151159
737535603
892818590
150204356
393653809
115161610
440812244
246972232
508512907
463385805
602096020
100735408
620002358
479368793
321461530
576232426
596831282
890945536
274868103
241978278
601637013
432269011
183714085
323185829
568257966
375918432
796313401
605573448
393788555
594890488
185567804
788271656
848661011
336030714
562651975
280839988
678095471
531592450
463966237
181955779
624033272
132962665
991746587
422054912
645333558
466563686
348514853
313246170
605727347
219174798
276265031
127209797
145531098
396275248
825069361
894482640
794057410
182794762
249165875
851594179
352255773
114564302
567194267
140298006
564925060
494515552
268457590
529620655
295445643
383752475
795944129
623773596
803217414
236028188
378914413
211852201
167436776
471890305
609780598
558882192
231118364
891452115
503987745
603165450
577901340
522531813
434095117
249926097
757160202
283349043
748748913
783188148
408883512
527186066
476276962
200034218
227103752
702556887
376899374
198355196
824159326
197876964
974863353
918589339
892803340
608294896
894209734
906666471
349737789
446092461
178834407
916239626
676382916
384667002
301407063
711852730
965886115
578527354
421356880
708301618
591042226
563174328
748160038
337007799
667975721
686071094
377857305
260648171
668614645
240533530
434042685
711557492
707617121
201724420
394292047
217064410
477612527
839395339
653655328
807195550
542067994
566135899
894057433
860170427
882181435
669647179
991653527
437716626
991078012
259158857
840144131
762773495
903845065
141355345
374207079
397897296
539582055
461189800
655435519
581592072
932053909
306431093
746754615
913204954
500594310
421898942
883902769
405149698
463135937
249336835
317270306
821109773
196711789
279354793
355265106
692777525
699908194
468964453
190099855
540435078
477946396
975962404
316494425
730267109
431059331
491262095
631536600
172597652
683991954
462740421
418504692
747631984
734703381
752916520
689796159
657010996
150231456
571302831
273236309
133373818
642275437
193350245
553907566
279492549
114703960
724879550
153579473
803408969
938263236
128590418
353063791
600018288
395431395
597301380
605643367
312210754
851907696
994344134
912469641
227099277
114463677
851202236
302758940
573941443
704636513
378529222
571287153
950986674
479776872
452043330
997342421
206856079
415567433
705528622
506625931
975958473
171743551
296736362
806783693
813033461
162961971
245476227
870693429
474428750
162155768
914061663
982972737
996855550
858291577
292704161
754940669
429637016
808959309
203320712
495467632
853040275
151749643
251542780
814591882
596984213
749154345
711246640
593065703
885948772
723065252
387285544
678370961
694927075
599739474
514716102
618273678
580591160
866537331
183661458
509958269
696882978
899183048
201881400
989680388
491673762
811095945
388333044
676029054
969577490
221987047
211859204
358612165
500438704
246882606
823905037
931991955
667297992
119515281
778196980
114233541
948757079
621539888
154978723
771951613
490201548
522434150
206342308
742821608
413460575
199563771
258496708
820199030
406049592
500811005
491955140
357978199
476435756
997878607
711323884
260731033
433564765
995213827
884033081
456382084
719308752
731534163
346714988
134056589
668991584
320075482
981497515
852291821
906834848
891165171
694932350
438872279
546400399
456393700
376273199
965813824
322117227
996429463
823885561
728769710
390182576
431925809
769336422
672114545
228641963
686462244
841601560
801633064
929573308
291093174
756202404
509398329
718758993
464316065
299282397
962279711
403039229
479518050
773083591
225000640
147057614
311295312
214897232
843244343
987572153
252479648
572731782
855742410
389440263
234161182
919249123
688746002
597834449
344392279
340435726
447139132
498778144
998528526
141514614
517868069
116238174
703473961
141260335
757050569
985825392
504863260
923382997
527615519
470883567
220462081
459753598
578525859
128336490
190255401
178121820
654008111
297541527
988844032
413038447
109311873
102186466
806592188
412496633
477757243
973424686
793033633
617593777
182388713
532300327
973193393
313437941
372102183
143515836
570480648
679012558
790458708
215097527
905303333
550458691
343337777
890813777
241697926
942173810
311405555
275965674
862875762
939469590
478684213
966977149
577591920
895100413
585529296
825212439
586928815
858148250
973379178
202773824
490662305
357471359
781162654
796418196
635501585
263116282
386383993
266192037
806844457
550751375
287380991
868269553
329238516
661953744
944699144
459070842
441232771
513322062
495530792
405094274
236493109
604967799
983083808
853051355
766673486
353186785
671823873
885150864
205994030
197704169
677983669
779386288
672874825
490114347
543621633
413027673
955959368
217163841
639698381
259254054
617121377
573671125
500324389
103239028
746668362
187597067
445699465
675168352
738238610
517395423
617985516
897107016
763605891
139997965
715260183
869061243
487025943
810203425
711042270
698441694
271336347
763563024
812524326
925507594
103359771
336469756
799525573
758147625
112513784
525790562
344530769
292575078
788016047
367424049
943333804
963804243
182886296
441221339
637177628
601816353
748425156
613254273
983333687
983713091
143253661
485481363
227539751
420345499
342876414
919935813
212973798
430359225
790075304
130847939
186557700
753799894
331659608
789987587
631528477
777179271
556494841
827782956
176524937
949765121
826093160
386219835
210908122
296104681
433519154
557542068
251556905
992699553
668378755
531475091
177558314
252062422
462180471
167753047
486556882
466370905
994048740
179609487
371032402
566845833
952660754
106261118
641554710
660921208
128244524
319882872
686285879
400380446
157268177
571406091
996643379
410009767
758928999
325768131
493144691
174937280
213616966
986517721
893614325
619872507
933029430
904604938
972340470
788619132
649577051
692141705
255688598
958545337
892340628
701592288
271356514
126371218
588107772
620192306
279370508
289249541
166978258
826516478
911295928
145854030
328828216
445890024
198438839
983301349
942274765
517255450
192510968
544418452
995560497
211624910
729978730
701010425
861953691
410520254
179302044
977425904
635427425
899890626
374477034
307836504
573076463
250683192
861912161
345473837
517983617
659303149
808782005
691632654
906979734
842253713
200580273
494150068
370021478
638881956
389267117
279500809
547853400
124474755
510302924
344225113
783954556
839716930
980028344
840617348
832098641
330001551
755144094
657862170
815824866
662866220
460785578
830817270
449265298
522720460
869866360
348805366
854706602
909027354
998199584
850490953
456608861
553766703
824771377
752876543
801096755
324164425
985962224
949264761
222563663
887760426
473066833
625720504
971191515
355363364
976544620
463174950
311834880
822980519
663493734
904608349
113298538
198269376
848831442
770340546
807049553
837585896
611479281
464321814
633158374
513751931
795091667
799059958
970309886
863504187
678106386
346511156
244837458
353679300
598464315
835718963
324289776
571264659
859719036
961181706
850861114
811559985
794735018
925706956
259301161
168923839
362816020
660890799
339875378
857115839
147438390
637991481
215640671
597287034
581872852
144276704
667823948
289088192
991492257
552429288
841273994
915963108
174023029
899548643
800519036
846542178
637324371
608161229
345982376
170150588
399494228
731578412
589918212
890274812
541739580
155607149
496090350
287528351
328870875
137936850
852081207
440578545
326312547
388714724
274613232
624298334
586918714
243805951
673103542
819517535
723819780
462974631
824775261
393587270
641915377
210207454
153047211
968908506
266645817
482874970
140719034
122230516
783730040
265166295
651115366
646673514
648698989
667708377
694319072
897760717
896689230
736106513
299887115
670022583
654709691
590339535
398941879
154701497
631767640
343667018
730434664
168552335
356031937
177982926
367300548
834778571
100074288
581046177
282502856
292629091
793877512
595618039
443109494
535014831
562197221
924167027
648141560
668524011
182129691
254408214
523725311
922213250
921536667
556900545
122789542
894544855
862953366
442711991
434486211
911742549
472391005
110043389
742652480
875764472
564676838
788713309
483717722
904541863
560456273
444949482
254887020
642202129
663614129
701616047
458307146
804565148
963750450
207019859
887695639
432672458
546499218
372790147
381672643
829595680
846547416
485576084
978897323
977597705
705451273
851301035
322400862
837512633
623533215
194600183
645712780
990812013
285735593
414008578
788064276
993906553
257615462
930658092
204833372
392581224
962647107
353203562
528622142
241105925
790114173
291251612
127311571
553513280
476086230
420566548
957597649
866156774
699787711
724166621
868218578
452912462
558219193
555290819
585495209
231106209
887637033
494631690
749637187
785123608
551416162
517420276
601877276
667112334
726998924
781176381
940511548
826430726
789232658
403665673
809913624
596596330
974919275
484487238
395917520
322743718
116861277
668177958
388569922
306399517
549130855
944249316
517553518
544754794
472031571
726229152
262375356
790207382
880323620
122336038
718879287
784769560
289713438
544270562
501201033
375195464
967744874
236998734
964264738
516393974
987518248
452480786
623738845
971870153
223223366
482036613
131055372
727219831
190388523
276437586
552553104
611765379
710251064
886428993
178778873
978159194
135404760
769291751
842996857
277206111
892142926
416008974
221479470
519797009
744889769
663936633
135204099
123195275
551644871
265031429
110538271
558387056
946252333
703418714
199514221
508110985
461697133
911373352
926717481
157095260
322597399
392335571
558347349
526724642
972572341
202502723
598256604
977017668
564010653
220305842
533902360
418295587
841224254
927211128
488438268
170402852
515645167
503382628
352820475
156261890
971702357
195516949
191598772
451276181
189415234
923362034
982260934
366107166
212470614
908887704
761256053
664073875
292444357
675928573
261757000
220249975
710763168
536872828
460766087
818339559
893981585
374466742
933690851
832647216
140743056
530637597
824799120
712771378
597358261
158922006
914934425
393405204
857277367
371690389
977088099
140621587
153766477
561051202
261920019
929729560
490803614
206355050
568086399
423004461
106254040
839112004
913683584
591938526
298683256
711621823
438990726
455527730
855442189
311006820
803838373
272031848
479920579
258605049
355578359
928060849
640250248
360363476
679898801
666995917
707045532
696934701
187552942
629918730
372170231
635970822
657500674
215625776
995350100
642956185
240047198
206318335
269588634
799042518
879734801
335295515
751095290
946674458
969242943
469461035
581992281
320934749
545352510
492489628
915366213
987727856
147312071
736443991
446765935
551155293
713853970
622308370
428231453
819471983
460188181
716788066
716532029
204258662
673718538
641885389
518709860
139815989
979935035
531321530
901375275
327372371
427441209
168226001
909324053
946268061
752689639
921927494
658177828
261491559
585706270
103229382
449650262
711587011
905731650
488563739
234776192
938810088
297253511
520013024
287203001
368021293
693826080
222296162
589430600
370113149
744089304
826485991
946638643
877701973
138453227
499879776
231820879
184855554
588224293
667349198
574634968
420958906
908766668
513821650
738756427
578142579
529372468
665881153
100376145
842875378
222223836
468280418
345092472
661513715
144547825
319690645
900270757
605497531
285971196
631467386
170790955
329389587
939605953
673555625
662117082
426352219
363356047
700143128
142412425
394641192
632210002
604185009
391502572
341733017
164011016
667088825
873305699
232588683
447566526
475979651
255553682
155782873
716992045
868068669
215439851
546080335
390615159
913079658
785035002
762105241
367515011
741401444
985305166
989918329
675639315
484223376
281899224
781906547
124168508
536407967
512735413
969608548
145696035
298197624
835735627
470779768
704098900
922284878
497353457
764568611
413225322
492951728
501541762
494776627
942061305
651708856
989861977
617407123
706165487
822546110
877131695
438469581
626311418
564050656
509555275
693449869
355048151
722461826
450503677
242629528
443602560
946380200
822397210
147468242
364218680
581486018
139074954
398112527
748769124
701709227
911445993
550730366
770214410
428027552
711898738
593010646
465314058
947890255
137741046
752646798
586188554
900268897
204690696
932344703
237150704
389049499
755723567
207807960
925339868
256715985
900363682
690325826
996350264
518704469
425225778
220547585
770873564
285430751
313204067
238387141
551427546
489624604
976858910
769436081
389565402
669466653
716664510
320465081
847339114
241813267
445549478
805334136
159525810
210675817
230604939
133493122
104119217
387058655
107945269
274063851
159136799
600186563
326629402
912970956
596195549
172441751
286724525
638622824
804436403
149653008
989350909
318919221
765017885
959560124
936949841
533696155
803536532
620613306
879747428
816152659
302490405
997836375
743958896
496742512
785042098
500239953
388439788
367492033
779718977
862853764
279499336
621494443
684678194
206194798
909041315
901038224
823439268
383121718
484575408
693702606
845166039
118148956
879979789
578941628
778937918
228200404
299021320
198326869
521501367
626993811
599368195
139883403
712907680
363971293
267333819
679143172
904197790
153460046
751826845
424433236
299523610
717931639
298684690
594250098
978617390
527109671
980818666
389495353
201009780
279212488
134826603
474395150
118315950
490922613
305400788
491746105
761134705
235207713
776390044
584092995
986987392
918468408
248153221
147993877
922897522
787541762
541869023
476316134
898501850
629575163
726132596
500614267
912187234
305908866
386492983
366665555
657097411
324289255
936224812
893413209
438051915
420455133
565738046
264844111
439462646
606016804
810619292
795621225
445915671
273220693
101201214
369076747
554220830
907783565
735673575
812206166
754798367
629233994
533909955
249946728
292756903
701920143
151816801
552853657
834717133
332644926
167948652
726424018
323155094
337835241
790212269
898730034
533076912
673662456
606330471
188660504
493151232
736264928
494531176
396572153
726568152
494885036
619792178
320078200
736705209
606530333
819705695
294168508
513053533
485213467
187507955
267758476
298660708
300264006
871973877
125813009
342783159
704555894
855259130
522529159
434489433
301522973
296542116
233128967
639300466
857733654
425134116
618798465
850817719
809438054
850656902
534688825
683182752
839959455
262701060
305465308
634774452
841232378
575715772
626204871
348855724
804995436
458483394
666682149
666425106
951125502
546118975
553778101
829745146
291016458
620093903
741727723
637322327
439286367
912485555
229613489
417834502
733766380
359087587
991950280
751985562
510040505
737467387
155568477
515738011
634529735
684956449
211144428
458476941
222314461
869530688
835976083
684957146
882300130
332894838
224981960
742089586
140929725
856637383
644578465
783806465
361319389
982009054
375319561
672536243
819617893
469922887
459321620
751034831
643823127
311802587
125064675
913805497
352283998
312870434
751169660
644947123
268982455
959921392
978224524
402025502
588992899
865145887
662058611
101515945
109554456
364944276
765518948
612475264
543150313
552529852
327008834
512183396
516961181
623779214
196516034
936738653
279548895
264424542
712253992
976352236
768780247
577801321
748300328
937431729
653896982
253500835
119919443
853603081
600391645
842729714
109310882
631699120
728005883
934135107
648156076
175387104
801159264
214158273
465454685
408118654
863597993
524216002
874087612
401756186
159753488
933829482
139787578
216880736
391119942
388754100
999395367
821862333
447238696
703640672
991993276
559020724
494665888
139413908
403017244
453270603
643193014
126904392
750182551
121889993
477221942
898818791
378218726
718911687
110758082
757422468
256315996
946070411
566859090
340905830
231433066
745233487
341209103
378096268
624293008
562374072
631228527
327764266
446067091
383777862
519845041
934645280
244389349
296117388
615343996
374504631
632122913
594404531
900712863
229532158
283750472
952879559
940498235
456866307
904380147
117099326
790550385
474362042
982239659
937940940
390340449
296580632
942132026
345175593
223560598
814176949
832955688
986176384
526818988
999637891
259332036
989747435
834213745
162236857
521041512
553914830
826344637
703198075
197343557
208083668
198406128
342608952
791092743
110044042
731786608
680000295
540013634
473803381
217824041
689189758
114310196
755837010
704380550
306071207
588862770
522714504
736940715
872351937
141528936
340125122
863174446
685942381
138824578
660192930
328401180
532350984
884326582
614694175
580903175
159691044
925678240
327646471
298855850
416451460
932878658
220482206
721952821
412062143
592513517
779859943
450015543
295603190
963686741
428337831
619155937
689227003
311942261
797643007
214851622
553539157
725631615
192896368
580840589
172619188
109659479
434452109
116563016
481853875
570651985
263622272
803512196
299210475
348593042
730907072
210638082
305017924
313338905
692424792
995679329
510200145
511669265
112296217
685337266
351680946
930763183
838559393
651352885
480341065
536969547
241958882
920614926
312115049
787059496
942674892
154376927
826948210
619502098
905665415
489927779
660255879
395409260
926683311
438894600
756477651
112286989
520498286
811350694
286408045
632947969
258366642
266453848
326035340
295421229
926927685
315625930
506352128
452165645
816349987
666350141
392621189
430906894
961301741
271739904
486174543
118471688
334802571
426775042
342745783
497612524
534516757
564558924
451331364
318063584
961025474
408366843
187175239
407278473
353894372
904454228
936680456
587569792
529426909
166566893
253929687
850283470
187243995
358626554
691371094
745451935
524691669
467524348
702671357
926456417
770527964
341767672
577818971
736732883
365909626
228183008
273611745
969141219
566607322
473201756
633429575
310485782
732813716
815663032
801889965
736825624
785267024
839536989
366900817
358373844
206462176
819221593
770137510
554560409
923188098
494550492
135046391
984963174
960798644
751226674
780470005
349864942
481346518
114805356
154073102
669944710
470413425
880764900
977310356
329265231
160777715
330873586
269168290
148534493
428020245
389523084
612071206
386509078
181961545
440771569
697432625
377832091
832013092
405762823
526645858
383994468
889543634
674724560
995072789
967562888
676646650
903514099
244106790
622809161
544042754
598336618
869495991
125832205
405017065
984660111
755065288
188968435
588559860
661613156
141318897
513741014
464365815
622652124
346192731
379726321
331361261
861080227
834555283
247220254
464222321
768026763
533685768
537897261
657099797
643973527
305104385
138957417
314851597
546474487
266684373
349491238
416029265
953516393
177904041
985447060
572063132
283939449
750879158
823454387
956144176
162203711
191317534
938743487
351711984
894283180
915167388
473418043
378731579
263703769
290335545
347847774
869223738
515139153
565970477
350411650
162575438
481945590
628671089
319173103
937219584
570709590
734588729
507286203
233215635
103236606
386443432
172114516
130007444
788242517
608504615
914492026
258385658
248649833
383598835
998077325
438011109
686418382
456296211
117419253
108294568
522623679
602967870
488768633
688624715
901417929
468685072
944045801
120480919
379510950
865129999
832926344
475922691
645354878
294166858
694098494
250987748
245504167
976718520
400149918
686467027
277296725
231876982
474463608
595833127
399736697
634182785
268449502
431823026
688773965
587384081
955604743
924361726
940808334
316304871
163638258
150020205
469594518
452006308
965392659
188881002
709998956
499573886
904387172
283475674
560566176
211887671
823838590
428001827
967620974
573945301
181117207
457387463
322264607
396747721
504366038
125384989
920790985
642666258
595461349
201531338
263104019
368164580
886914974
474900775
450855777
457567766
898627456
800011103
849367123
496967443
327796126
510575752
291779944
579454228
740158237
765710550
210331793
207710036
683617353
898649130
461603632
332313815
934453700
116838386
560583562
225382403
194451091
909446603
367150145
656474690
840498833
752081427
723238722
253991966
154368842
474363225
967969576
747655999
334772609
364389753
842566540
492845779
145355844
682763225
408239047
597667088
456301241
866138676
433792794
340288811
902151607
179165912
584317592
977088356
641545943
412798871
285833742
839748148
879278761
684010408
716500946
473024026
664270121
543028898
919190610
501770811
708444747
342277858
883537839
627764059
305789470
545551911
392093816
293083636
814071235
642181180
506765272
537999543
203794399
670732699
893143705
560040729
764921379
886703950
617196305
910893470
481360386
893552689
343021681
900183272
882993349
893118960
551218234
307332589
580170265
731569870
162116344
230480916
887360017
570049234
282986845
765007568
601374043
386206962
922333259
766916705
369267037
187370805
662445066
113855367
354145653
901936673
632797458
142324429
446200279
140525230
998845841
599023584
710838394
129212403
799443357
666370977
660865136
239425063
325243075
185992905
613352701
958397443
696709098
414047999
184477508
360549377
907605396
538700230
224014366
354308418
778628545
358769375
543257846
133669591
912032905
355243077
817949662
888378187
652047055
375875364
164352135
463030594
365745111
121309331
552204860
967557994
297108943
632402291
839617865
582019288
986612235
709053494
951134068
208639464
249274329
772627875
730769809
584643576
402710912
741460460
641963598
217263225
104567288
343414729
420261631
839728484
210974875
235366798
908716990
270512968
479754105
804060949
492304064
766740070
860169381
208167926
221246195
406185716
861067619
835442027
841295032
340834776
959657751
448905446
781569855
826019241
445901839
618964745
159490616
993653994
366401680
934975455
745762876
205882938
988895336
590360191
865822322
512516415
504262262
975003615
882391600
211698902
399794754
843202139
731626860
578097393
519792901
157761860
484000064
512841690
768704152
120119315
872360445
371264494
211407281
444827477
391541981
414495452
564106849
925011510
160378764
326619102
925570029
910478410
645718302
359262235
861876574
958148467
786900850
997081681
450536282
462477597
344579409
733984954
455816585
866356193
201598820
379149916
476355944
849578815
884868162
807234340
285371768
668896080
276106869
849092027
986711193
569125209
858803139
611886276
380651196
439161582
818946273
321875522
596040326
693685861
751774182
607261338
117753272
111823109
879940549
103578741
329486490
106287187
208856072
548819736
716174479
569205479
119140794
498759269
882968328
799970909
289745024
815316863
757372648
347978818
758766644
477560100
721497200
987487660
526965323
792715450
345309530
375754436
248978025
845314296
604267121
511390151
729605698
910692546
370080650
179929639
158242769
766058539
417132446
501834545
147304978
513891258
692248190
649397603
512211496
268871524
667651757
941345196
190293515
315861478
575736077
407569021
855615484
624398649
701260347
140046162
595150805
303487119
497076045
744315358
736307195
535260491
705900654
856564633
898368992
643836239
958696468
245236774
679798815
854618796
160429164
942533513
743584681
223232268
883695208
492231687
822095410
982433316
869973898
967728186
814427009
520304604
522380023
501657742
931808964
211485820
112629131
802546694
422895856
777956113
356208145
708904692
447197290
875245576
887477214
723649096
791253556
469779165
964191574
463425909
473715963
365919010
465616319
156189945
293680625
145458541
806168336
262518700
942921416
180295499
253002142
183769563
947517527
756919426
995249650
550772640
357701019
496253888
927348159
784506289
373504654
911943574
378851222
896345652
724792320
520337803
409720893
204343983
164107376
839391219
162134667
206641369
188704601
550167261
519850650
914346365
611533608
583968539
968952556
100835520
835191049
743329786
121985765
526427596
639929520
558683181
804736366
908511314
451724296
751511744
550599343
628080826
332389909
606899463
364504197
396487267
419210476
302984928
305360939
814158667
161777164
569400791
165754908
312509769
901893539
423721471
289040452
121970927
775855570
627444150
969058740
121488547
565963364
643855877
409714033
371356896
194426828
566014178
443647949
871542562
830525611
539018720
765983559
316620086
148055051
266468037
417221786
709173306
637447672
261099078
260782967
481878044
573928392
973805236
958938815
195733914
722730561
217360607
202748082
711054395
300304845
347859874
571785437
131675988
549270639
275108659
281165399
992012301
682011942
265851796
864367578
577607125
201738750
203272049
141155079
306666955
977995468
911806745
541299796
725458989
234333191
357289652
114388706
604636487
713242183
976760315
408421552
757116448
324596077
450750352
540711107
786422150
714247835
573286529
892989825
984585084
722100088
266488265
793473780
292299948
987592878
963427156
782066519
276990323
938112714
913942784
420038678
167879431
279716256
246860362
785543202
615254417
101185686
975412153
418756127
355263044
678730355
379915627
391638902
247905408
721320317
640670572
344709550
821414211
650345273
328197768
319679461
582724325
211348973
244921066
504604951
214395878
841272981
830323739
609931864
531736023
735870055
258911315
489301634
470555153
277205286
420910983
179383652
227916326
812821128
701083113
352909004
445412314
396032326
445734873
893427673
661691359
784878928
512112464
514382301
221144465
953182846
570499335
191363946
730687995
753743055
967198884
538539785
994484347
285285914
237578359
923318622
531935082
117953349
805050584
858246793
556316604
418738392
986286815
761715621
212618702
476606361
128014079
374505637
791758902
869076543
420074304
495548903
924161628
676862523
559000008
734414043
668553131
584262904
641015524
797240185
321208701
723505898
506979433
680730943
386974684
949725927
703858204
265164253
768302426
728279777
386901388
140321338
404818951
297344560
529846826
610444831
662679609
108353662
533521394
843121521
293981086
126941467
525517906
967483209
158495637
738203648
286172020
570729278
552476653
787902942
685521655
326545433
207925085
720797788
409850668
395019137
671272545
817908346
610979355
479971309
563164295
124862200
852575993
757534186
213617010
508905433
628949224
122001521
388550185
969657201
702844381
191031584
274941522
893126244
305961469
506913183
225682115
241730474
573003512
597592992
383723926
617268170
544230120
653375497
530869604
727823844
754781709
904477408
939788201
722836871
895169743
953415217
239792743
215271910
217353371
811682913
814906022
699296591
314315752
289095371
807328394
859220791
530455792
618337672
569192894
355336881
124773691
352594206
724576991
914668272
419071511
303906623
998739115
408487519
951817256
547832005
366616942
490223417
957498237
602228743
183483776
691438368
582242312
497848708
640642906
857736560
581010930
242261996
672887624
513724960
521452194
422338604
845256425
530086227
379342564
279390421
755991082
793887110
284911966
154902142
613770532
624078608
808772531
477230716
495570023
108537383
509827758
510627737
512355508
905907558
298473582
472191234
892158019
853743008
569065278
402181293
725793037
608880179
827337197
974482338
121411419
588489706
337942592
355990003
940118325
900317012
962819645
885462778
647586540
944720248
436146314
492515016
135191599
228831986
747291035
298120806
724742907
115237145
451648350
474543733
643009215
633527353
358437630
277297612
159295249
605945166
358750167
670991162
563487206
168836694
187758991
321338918
708887413
136666405
107142276
494731365
726335918
192064778
478118005
140699245
681524784
355225002
315647395
956449269
633005150
159358789
966118540
497074471
105161566
813518204
861655234
777206545
952844795
207952580
445572187
929362623
329177310
984072029
637436243
766803089
916092718
670972925
982102230
434160608
246160520
653334550
154976852
977871388
490346095
165039278
177917920
295002060
629664692
495210138
484179649
786388103
800250496
828889162
135838786
509392991
292618619
139555849
130508517
952788423
109248734
247868844
164210094
995600366
910831297
245835152
469091801
183405248
979058609
288060685
190523738
158940108
632658920
215012991
633930646
535951146
461724216
444742459
640099083
328063505
418798096
711406131
464170975
876885616
648202967
408307977
136511533
191188515
666917383
599078386
165285592
992095222
663093872
959687554
535415703
583134623
664274985
375506676
942635130
732107968
164748733
794983043
370301956
396479889
621437175
325604257
526272414
177988529
333022795
417041683
570689172
126692605
836651271
408198987
619672430
366740034
621269477
292771828
992326356
374935710
635264524
116428049
630775721
231386371
830120277
646929602
680344412
888094825
627717540
166238277
583874974
558341058
877523062
396582942
670043298
448717631
847107497
646294492
157832958
684691659
497279110
655983966
362110580
873983155
757320430
953251944
389425451
518455034
213225737
658548298
755753600
571317739
259328283
316336131
204741057
850102226
820467614
404530036
231116686
635396341
864956502
109615338
951580586
313295683
470486972
678566959
825365598
414115141
901147792
991251919
422847363
127395501
523892022
829229929
934947926
511695311
564635158
464184920
778984796
711661751
541217575
980833502
101185953
917549352
886499242
639700041
432570720
351423908
176179405
473917157
831711483
584141771
539089252
583341868
594755200
433645690
285821858
823151758
636138489
338318953
140500902
154895979
795677298
389993704
388325843
575537099
668166815
983330076
578970134
687114868
823719449
850695993
865498879
364285744
511597766
650348498
653589728
930470814
400222635
923409111
485668677
543675442
778985370
948661112
573295378
158112259
309100512
890321856
188187305
499203601
295616184
570307612
406825030
251573000
802603342
503015244
902799467
872741230
220577782
467626154
165667948
775284775
230430408
729545737
192751179
463869027
384625774
800567920
489488276
162916503
820060921
451714647
678256515
537026250
287332147
283166901
723619599
490520739
901358897
285580298
559770409
713644109
662479634
241914367
220625610
296731021
565683633
517847966
202596720
885093387
159074766
399714843
533554036
121929017
142535354
273011196
402259687
779740972
290712196
884432996
789393022
248894885
656825298
673092998
668007699
530578785
545933251
625586492
986729942
365971135
145180326
848752164
224172009
401075361
519531834
544660086
478980509
742012226
751471420
652389692
834566476
882173403
265649799
842594898
362358527
507998068
327885761
308984535
847463084
285131701
626848437
328541337
805344002
609151666
548601898
151341264
662612719
388156050
342206990
872836536
283860825
385408077
564049463
413696317
885498486
632005002
251334899
435272833
490519068
588122942
205030173
918073522
571466124
784075456
987982623
803021766
279494805
855662973
404419820
609409646
782007206
764308770
426395880
980043518
156911363
101356485
817074982
767527302
157158483
973312656
190995479
504510680
878253318
104845017
799678164
755249352
151431223
321273926
141562222
705760815
179859551
752715865
853585737
731185132
436092802
175961786
400582902
325274861
495370558
513874970
836499571
244521659
539201688
149906442
475850028
445682821
582619258
908307878
277351663
546296377
347896779
581630616
503658932
595414717
127003371
426698742
932048458
293920297
237903585
554007827
101401402
570459742
799583963
726111525
539551285
141651986
201015493
234724328
193843689
809080150
467284532
734559478
922899716
184358523
418853993
784647942
335836940
368086698
563638633
832299265
401142962
575840125
909102821
937192988
425172542
648614139
473728773
326245905
112897645
499134075
254081170
515442902
790127579
616344786
395041998
196395997
326310432
321036319
926749673
392400802
601273715
322806948
744626130
679716151
887371378
462583854
815857138
490946943
880625322
619780186
103264012
805559509
886931769
443879029
513718787
895091567
656520099
247909747
468590813
210063906
581820356
748927555
724621933
748298829
948919690
455232002
837761664
623437815
660723115
293645862
685002521
849145694
650209868
229482960
639075890
512473865
962726613
629157864
491500501
531313037
998152067
911586112
695049230
754784622
488743113
796531411
179202798
792493383
676118621
433861841
935935916
102185316
265349745
535655951
886193481
942973917
334538874
456192271
901547952
817613654
446140239
500007375
336414805
455720817
126262437
379581109
614990197
869522828
761910195
598432696
962428276
546252951
212533185
196709650
416946602
975122299
207939203
590724016
927733172
195777137
773411549
283371642
145361018
784310644
652415263
975516303
590877171
510941103
516726415
207920264
614642336
714323139
487773859
518687209
928753958
158377948
866138248
984603128
919117001
271751274
586211900
491813702
817298933
475477232
982173507
227972605
564665109
185851595
884555177
777222368
898005722
810532536
294826589
868415325
533541357
123346151
815393733
873502780
490509190
555436465
306306634
869383397
859108569
891167892
119234532
837376254
430820628
518719497
562489422
300701443
766035953
426744035
121652707
799242410
914125720
888145862
781343584
881793672
367309691
116720275
980222829
519655195
392988461
476736965
538840964
817026498
415672246
862485267
176734520
160336459
237027959
520321428
353320716
642260354
321296492
215445927
396135723
186448508
699566717
549122314
301131258
646229653
297726063
609835386
715545233
471968492
651643717
270058069
172833069
726300590
286090940
397866987
678121368
833509987
383178696
583482526
636948101
329660746
782882790
211141343
818898276
224810295
390481285
544559635
560861360
236788831
202325975
749968665
102604132
951240641
296428719
451313516
522704507
253758826
262512811
951682289
915130340
113311804
249892630
633664222
165557399
208509522
712909493
269543307
995619005
N: 0782494929
