P: 779953844
230607
798074
134847
115560
732884
952633
937148
121020
737046
596954
940410
392796
812219
260792
762048
161129
652464
565629
413441
304255
195292
288640
131244
511927
279495
430034
105113
791321
740167
401991
315851
392162
293937
102638
615114
252462
142060
220886
490823
906700
844110
614573
284106
227577
277336
435587
706861
666701
963893
539304
788410
606328
953494
623268
624610
209812
159758
792866
818284
566758
268105
699405
417528
865427
685016
432484
570280
665328
773325
109490
337950
547778
533044
795381
759295
224428
264063
388330
392141
578776
688697
660817
648647
317505
673879
286559
173251
576859
623672
508009
663062
262837
483775
572013
586414
692304
554402
961116
302481
298474
719056
152581
654233
641909
693477
667106
190030
517585
292460
964766
566502
495002
786131
878025
201246
153276
554201
908712
981126
934607
434825
936630
597203
899198
458625
898917
953546
343515
972591
542515
453974
939965
609789
948482
921446
255636
705537
338274
972341
985662
495225
559640
518460
750724
496282
583063
266926
472549
898649
915729
968656
998613
664005
489253
498889
487428
490578
160306
123890
153089
787881
276003
549892
421331
932645
506069
821782
421178
121067
198407
927317
421345
367059
114091
417242
555216
319359
754623
359586
968937
933523
177421
686279
362881
557682
552536
440467
252531
104344
615242
549828
907728
459216
435242
433062
506224
552426
678665
858226
148941
669668
400174
553415
255927
410545
719045
101623
113671
887409
469138
118102
532287
311222
839520
350735
654046
651940
892181
877352
140245
240573
647512
573453
137399
797526
433408
945226
230831
407757
332483
256074
412176
186946
389687
509417
770426
640893
722247
145686
814813
301309
200758
503646
543299
531992
917320
107035
218704
702059
614717
648787
165833
834461
318741
288240
627305
780643
586426
648395
537311
528230
100844
520415
927403
491209
739565
672467
215951
348315
339913
620536
645134
738118
137675
N: 707687268
