P: 870902709
29310345
61604266
33757770
71571282
59995423
42492009
58603373
65550875
75834949
17308823
94908116
27325766
47254442
52379748
99857073
59096261
15744181
54489343
85681917
12275830
65059941
35939787
38689375
50507412
34708502
60091321
47105325
88391252
29363426
89490598
36467550
10111606
33705530
14165403
66799665
80414666
81862513
86935428
80925281
29900282
48779009
53404516
19739443
10192988
23450736
84392821
64314710
51486348
17237976
10067796
52840615
43675533
62660891
11824597
68475829
47318463
18469719
30847657
86614932
15797413
51366041
53307424
38413117
33156098
79275014
74538159
11874293
65871006
74838923
48472942
86304074
64325313
30653002
74206373
63734728
98303796
80934268
74835318
92188529
91970918
74940321
93324880
13255804
26902579
16808368
85480249
11922955
15968380
81946225
83247211
83853104
28323055
97173890
50434243
37807768
21852483
93634510
38148785
18060544
70214936
81571100
73200403
86466686
25166850
31587348
16565374
31813584
56320064
48772173
33260368
28485502
88052702
27553432
17538009
20124787
78235477
58948806
51577588
45641143
91718297
51667227
83256197
19214690
66560965
87778423
20560043
67551514
28821456
11956380
65076578
10836742
73283857
94851455
80836782
86609701
12589359
87742662
25347044
59881389
95279998
81857988
69988891
89043985
96032608
79869911
85081326
71916316
79979244
54969747
46445034
26732936
77425120
20037050
74557571
32560232
37481484
74329133
18269042
57702341
52734862
51645827
39876862
38327020
96679539
46439490
54062009
40197432
64620545
97767031
53621803
51361893
75621199
35645385
66886746
18203318
19495674
90321381
95069906
11345292
59475794
75602525
88793503
90084820
47520781
89349239
47433051
51551179
22111146
31370071
31697053
17036552
15096714
99278446
30417350
96927448
52948884
52039591
93660761
46571194
75342375
73411225
32730935
43713242
73844885
83519051
61614013
95309067
83474346
15728615
63999010
78874561
47906664
91243277
85250285
94203160
67038994
93315141
75806620
63046187
75301551
69049731
82681756
89766355
35427807
21377764
75525983
83026608
15651519
44039497
65511405
37633353
59835489
45673141
25231058
53434389
15237579
45156049
25955570
66046167
38667901
66287647
19747222
15010412
16068801
56923565
65027957
18103060
35834066
94972724
56597360
46392285
19502875
60728537
69391574
59021294
28848458
26410163
72034398
20056210
95582736
61863363
33827562
72642752
56757854
38830149
22146434
98476111
30215466
56554600
91041120
60192763
60218949
97331953
76135078
87295459
19532367
34539960
82317841
73728141
29584420
80518334
23659561
14294541
93105074
46981630
27339311
49376255
32248716
81210795
37334804
71356333
58163820
10608299
36242309
43250385
50084278
20495458
60407587
98275128
90965393
34151638
28155323
82506118
49283638
53322782
57929833
86682513
35379480
40132245
75021739
62833890
44980907
71292862
42824383
65089846
68102827
77272807
30450244
93141683
46695227
87667727
37115262
49394468
70384142
42666337
90356487
53947108
59201954
53487392
17881136
22110441
59292299
26462729
33049190
55235543
39708083
58803298
48256045
74103108
47130612
44691904
40481840
24776792
95989461
80498604
85072145
83007055
30063444
65323172
61688047
71518669
33359701
80054497
13971602
16565635
44290929
53120162
22138750
93433970
28863553
18240019
22980117
96609945
21206645
85033327
54235928
46750904
93609870
33951422
29279093
64562802
79392935
48268358
26371534
54836848
34238725
10489684
99958731
54303744
40815632
17690758
81075908
49623290
62847498
13976035
20108454
79805518
60111766
32055294
36592520
47089667
61324571
35644125
17676367
30546504
79146041
93178408
35891489
78733053
97545235
55976091
36960796
19475198
56727503
50814410
64948970
39568631
17974898
94609357
39094784
17043887
11165089
34305637
87252198
57390096
13802298
50796299
74023503
74439200
46657402
39724834
83902655
11823623
67244798
62425982
60320003
13809580
68883776
35232949
50405227
68434186
72177950
36783160
14571020
79717620
35025679
72977717
22203796
35230885
14787806
53405760
77525244
64544147
83133545
76584188
33025750
67114923
99078772
11100798
34665704
57373234
17068092
65851449
93670939
67119455
66113274
96818146
74821133
84402882
14039947
51122745
32487514
29612573
71167138
76468055
18305449
75743667
62094527
11157625
85170010
23340103
31279807
14441423
44160456
76815393
37985687
86851464
50478864
69763075
10539193
11272843
66843406
73898318
65287123
31946560
52039000
99738196
24741191
11674066
54368342
11062736
73996828
62484689
84004788
66731872
83653361
91641101
80357645
13625589
41595566
47059187
90376899
70468740
18732132
85964309
21418029
26623637
15048374
33196582
55500547
32648343
48175413
80787275
72469827
37083520
32205900
33237622
98547111
94305986
34037359
95129063
76464185
66397133
30527328
45740880
29244119
72157730
51078882
43036199
57947694
60990111
12459321
69647829
49560618
39724106
84863369
49234496
40271660
76332864
73605491
12654495
30088113
84585843
16563729
63658031
33418632
86924637
65956279
49575820
88840511
61419688
20103770
64044681
27108186
20973744
56241888
18858346
88386875
32912410
35775379
72042015
83832784
12475571
60528996
42301146
95361970
69974159
86104327
43503774
39288672
37883073
39689547
17596206
17470300
57853362
93957676
31637010
33461670
88008355
53077323
37836801
93859231
30687924
87785935
53736957
25113642
29936274
95629067
67805331
69381790
85340559
86454574
57157396
89246854
35493052
40586895
28365840
51835844
70095383
61311317
23108669
57505980
79504986
82160328
15316234
42493007
47264418
19197583
57533709
24422545
57322742
20693334
90031529
22323774
69581067
20243120
70750307
42614408
69276992
53921536
28576683
94520624
92930896
61424720
93950561
67347902
15955899
45664318
58582781
17858670
33128724
26784196
69779631
87864340
85722636
66359734
33567282
77529367
24262691
46495168
62603241
61906513
78604489
62375834
84109257
51414217
61392682
20782555
11697680
18269630
41518668
39548055
15693106
34926255
59557224
81082624
56281687
24800064
21137814
32099488
67722919
80699230
15656229
95623781
97283902
47325051
65885594
38162359
26987953
93664301
94374653
54323780
92121200
91709398
88707870
22768529
75865597
40291549
29385753
49499298
22040987
45534651
35271409
77542949
33812009
19963289
56728893
63993896
47654836
25356665
36991974
22351337
18691427
20295141
78058584
39908288
56036452
52866770
83164286
53231356
43650237
71329714
33722558
25941224
29317848
11304148
64640631
11614656
52217181
81773344
41131983
39192598
47157168
33196219
74605817
70776276
17741966
24272374
80051582
50004589
15855553
30575424
51981539
17906746
55628249
19927184
97694815
49598283
88707511
86935447
31610696
93592504
38756761
63915904
67729244
68453177
72606484
72241744
16137972
81515370
26040405
67151301
46150460
19494517
92385153
58105986
54854737
45533155
35304233
65520051
57808871
88909673
91869020
56637951
23563228
67715104
75436560
42301289
11418151
45611581
56935900
81659956
46686523
13731022
81165587
59357910
77276566
42686621
57251334
43570033
30396272
86635687
78358129
58800118
49812434
88482686
27071262
44594005
64398480
70282030
11534492
80829285
36512555
30040346
31346590
86703939
20169043
63509296
24017384
80659324
12183734
16733899
45442061
18459692
79539460
94520127
24906758
38393671
13973986
39635654
38442087
39344659
20867841
62908143
36386481
59606549
66649246
13152523
79565240
43210778
89595241
75430049
60760170
59926898
76360852
78262726
77880377
57318915
75179518
64348552
12354533
37834377
16885273
71224379
99031579
54389482
79978424
18085863
99536500
61264725
55331002
97092608
43124615
97189525
34940537
32458494
68067297
47961530
65305003
85917151
43770607
98192815
78976526
26627776
97946021
96335483
10019188
37644880
15367597
81059111
91558702
48054973
43402012
98677112
93814129
91462682
23497344
79664763
62201701
99556395
95820106
32496433
10609721
15601135
93156983
89845590
69074965
71808220
41265166
41050561
43101539
76060879
97075747
81265058
94612930
24628492
23335947
66860969
44275736
13067700
81424826
24637486
30925858
21479080
32449731
57147486
85319752
32245050
91469022
41388583
76442610
13886009
33067539
19892269
59342211
38347776
43497831
15596046
39393293
66394915
48751297
29805737
19303287
40261244
88288182
36242530
20745364
98936858
38166740
43057365
21627834
52251529
86312257
96539459
27698758
63607709
83826811
21738107
53944311
51744201
98931811
74870854
75893110
32988913
47372071
34827456
31314354
40008555
34210837
97224420
46604398
47580770
64271709
94779979
60268258
55001140
42395599
80373066
25354307
80867642
56639855
41728539
33924194
16307821
94709585
74686815
56005875
26605963
87820239
40155664
34564148
80077592
68879994
19297956
17194770
67706500
29216275
17869226
52677010
37093612
19453095
50507985
26001254
26688962
12255683
36660629
67582532
15055492
97281157
13474645
49847236
10738801
51905032
83021860
95222147
14050637
39927858
51587002
75161030
11591657
66275396
71859246
36316720
50552334
86194785
16095194
66994266
80948012
59718823
55732772
49604681
48704381
53690804
61266281
78325456
98363595
88090735
98838375
45988471
88818787
29968571
90414881
56517648
42544854
27860465
49887346
36646139
74431553
42454990
84690245
45462705
68967864
32374837
24970894
26054958
92521578
88951221
91406846
36761962
44680146
40446623
79260495
83325647
86244889
19899731
54062548
49973354
31340944
42133899
84002996
62749763
91409036
61346887
95164469
53671075
10587685
56237570
41296446
79240327
57722543
99560320
36758528
49364700
48898425
20002050
21521941
97437995
50334497
65383692
18664626
42189337
99417305
23311096
62761202
77711462
59783117
64354430
37195779
46108668
56491480
47541524
71488674
76996149
58835765
90222024
70156907
79089621
85088197
95391684
79687297
24387204
46533175
54185863
41426331
92503988
78719139
14331943
61686050
44330220
10664680
33488031
17080576
69947009
33261736
30987068
16275276
51841273
73027159
57668692
88515503
42785349
38997123
99648105
69453465
21706379
97432654
10053479
85342228
28372875
14879643
91329252
27814597
78965707
34634351
97432406
81027754
87510034
74384306
74417552
58464041
94915084
55540912
21630177
22069043
70308035
59208940
69687529
29236598
16666408
92960766
39743292
74134408
75168582
43017519
37296552
20371786
94592940
14277287
98170593
89624319
44280918
96254261
99462846
84093813
84140867
73406077
41555813
15841732
76404115
82224223
44530127
31690601
24082586
80300375
35116862
76467390
94761013
43893268
50769199
89733235
50856234
94969711
43676708
52124444
63373444
15618380
60492412
70615116
81962125
95167445
46677539
33034618
74776296
92988760
57796119
62853051
26017036
16726480
26353932
95943755
57404866
82022800
16936479
64954336
75563526
21235269
25393095
84529589
81975756
40431309
73332553
37840323
19002827
82490089
53464980
14518651
44820289
90811461
79105574
93741591
75376048
20812249
49650643
58102103
64998898
61960741
61871253
93872064
96810664
70697597
25450587
31974040
30390607
62643248
64405526
16329403
34545889
95112186
49495037
53636054
37859317
25800838
64763885
85406775
74078105
94796169
98404828
93524632
83185325
11531839
35482742
29012530
10215631
71267909
23363183
77316991
45283094
42024149
47118512
87725732
85824115
61566147
93241518
90883585
75162503
66538646
31456343
59628935
92622875
66746725
47713359
45411294
25980261
11167244
56366174
27050911
97214698
58557771
42453011
35411029
50245933
18360875
52125764
17503617
47626824
92862418
80646422
72237437
78296039
99336185
52204066
61518615
20363078
95508691
21812201
22243038
34280386
84827747
15524633
90875475
32358910
66046825
21513921
45247641
71622949
10457912
66340906
68283113
96806319
34065500
23873934
60919763
72903973
20527524
24500513
18806326
75732251
37570077
16521441
14687740
61462001
12695339
53273557
32492421
27864852
66394823
94197880
76874332
95522090
58031392
16796707
76390180
87363232
54900036
10387182
89039747
11970011
54042203
37761119
12251715
88264773
47068068
98674685
12220829
96247470
12262223
55496141
61515662
17116329
42981054
71079058
99916305
69044563
55834295
91755769
86971899
35763082
66495684
76871551
23847223
95069989
18382195
93726383
40502200
58833845
29370466
77572808
80244249
27965887
38580476
63101864
86287475
45325242
94551407
87380262
70420587
23541762
63407868
67482861
64867746
31559324
57564636
36482984
69684800
20992918
88762927
31112861
95944996
63950010
62776246
98829836
38179942
72391323
26889945
53677678
85273421
12553430
67910342
89777352
64879146
21109540
54455803
91528939
74114354
53101031
64819897
44996315
67746088
72464426
16547178
30724488
59699428
75908571
91655831
11312755
93252315
38574184
97105223
39907380
39804090
24890365
75394595
41718738
63427801
13641691
78075626
75986403
30244914
31785085
33976844
40071898
43720619
76769315
12130190
89750829
60913835
16140826
70351419
37373955
95429918
16312626
10125170
67291479
15259869
93180249
72020886
13946251
43774271
64786133
11903814
16058253
85391006
61171306
90248364
74212103
25985159
65305374
45101358
89303333
23702776
44999394
11119587
58729585
31818760
74905244
75974579
19590090
29644054
75024514
25629255
20301525
59196865
41298216
32426314
51294355
71628423
53521623
54355093
60467521
23865324
12576220
13264929
35733799
22183916
26201017
39100412
10739271
41908824
70205550
45405267
13826169
55607117
35687922
20112913
97346702
72631729
82705269
10647164
43952727
78734409
21243715
16777797
68092552
19158391
47193752
75724423
33851614
39436077
55724056
63905816
11144990
76778617
94683402
31255369
65770886
48807825
35194809
66343091
70081392
38590419
83655745
38320514
75073756
55630276
77122154
32130193
19111711
53162834
39579998
77340483
95545642
90966624
46527919
24460047
46963915
91170289
53830236
80993557
23479413
57167460
43688768
75433834
20562465
70135417
43075455
70626763
52798256
70494588
11124947
76667290
34949359
73742875
79801771
23796772
39971341
44956068
37714859
69973296
67803900
79715825
67223240
62963035
84582825
96483172
85884502
24073763
25756309
53533265
14757696
88917983
61570127
80590837
18100858
53689183
65984236
77942690
19331192
17693033
52493512
39547694
27251248
59379329
81815256
93273662
88850648
13291985
54574870
21659458
83604551
26637083
89816408
63087233
77733065
56367777
28226885
76703515
59279601
84434155
90431320
84359317
63793966
77354466
56306110
54399982
19455280
34642072
92179355
59626812
72748360
59870510
91956978
86353866
21519227
50926929
87285180
95800992
15311057
84727319
72843732
99107675
16209897
46017217
61413486
97677512
35022484
73398488
84629016
38760717
48353224
84717194
69514492
55710021
53345597
79123259
59033302
81257388
57002270
29113243
88466582
32642426
89971400
83864808
31681564
18237194
68558589
74813441
93680266
73963869
13587843
82235845
54315781
19484561
93215427
96296084
26633092
37564357
57506771
45155913
30871904
20590916
18041507
22820586
11974302
70664562
97885416
59213232
12137105
62122637
57565094
85259279
95596681
92593008
13143348
89395422
29613889
49301858
12443980
89985312
24616074
53092434
61392742
80779106
84092799
69877511
87635333
36367272
68746272
31195523
60856163
61135788
41567147
78847646
38135679
34536845
12197129
77207817
71174958
52828329
59169778
78145942
20433178
14543190
89445278
72657574
70400511
73350057
98518419
61500465
31516135
98364109
97447315
87083111
71610020
17024929
95461207
60858639
46243543
28795657
15028358
97363102
98602585
54725706
15757095
91671662
29868417
68046096
85343400
23180132
64927682
29545232
53915224
97642979
56564866
10341681
56515128
49167178
62051020
85711245
22514185
90616454
13124305
64928227
14871128
77535456
86723935
26125617
66968931
23995856
37589275
52190529
66645455
54863100
94593052
26476235
31311490
96082339
89232309
76043689
26392496
95454304
52346576
68650600
33007321
20833966
66383974
26524637
28723162
21913902
79828886
27838916
18104094
21715527
34390395
53745923
28720730
32422207
88439862
46276776
76843012
84214505
12602211
98770771
53059741
16342671
82582570
88232104
58642830
88960928
88607899
67816178
20082784
69591039
73138203
65155094
93100555
85548285
32773027
74888262
67812028
21572679
51543288
67525230
88746998
72221934
92984681
50404630
89801169
10048651
35332469
78914068
89712081
62786241
26671147
84681649
82582780
64374413
92697218
46081430
37444752
92963492
60053751
52119260
51139666
12002150
20379078
87286037
53079468
78022474
63954648
65557451
93064505
26526055
92184936
67282440
52663273
69271003
92917988
62163783
55539366
77557769
54814098
29716018
45645943
24930393
62102100
69540818
32721868
48067987
41944886
41593186
17537432
53674554
85309433
70879071
41843829
88616800
30434008
60539412
50690650
65275522
43665025
32644937
12574034
80117929
79310535
96021736
29740886
95981248
74977547
97090083
41601981
58434676
23726834
54831313
22054285
47828745
12730325
22594802
71536485
96266123
78230693
70276464
42598805
29223316
71630533
59522259
37060443
75877394
24620923
39077425
28116886
44796717
30275444
55416649
53186411
43763497
85030794
44300684
60923247
77796480
38065765
97477250
10796817
45649558
90694822
92469298
13350435
68030339
84212290
92276334
96553102
77028715
90294541
80375822
94533032
44693562
93493977
34140463
97932050
38464239
40118882
88054289
33245980
70484837
24811814
17620710
68869596
52523075
60657516
89595699
20716337
94792064
52008359
26131358
47428884
96075263
40205784
43338208
63388544
41284932
19235208
57136044
85692800
22858663
68118436
30752464
61123162
69473009
42397485
83750910
13916307
24404521
10830936
45957317
48771590
96194674
29024741
39823061
97287158
36283760
87093746
78970077
54960187
46276788
35857641
33984321
45214315
16064722
74155074
86152592
59969759
50946919
84163113
39553007
97443058
75304917
81268092
65897136
41178859
81442122
N: 825421904
 