P: 447513478
838965
134037
828049
486588
421615
750213
396425
759330
602796
765308
496669
804925
996221
458280
286379
814163
808995
490353
756471
511074
468160
698996
170448
497025
305521
358934
194317
255140
370281
101867
462311
769993
183951
935200
350617
836052
862981
253318
438119
338181
570016
924186
558748
956132
747023
563361
160677
677760
592478
566539
104762
695201
941532
466567
237498
882644
138361
385719
343466
384639
716705
454079
316884
198209
890482
552609
365551
395553
643031
817983
948684
861023
841483
660973
492393
381168
840669
325002
277422
904930
893085
469896
915045
218648
839655
462796
471062
188780
688227
123649
497689
961446
828379
739851
661052
193032
912336
567714
271327
793039
586105
441651
597245
939540
248245
469442
588722
454669
397330
362524
578327
744684
515964
367470
652261
667873
566570
320815
248312
623887
473597
228217
232921
137300
872838
498191
445282
657963
108887
342945
605002
603885
416346
110186
552846
486198
811478
179016
571089
156410
764922
200600
640909
865571
387864
980438
645089
625048
542338
276223
448826
439194
128921
539029
217318
230491
811921
644975
268841
791961
777717
578853
186703
273315
596646
518657
699708
353451
717916
716208
387341
452151
592296
572652
985987
777435
873716
588981
434210
494554
272927
421250
187077
889559
762411
946628
786686
790302
185075
924346
130497
180860
247742
313826
776658
527206
920321
583356
740001
126903
149098
863874
152750
648069
148644
460638
957602
501152
359839
950568
458491
757116
998549
147892
676150
977642
716530
905916
349805
367043
743647
588117
510959
252720
436161
482635
116089
249289
897945
909668
216815
316604
551360
965112
915031
622115
478412
236953
369039
966461
367296
640567
434623
268378
272661
286262
753049
217300
962930
762923
603489
265638
231877
587878
448406
338796
105725
N: 0966174068
