P: 801666942
831602
408552
441723
621673
505744
234113
632315
372643
964821
990201
153983
239236
562925
547699
643592
742822
696377
424022
899948
671947
773879
567547
702274
310841
344407
600670
830336
383687
935145
942136
676425
676909
827447
264857
596323
924299
216260
828125
568590
976803
343292
852092
143372
688022
465760
274982
910028
689692
834107
307550
409064
911249
882914
436835
991791
394409
138070
501403
996378
507214
869716
140677
733444
831900
132336
549187
669569
232965
869756
699328
111522
722948
870990
202734
163590
337028
182305
429932
600584
575208
796396
876954
181615
219008
702992
166051
320814
308970
694737
573972
152633
940125
111915
281364
860601
862023
149187
287699
948488
813332
208319
710801
771432
803124
952252
834379
999450
574247
176115
292429
686205
825273
953360
725633
165494
863874
390943
681772
937156
930874
650609
491728
742529
726456
899793
353029
472113
844114
647019
943894
337889
353147
909850
205530
554654
929622
963925
606298
777735
942697
359821
697953
825911
426098
540247
778136
287905
248760
271427
338661
988655
468854
142845
990449
688913
144765
799842
350241
688627
159564
640309
243583
361817
928211
845902
922521
418443
711296
790447
471195
658131
895023
666292
137761
690333
737721
278721
842175
283450
908065
609521
687511
914248
348246
412740
265500
594677
103801
443661
775577
865206
524474
108376
647287
909781
912989
662154
600699
972202
890681
484761
393584
161984
121618
317337
637094
240757
542322
323668
737996
421185
951526
165461
406358
317752
290876
361950
644524
337924
148106
288602
821878
272146
282181
988682
326517
879194
969123
757849
504579
729576
751478
295392
581056
719752
403476
449711
890318
480489
990085
909572
547182
737161
464877
841999
260694
740106
749336
302060
658646
556781
123622
110825
804030
689328
732866
845075
462248
943269
760422
747639
947876
403082
818609
848707
634804
753319
902214
936492
934926
910104
963147
857150
778896
734594
751631
524046
759895
450568
629834
829344
423318
321107
731275
586647
129264
385742
434644
N: 387791000
