P: 782364163
67753197
51090856
66633838
38956615
86980615
68172701
73941201
13781638
76755921
13870219
81417398
76499541
93518985
59183003
22197574
90062041
96703461
53821564
54339981
15085589
38180459
61097315
93112466
28434673
44407074
17289388
64005347
29644298
38654213
91878593
22095001
13591070
63417428
47366024
25502560
99756140
86200653
11440147
66003004
12827261
42307736
32841483
77677114
24539999
30096809
14779015
54948735
78991116
27084260
64621841
99396895
12467981
40411906
34826816
12411805
26423934
58918164
64985011
62666912
48668265
70771084
23969885
91197520
50819518
25897674
69449505
19677886
26444329
64953731
85060534
95768480
94525795
59503564
35367247
19722999
85343270
87643706
89506763
46128460
40602471
17643683
62041161
43495899
60047781
59438121
98682938
63574638
29721930
21400605
92867521
57849164
80670834
64151100
31673559
88619895
78473041
63167553
33664516
66840018
96984027
45085068
99723766
90080785
17511664
29741480
88964625
99332029
73154208
14300675
10426896
97921059
75110898
93570896
90650925
56226506
89394712
20415915
39193382
41020491
34515708
34916153
92894291
63633884
64011781
35862011
55151089
44589292
11997275
53399005
67867308
86232414
43930433
61156610
11314550
26499831
95674086
72456062
35999210
99134019
64070710
83581055
19812513
96027671
95775116
73393919
85133489
81542967
28116246
94834661
57292197
72390463
43297752
28317808
17669810
78603462
90747849
35610399
48674716
83668459
43997786
17739403
67930755
87406875
17867111
54720665
78744779
62621911
94953518
64081398
66993805
18871730
96903604
79538214
53489424
47474732
90160952
45038177
35882537
80945862
31550256
81281353
12069068
83190106
40949988
97526648
44622726
59018038
77369814
18853633
14500379
82942390
32605562
43853524
22102820
47666293
37056131
63857302
80632217
36029723
68422232
83720696
33842353
52482348
11125836
36516924
21427837
82202500
98468482
88841611
60285664
57401935
51056110
13747882
70893791
26473644
95963137
44768959
36462211
31328666
89871647
12706390
50508847
46611737
22002906
22413262
35794338
47920387
66187863
77363165
26140220
57703015
10388913
11557702
77867043
93720318
67568983
41893048
72029023
43528065
52854135
30509611
47428840
98671403
90410287
75819233
79704903
10597157
23992852
96954095
14188520
14662954
37753024
86195426
73707578
13802893
34836065
23555048
46034626
87505064
94775519
31187527
33260438
54483691
37445210
19728156
13249949
17507190
29308151
11881323
69312828
20145361
46556965
22595127
49164750
20631315
92024173
87766119
56234828
41428113
17870298
35656797
93945023
70810401
10135077
69143939
36822434
30540501
30078790
24734624
52527949
32134135
52681208
41382630
61543488
56001649
14292441
36767476
53013626
11753198
15962452
91627808
88886488
14561947
99942829
28533628
42799220
40485079
20227988
56848754
46718405
44225468
13039989
20060950
68255941
44285861
79179354
40422168
52830412
84585459
76427047
56112325
78926018
81574553
88622961
75667563
51346774
79019231
93412475
35674242
88064917
52015816
36661688
12243248
79828061
60654861
82509339
11365005
21482279
44243196
59565485
85439151
96708246
43609082
32438118
83954382
32948672
33335207
36071236
79035591
16413258
89045531
78079436
23550549
67715748
89186429
26442037
57217690
51066849
88267612
26111237
78142058
44941520
63832618
28320349
46784451
97131653
75802079
61860332
22270312
73139004
25813140
97677080
32962380
48080146
29414216
36976918
91364322
49697892
93278943
93888340
47839259
89366168
99275952
42612000
44647787
60654847
11391730
24767546
28876176
31070664
75239532
84594772
35658451
62302822
42040404
88443809
86109341
35713093
66417241
11387412
43433828
55793868
69333797
91522427
20116707
19479209
27040185
75862694
23289534
78446923
29269088
30498997
10209804
23271767
86878035
88567363
24064629
85372287
71483097
57997136
50460173
45229903
63327067
57751376
19430408
37209110
17189754
91017962
96364649
95864344
49942599
58508056
14422378
55305948
92682719
38038293
17526274
73155419
71731423
39347188
58028234
33634534
77059773
82513333
32548805
30823437
37077205
78470979
74755620
95941544
81689769
87114335
28846769
12452078
98276012
74020123
31187908
78642137
24218473
98966986
65830358
49126940
54815604
26981624
80522377
90332308
71428749
34467637
92948206
21096460
37225617
60729323
62031606
60416299
74279904
17790294
85843124
99965912
74227679
73230157
60127791
20974726
54256065
98706768
60319997
89238621
41291524
79182182
67850167
43698074
96279241
13019471
69362160
48457773
48544031
60772865
51220676
69471534
96594467
24563304
18934312
80304334
95469985
80037668
74105219
97335989
61494720
47984648
21198786
79671995
73363608
48500253
17900613
14639399
58527659
33103834
20709571
80294477
71797301
58847418
32850360
24939267
56781860
94504690
82925939
78884631
87352893
59424681
55149161
61032707
94350245
33580552
89266327
70167368
66089645
92113445
83267740
92646834
45526587
23008225
88802248
63911170
11669422
18293900
92516903
74001119
28010088
75484064
63928064
54957098
21267101
38579757
50865002
50846532
74210840
28773497
91012287
45704329
77215541
89097942
65736891
22660985
23216427
80170863
58744148
33831223
19024231
11610928
70975420
21932077
12308784
11772360
29646409
95559096
94904711
33734279
84257226
97995570
24227405
89404772
21554366
16251256
16749873
33164737
79411615
84389618
39684791
76032676
73458979
19209508
37704642
85141020
11833146
22853929
14918852
52031141
50365628
14263689
25781539
15762667
13987430
52826255
25735420
49381253
53432093
85774055
61564605
39238586
69559268
61490452
72263025
92668725
96402933
30310452
63400102
96835669
62658536
12174642
57515740
71678670
92283598
90433677
75686735
87341822
11127507
91387001
77386473
81373021
37991385
97232164
29365315
98180582
67460830
47244782
68156308
47279167
32337657
47617466
81802115
97299004
51444083
95802982
15382389
16753955
53952221
53403607
54178709
90385422
35967276
57984444
63242617
39258268
59003200
75698716
58867703
35596840
58388611
96851206
28001265
76377011
37216629
74802910
66575320
60173764
57679181
35937611
92488863
14919860
74986857
26792561
45510039
91244420
96913247
60655645
41856340
81455283
60616952
28961001
19028241
66759604
54455533
14420811
24726918
80093480
33303719
11702931
15818985
90762684
82631681
49790019
53742694
87655482
78920162
61682380
28343066
82612368
91501997
40008802
81129344
26632717
30966142
78666730
89770516
39874278
13967446
64772356
47748918
40351754
91145363
86707192
86506265
37084497
22387890
18161812
17749077
34247205
13573235
25168653
25374590
51503133
70844258
65915217
48000016
17132242
54010445
96311914
43376033
58899080
93233508
19808185
71369638
58195704
82884968
96331802
65184315
47351404
52375586
35808959
79611792
28504795
88435223
65096621
23210566
93893157
78520067
50058205
45579409
89225289
77804204
48110541
28138446
64202539
30239048
68661808
24829849
72453511
68239120
83766748
47615302
69257439
47325336
23083182
47997331
95495060
29676838
44333082
69431871
30988004
51675985
11106758
90738843
23888834
28505105
75485952
94931391
61885773
25290474
98902568
64082857
69789948
98113726
30085512
70732721
10892933
47286555
43211901
61858682
11627715
24425057
63321621
39433197
73370549
92218119
27997883
35924844
53759052
23477059
55843822
44748634
47348760
31637098
87532112
54183480
71283695
60726323
37338966
80263527
69642643
20680449
32283108
51500758
39084301
64500539
59771487
13236016
24339222
42038614
48025563
86906275
38784244
89385752
96899832
36188517
60270254
10144635
55137358
49129328
60451317
83821518
59873635
45644663
55260674
30706137
76306410
41951994
85127852
18363030
93048691
88194830
46422519
72780022
66713474
30218767
13922046
65608967
98783118
11350243
63953421
77190590
45636061
53419970
59147021
97227562
10349578
23130528
42753739
78008241
66826929
36962777
66085762
37962368
79430933
37903529
22943975
30769343
63047018
94828797
50470762
21706011
19822261
11945047
48572413
43323590
54823262
67422067
80734596
51940800
83316683
85388820
12124758
53227476
38556959
73666602
57706829
68822613
56499599
73341190
95540373
31220442
30808452
16589413
48959603
37619254
85204455
54357668
74863627
91822908
55579867
49467747
46411114
67636479
67759320
60859077
11808707
10302032
28581805
35752539
30870652
10786705
66411336
75053062
12802060
19988866
37782630
14397641
64786166
35069399
42154757
13175501
21332203
31632050
89398466
58914584
57944156
16363762
20408864
62284621
96945534
13760033
50852994
14738090
28427698
18079750
29399879
43939738
86521523
18114720
86466013
61694782
44811559
42663964
82682852
79112079
54776310
88411670
68434064
20304068
52184551
30655545
38792200
67600091
78258809
74091578
48763972
14111582
27266757
34654992
79165220
19993118
91392591
53572032
68262944
87669641
35550491
48021902
32159595
26015084
64967751
72891756
22101683
94957541
17211225
74309930
50126971
48134473
12353622
37332750
18153541
69602345
68134605
62980078
81856087
56139749
45374563
41277763
22789356
42096686
18694531
49701716
64282118
17221562
63782691
74215046
52741107
76201315
67127031
88263438
24836181
20039738
39292201
76924660
63803457
86122193
26183025
86704045
19018534
51484916
50054606
20060850
63101674
96536785
60909644
11545911
48745629
93535139
64808032
42025657
61116970
69898615
14133449
95692112
10804526
29549910
58545413
16608934
46061109
98540776
27054580
78230034
45400456
90202064
21082033
15995346
45544603
99792664
58676572
58808562
59268393
85577757
35358564
39136826
14317448
51413397
94663939
36968215
47497638
33269545
54428156
34429444
66820068
39278256
82463154
36994271
95326919
87376908
86348091
81315680
25658979
15447681
14110228
69291064
24873916
43035213
13285598
83728389
28771786
60802976
29592980
51280043
12181996
31809710
99503777
91644270
17003726
28383594
88130395
11799314
61190591
57051018
98541149
84657758
64827399
68736425
92011826
26674326
45767566
90902746
25626483
87651451
44814558
52174623
61069545
43077441
80138159
55220856
82821794
77504123
21196804
19287341
18607946
51673768
38245488
60599599
49591413
18352629
20698073
75827462
52111474
19603516
73923473
22822261
92093654
27604799
36700781
38756890
33542356
82975482
77144444
93113810
78115305
35051249
26909552
12000435
62946823
67707390
73818492
87295316
79250994
15503495
96868205
63019831
21596969
77907615
63708268
18758066
89883681
88459087
79080752
60729132
22309512
69541984
N: 26082283
  