P: 890961975
336579
880553
942265
435185
308911
454225
982459
324286
535926
940318
802169
809195
982517
893828
872773
585430
607828
207199
925257
961801
165271
697488
733862
945970
354191
291207
445393
993301
316864
927156
683322
980266
380789
557742
446072
130600
125863
904620
610500
881831
638353
139372
362493
581655
889196
392078
468701
920352
534791
111676
361697
922910
281685
532049
936675
662407
475775
646420
798434
690946
259478
880751
838176
479652
212433
345695
686322
827485
800674
725587
264573
103216
835401
988655
589480
570929
632931
470655
233239
805107
468743
655102
287664
475287
818360
485809
433464
155197
250447
634185
963585
256041
249688
509667
718163
420156
685380
659319
127223
519405
720112
195288
560143
678148
556784
321487
994918
808245
581892
971502
281784
195522
242678
386066
762625
853585
775708
748869
339817
942309
436691
402741
250586
326579
839470
271448
629008
120365
698942
571204
642337
579982
381359
148235
878745
428742
297998
739606
677876
718595
310555
732061
661099
772345
151819
224505
386216
504162
897197
447215
204593
108463
208913
163295
123447
913737
247635
504727
848444
269494
539178
798617
259572
645392
618899
358976
110209
319006
495564
927739
596562
430895
318447
386044
885161
530050
135389
116491
650742
134065
287104
517783
715024
423039
890717
112015
393297
501510
742762
984592
419723
556950
155107
818329
442895
150035
980850
751679
171821
810567
591938
464131
198613
294876
329762
993822
741396
658379
325930
155112
828290
154164
433943
646969
470151
479164
268407
645124
983998
391310
799332
978445
555178
633095
338557
603192
250534
136546
250457
929300
329278
425630
683319
575665
255904
518448
263680
794175
164110
379040
508737
612167
796324
541961
573285
868097
162733
727641
391680
404272
714977
321504
161738
297123
904245
437738
620353
690629
349807
280790
466611
419092
268089
478085
236252
214156
847917
N: 0498894616
