P: 357639901
3580179
3255548
6052244
7677246
9510129
7447689
1568597
5476571
3713626
9685609
9164889
5176170
6407708
7636605
5668459
6363149
8944357
3487537
9808237
2334485
8517522
3230564
7675010
3189517
9247060
4385373
8368634
6756307
2693900
3323411
5182709
2457144
9597558
7629101
4950493
9690940
4892679
1336139
8901324
3561673
9321902
3043497
3256950
5295112
3006648
3998023
4582719
8421175
8800759
5218059
9774242
2550559
3157176
9073632
6393518
4901008
3258164
9749251
5337153
2157978
6443119
6904944
4461952
1678937
3370654
7307887
3939598
8410476
2910802
3784516
6543249
7156358
5973714
3298390
9679536
4061264
2794616
2467152
7673520
5041477
7003592
7960355
6680915
1027358
1230631
4991364
7059957
5474511
7324669
9524585
4069756
4740490
4512806
6356344
5281588
3113586
6166221
2385259
9017677
4137673
4238207
3979204
7955423
7512979
9965107
2268472
9192146
5740891
7732877
2660681
8688381
3837617
6481403
6335847
8394258
3583435
2211336
8175316
3507580
8346732
9978686
5550358
6950828
6346914
5431159
8686834
7022933
2444873
3308524
4476850
6313759
1404809
9352487
3844027
7162161
4769044
2960912
7110728
1060404
8748206
3811005
8541456
9216830
3429659
2399402
1937611
4561290
5881888
6048457
4666151
7790052
2651212
6445700
7655159
9204205
6174351
9902544
1781715
7448944
7825048
8498598
5888015
5354940
4537132
5579896
2302104
9098294
4473362
8603388
5898171
2279147
4635325
5110588
3600414
3007979
7786101
3588563
8761456
1230383
5466405
8401723
4278778
5469206
1650350
7743583
1129595
9994037
9575469
5124049
2168000
9714173
4284511
9222493
6200918
9152166
9464574
2699027
9157023
1406752
2463330
9767475
2503578
3122370
2000074
6574741
9713436
6480673
6124798
1906883
6135371
6036453
2131491
7210767
6018432
2441312
2383110
9329392
5474049
1579568
9935128
9319390
6921973
9107479
6638393
5717049
7016104
7695833
5377992
9741677
2832303
3409709
2243371
5144472
1381536
7686223
7454952
7643651
4900306
8551495
6125544
7318827
7227234
6040545
8671848
9345281
1399274
9745247
8876192
5574807
5442169
4554317
3614772
5867755
8949408
3245031
3602964
9634866
4178031
3813853
5096835
9351846
5601086
5025065
4394596
9624920
2900959
1238295
5356064
9862837
6224394
2028252
7926629
9956346
5324644
6197155
4967987
1282763
7415732
8998233
2935122
7180821
6568990
7152228
4647178
4583380
4616608
6618286
4431207
8875945
8781451
1948966
2475340
2891822
3234198
8804426
3721466
5756254
6065514
7894323
6040451
8445718
9975335
2434227
2402708
8930665
8354344
8382060
8182472
9612414
7877322
3169999
7874020
1017835
6435845
4655239
8690818
8566236
2210555
5136802
9404976
7470781
7183304
9359457
9952445
7622014
6328997
4835574
8423150
6641840
9523021
1503769
5019728
2493982
1596750
3322019
9965643
7275482
9572576
4742670
1590552
5611962
9138375
4410310
3923821
4502862
3591091
2017676
6127720
1035497
9324578
4241131
6116519
1848799
1652134
1805060
5562608
3841426
9876425
4212078
9945882
4837848
9545760
3134312
8759835
9517591
3766768
7537827
6208555
6739223
7983083
8863268
1177477
8987897
3532166
1303468
2582409
2116729
8885254
3704654
1714542
6189805
1961497
8622392
1183210
4040544
6098411
2729420
8704431
4989276
4776628
9558354
4139765
3505986
3994527
2951692
6039499
4939024
1728256
6669616
4156312
3499799
6905379
3326265
2815866
6679430
9412720
3816383
4096625
2463474
9773904
2871551
4919757
5389924
9095288
7272523
5706332
7341182
3450104
7090450
5725933
1452263
3385203
4819341
3295497
7808607
8389110
3449825
9976604
5156415
9238935
3560066
4123977
1364923
7682789
7368531
1019587
7995715
3758952
4252833
9643712
3103845
7004028
6037945
7565609
6811856
5185667
5897615
9517688
1921573
2499873
9938380
7658396
4176325
7618772
2543435
2540901
8093195
5350051
5739178
7070125
2859410
9645128
2246630
3878280
4873556
1481322
3367484
8482861
6378217
6086146
9444702
5313425
2070526
2778335
5355660
5340042
8122464
9623054
6953452
3376233
8552341
5539673
6486783
6762023
3146463
1269214
1844353
2486037
8744840
7925340
6768258
5074593
3332082
6530687
3809877
2983510
9988537
5937240
1283735
N: 0066989566
