P: 762516014
83773104
45428007
84955914
72646168
59325905
27954485
72306169
60734486
32876257
49113936
84450393
77550005
59945989
36517159
44170951
65105489
87999226
37749183
85322867
12173570
12733187
24265256
24686118
76274308
40020551
17309248
54407465
86526839
93355006
37695069
86185683
65787137
52074887
73921702
35173373
42720046
53775367
58640688
83231716
48857867
15624841
55097896
17298670
47394566
12966176
73962694
59701188
61455785
89502376
29576961
12315465
15404760
97935577
84215167
13482185
38513610
35396930
83829796
96293883
27141065
28215992
47027458
83682374
50061915
16209317
23082985
92245481
18212481
38949145
33792619
39388732
30265436
51140161
16471222
41473096
55563469
68038260
23124399
61943830
41903963
88443548
73742160
44589564
60798209
23267915
39654107
64710006
24164500
60222177
37287069
62969224
65793166
73534189
19586224
44803515
31207320
73491636
71155234
34242581
26699627
96771093
66244774
44685052
32660022
27638557
24402598
62194116
42426312
79030936
51287323
12951165
57193002
80428682
54875896
42619243
61486995
76148283
66133325
35705284
28856770
24545236
27948030
21160074
90883017
19887628
79676980
19324196
53476614
55295126
21317199
94362434
81379579
99184756
87335195
79179759
25531597
48517011
51174604
25823536
27448844
27937930
18549330
31935133
73023520
72588212
42341119
48214956
80648827
57390807
24492372
88019136
40561501
31568970
63709766
21947196
64132474
66367650
95076405
45483016
22139461
26021890
91710847
48233269
17312111
68791240
19082201
13561766
67441536
65820312
12206353
26536496
43126417
49538809
83103161
23122563
41866027
38282695
56683762
15379683
72906550
33399348
35489333
21035147
11530106
32468781
87563585
11001026
21921473
48449428
98752226
63602917
60001356
21208422
33439546
83051695
40866187
10243171
41206602
83366683
42906064
84360221
49272851
82958271
23818026
77349059
59057958
85007148
51933322
20626936
96582688
79574981
85252920
24255221
58012472
82237339
45533752
68847785
87669090
85129172
78923332
71558810
16184905
34494548
81578617
71373941
14590616
23929360
83282127
31479045
85278629
67615586
19372919
76814665
19339297
22801254
70229623
71427890
56127888
82985269
51336032
11171223
43168488
75053249
57798255
29484993
87203387
30522622
47481072
62940978
52028358
73714583
98698185
43888360
95177182
80648784
93296532
31355588
68855192
80721212
37314175
55849430
41095754
97674567
27800883
54308480
58997422
75741844
75902026
38555055
76130383
18913653
56812388
12445733
49984772
87808187
93083763
11386566
44722737
30092800
80257230
85556975
52836934
59676896
53872971
60640807
13382311
96671290
88551744
61779526
77193007
96525615
26287336
15282465
62913847
11347434
13587206
17929823
67126846
75814503
57429534
54759805
87992516
48310422
56701318
21098651
47893729
15641063
59860746
21045862
70396878
55086056
92299586
98401321
61481524
57602609
61445555
65758717
40046268
41156233
83288947
65010309
51404115
24589392
71576390
42053538
24538796
39197877
57251575
21345073
26454955
69548797
40449280
66133212
93358846
28696105
49848716
81999698
77419499
31994567
69182869
60338550
83487012
56376844
80452208
23391866
32516703
27721829
36411011
63092385
74873585
61753606
51506239
50737463
58058739
36941296
92794473
99391793
94921195
12803742
10903796
27942523
23022812
62151350
28414766
75073803
72271274
70397724
31862537
90412091
43629010
30321220
12232233
38744086
76818431
21525154
21281873
18371913
49827417
23749203
86486296
97941752
17332951
86300614
82164771
40958599
87486235
60865722
25044064
99943202
39001198
64358873
97584187
43429728
63853675
47131256
37025778
79392926
40734904
26440700
38467091
56343337
75736891
32170431
40576530
69054947
46574756
71642314
67800624
99730952
52110066
40094143
41257642
36134306
31826222
80103820
54696973
49750557
36857894
66811691
61217240
66098214
49654716
33836486
37178062
86645962
72341994
44332718
80172635
67385308
46676318
17075641
72096251
97081910
30048794
80339420
64692419
67955185
94430814
59300891
46454717
71895206
55300614
70795221
75362901
75914025
62359262
64562805
96978802
13966598
23152251
34203044
24307840
87652118
89229541
45501101
30456629
62405138
93161522
41803350
86310370
40902581
53972915
46716279
61140395
38656806
69327588
43007681
19413347
10544452
70930146
58854421
30786214
88724127
68723543
79658097
54992421
94307628
16683762
37314067
68657644
23037289
66751234
23059827
88036025
88850231
85193758
89829275
90143928
89077124
71120502
53148985
42834996
11207259
39588841
71667372
12125345
62706056
98255601
86801454
66651503
19939806
78974919
15896809
57161027
60877122
55979402
26155555
15677185
46045266
65825822
19300397
39705466
58078284
75057581
59130366
26569871
47520890
66696923
14055618
71554254
83188663
52802794
82214222
47049392
75593471
42305824
48894059
38030019
38954430
79912238
73832950
86863243
58231954
22666406
54658765
44938332
55666120
34935335
69256925
16173935
64566685
90994838
28017957
51111537
42479090
19351024
50647530
98501417
17499841
55279383
38385192
99603339
33148168
98780480
37300525
76147314
76185229
65461701
53484224
65425285
36113283
11946943
29572696
46668699
82020279
77534991
48908445
59260789
37606122
35292731
60700445
16484813
91716708
96676993
44422711
12123291
30987313
48532115
78008922
22738889
36492161
63191440
28914511
67437594
54036795
41949802
63691137
71146647
64048673
52136276
30872090
21279069
75118474
87322121
31209340
24486183
37412270
94875636
23188648
99285814
27556127
49775197
63108115
94096025
28054743
59316937
41776765
99791593
97008923
65690711
39065133
64932306
47011998
73947652
63654568
81456089
59659544
10715030
86016174
79086257
69179606
29032130
63153651
69092063
43071003
54823860
19976534
52200209
46972381
68359718
70149684
96505544
41349103
29570444
12090592
79715374
55179520
16127597
99289288
73605287
89415252
28457625
63017701
35452722
42348735
97424393
11148149
86240815
52162954
29774494
53626829
62898222
61881189
48172020
10680641
91538523
35680917
77115896
74508349
49523593
10193444
18038314
18559893
30201539
91241118
67859711
32110103
67959746
94087414
20178308
62374615
67178078
81055403
29724521
55444416
81082396
23133942
99398059
36238706
63022895
63646015
40343848
31136938
10292087
43982212
35215993
94181800
91891221
87490519
95934170
20157637
85453741
26463678
72346512
25131681
54397516
95327113
64690630
46751123
20790491
76809101
80102588
39472172
15512857
76062048
65029463
96683315
28050871
41962304
58578013
83830271
36788176
78192382
72320015
14117189
25285441
23918203
10281966
25044130
51418569
33956248
13207823
73217385
43566808
27234165
89106604
55485142
14609403
63458226
64434289
22451908
65796401
69378832
16901630
15496324
15698690
27931837
55433162
12172778
66431901
20514825
41536542
10848585
21998030
92552411
69867701
33942186
98574900
62145096
77344386
78188041
45650452
15298060
11263776
80581751
87172660
23441811
16904448
68818604
13743207
86046271
75654803
75828306
67210470
98553567
24365625
15920850
43715748
93272783
77655235
97815510
47400410
16648366
73124835
21600808
63291274
98906884
61269800
99315825
81490001
36838180
82626052
96566870
63203326
40653049
17796464
22225034
16363790
77357287
83100436
65143575
63557678
28460400
78937971
48430885
77746873
76032562
58663958
72608267
40348542
81082040
90964929
96839590
43717814
34847881
15174677
65468266
95358055
15614696
26165327
42715165
62554627
27865389
87707761
50016727
96697328
42520110
76776995
42697106
10044929
32441534
60615963
74232862
15979304
76598251
37076040
66242195
44173366
63651357
98933570
81589665
24994635
20675429
31928605
12025919
65030086
84679203
57224306
34161019
88134553
13511287
33190878
16784555
72287554
96754046
85345008
62972110
16181968
70268974
22723002
60638108
52758847
39441637
36740372
33661714
84932180
78781236
97193210
89003493
14614448
37685000
74796650
59475280
50233757
16068364
71634665
52042918
81868768
55080600
12968795
26342996
70999673
32889572
21014018
12625133
68093311
39184016
87021810
97044070
26734185
69086932
65098100
77417666
44814100
18898161
73908782
97775628
12310869
22746438
81017213
92338305
96696457
44683708
99528380
21170061
87230020
91775028
74031685
33416253
83943829
75828433
59252841
20157160
89563630
41543969
74733065
73062959
42043677
66335586
24716176
48506855
98334050
28516003
93927112
69159415
91500845
34742332
25668854
93232110
49370514
43223532
84723065
67164816
18262744
39794256
76206296
90435174
31621730
12586865
11422700
33407472
59416098
11612338
50334047
57765666
35531012
36508151
80993833
84075736
99541503
93099506
90403042
64985598
36995869
18417019
79642407
35937106
96168959
60494924
17496235
69704532
53229400
37134671
65105560
40675678
15200261
27320885
54088405
41599884
54630963
92130799
92736495
49868733
49756391
39401064
44106765
35743516
75332241
92719993
69201423
87897615
63204648
69504504
84241506
23629119
39687631
93047682
89405445
13419199
43482120
62179972
28239451
85622710
30588619
98552940
16757131
28883057
80396340
64812043
82242618
95907350
37345800
41359667
95739501
60405782
66044015
97391691
51252886
76437537
21791145
94001768
77815185
48543860
20475327
84913089
77478283
21286527
85024200
43956906
50947887
39411004
75867581
37281831
78082483
79932458
41717165
81201575
90774428
30229433
97312198
90366303
38938999
48611166
58671156
16658040
26935553
82928886
30364589
61785505
58317821
54605601
30422686
44277760
34345668
16533976
90977092
67868782
19215072
33824938
48751596
38850777
95351504
13523682
10359698
33914944
45647214
15032872
50281129
63610139
16379622
63106078
83649963
32276640
50046888
86342445
20417364
26981642
71665097
94148120
57608200
52208325
21414158
48388116
83478457
N: 129464293
 