P: 523102481
7436682
4451638
1911598
8778347
4758298
6530771
9880338
7419940
4484201
2389535
3505823
7543436
4421836
3851858
6764767
8643387
1523678
5188334
8633621
6000668
5745338
9442839
3805954
4363527
4087550
8895321
1187284
8111410
5188788
4719992
3050507
5001343
7240090
2085675
9317362
1598502
4841201
6359893
9919264
2021094
5274866
5536117
7665967
5729414
9485615
8573591
5986304
7791115
2169686
7699692
9806264
5038515
2578775
1576751
9111821
9524407
4140048
9375985
5943346
8163369
3272962
7478402
7378661
7747225
7446424
3653677
8899432
5335801
6244690
8261772
6186257
8283536
2197897
9767337
4153260
3360688
5943761
3829856
7536650
4081931
2259738
5037478
7738353
1283650
1285665
8951353
4838942
6985430
2844398
8120236
4912069
7167902
7685159
9908382
6107615
6201271
6517527
1749305
2293171
9034077
7422171
5311534
5853202
4728803
6077845
2710235
2854522
1862575
3929081
6442361
6608110
4813514
3038904
1428174
5335487
8311839
1605704
4990450
7732286
7308226
8715246
1569967
3386362
9755122
6398966
6127522
7250979
1135380
9356608
4245585
3227298
4323775
4337115
4977101
1065666
9361392
9982054
4824794
4126553
9650541
4116085
7154808
1607565
7063113
7770378
6779146
2465208
5022373
8332519
8642065
5417823
9747832
4635454
7738309
5840341
6529493
5150062
9535991
7237386
6473469
3556373
5979026
8072950
8298814
8997599
6406300
8786611
8820815
3755781
7134263
9911342
6740836
1726242
2570717
7526757
8758601
8239607
6678190
1067726
9935958
8517445
6453234
8030285
8883454
9089410
9356767
9343025
9923647
8307885
4256456
6879352
3657704
3779127
7753286
5370480
3659643
1370378
3119177
7809121
8275341
4325906
5957699
6157899
3683529
5062919
4958918
3861147
9452968
6826271
6464271
6596621
4368635
2057495
9633518
5278668
2484753
4776728
6391805
4307132
7575651
4065016
6037933
9703556
2561783
8052325
3427158
2714244
1152489
6392115
5108052
1163228
1434630
7135381
6043184
7147727
8800221
8021067
7665869
5635554
1738284
4099586
8406846
4154256
9546542
6365854
5526059
5245494
8428567
7339691
2777164
3586660
3466556
4448560
7849742
7700456
3532901
3731766
8779159
4627775
2334467
9933534
1554991
9158027
5848655
9179543
2720441
3080067
7498245
7146781
3295849
4478916
7012438
6015522
9659599
8439135
3057662
7490314
4919210
6014901
6404089
9053995
6516863
5576946
2723377
5335100
1415153
9163929
7729024
5958077
4002671
1393146
3509230
2552261
8899993
7075536
1142479
2358001
8940630
5934411
6928542
9295443
4433312
3561703
7636893
1869231
5850684
7333949
8400037
6181081
9871519
2537974
8682762
7957692
4363359
7811474
1992089
8014874
8049082
2044230
6536096
5077718
8889383
4491808
9616622
3510420
9118618
2958553
4816392
3140877
4054757
2357927
9088029
5464249
8237248
1774487
1019115
4146984
5743144
4150766
9412483
2830921
4780496
5457391
7759789
2597021
1165399
5548949
6070490
8098394
3763394
9027697
9089797
3635037
6809213
6084667
4742282
4046283
9688460
7639274
4457452
8965601
9771497
1212039
4559810
2829111
1276619
7515938
2285653
3149822
4166043
5228735
2442900
2979593
5459197
3284254
2032621
6297535
3519967
1024612
4049435
9459546
8665262
3398462
1011480
6233018
5369895
2531032
8257781
8171749
4453790
7720329
9234746
1885183
5682922
1366340
3945371
8547360
6984515
2627604
6012504
3625730
7859588
1747171
3578739
6315590
8332418
2588370
7942545
1367999
3098979
5962150
5995577
1836528
8107293
8190647
5417102
2893590
3311560
3842674
5989360
2779730
8151991
4245289
5909257
9073162
8082566
6906936
6072692
8497893
3812586
2715467
9568124
3773458
8313037
4681718
7983260
4175765
9724902
1293287
5272730
8227716
2596802
7159144
1142504
5176552
6464967
5137511
9022820
9093502
8641877
5261893
7831334
3070300
8344015
1790612
5701491
N: 0834108050
