P: 91551016
5908618
2620745
5548138
2170281
5828716
8264893
9546239
4983524
9980481
3161071
4375142
5155953
8451206
5733868
9780230
5434898
6211937
3175722
9885884
8252722
4156195
9670236
7927935
4184168
2896089
3059255
3718332
8771311
3196557
6602839
9018813
4351803
7957334
3576741
8030042
1174014
7873442
6388687
1590469
1091513
5840381
1272186
8964159
3659028
7613627
1187905
9934062
5324363
6302610
3769337
7281817
5244848
9611231
1890341
5081187
8341022
4031979
1119066
3210861
8830766
5728675
5923821
5943248
1075822
6791468
2104451
1394130
6206234
8914322
5456345
7676543
4411155
6958909
1039752
7511393
5372473
3450581
7550141
3947285
2948532
5435637
3424758
2374067
3937292
5099961
1379473
1799116
4381346
7429028
1800867
3569816
3385901
9007252
6092720
7156083
9113768
2713654
6298528
2135313
8068732
3380491
6548504
6423486
3711657
9093197
9819632
8071883
9397863
1370677
9506466
9745388
1166462
5837031
1854084
1105540
7131163
5504518
8436048
2945900
3963572
5683667
3353799
9420369
6080964
5798493
6387363
5942811
4723509
1745868
1036405
3830205
5067653
7629255
5508537
9879444
3272597
6186402
4043721
1620120
8971398
6309227
2871614
1434004
2090766
4395859
1983112
8634564
1355357
7612028
5676185
8483340
5690794
6435228
6258248
7668546
9772247
9723107
5190532
5358511
8386270
8545847
9972749
9157289
6130482
6957314
5300151
9337556
2100046
7559129
5925934
3422465
7300417
1669913
6586555
5388356
4881979
5404633
8723881
2314146
5064908
1748702
5759992
7022443
4502810
7112188
7558907
6784184
5172681
5371579
8368330
4322977
6693490
8286304
4027232
3222504
4202399
5719609
4270350
4662025
5460304
7323696
6292508
3264916
5336030
1417611
5890734
9289098
6509087
3759935
5666928
1189970
2400100
8827947
8631097
2735290
8541947
6884109
5635730
9631883
1920195
1912906
6409428
3733061
1320749
6916768
2840263
3377758
4739355
9544883
5547779
6802769
7936191
9528141
3192872
6614041
5593949
1020940
4238433
7446730
6615863
1214627
2154922
8788951
7491476
2349585
6631947
2103955
6340840
2604272
1661819
9685033
4662955
7181327
2785136
1579886
9158249
8304599
3669233
5106412
2556223
1114951
1202676
7615204
7810583
5852787
8685153
3994034
7230169
2885758
6672678
2930319
5036283
7496039
5961599
5723229
6970740
4263799
5593871
5935903
3659001
5066802
1950517
2979935
1897530
9880513
3568498
5324072
9718618
1724352
2027057
2477661
3347375
7323678
8380375
1485300
1082876
3839750
5294035
1478008
5015540
9824727
1061861
6676729
3637904
3981758
1929129
6137750
5353247
6729910
6284484
8715514
7411555
6854076
6871095
8402486
2692702
1709395
7891253
2701414
3205306
3265254
2598129
8985605
4953778
9693324
7517061
2511375
9874842
3467185
9525137
1148240
9992477
6681822
8832891
8598073
2463057
4766335
5702020
4265263
1506423
9987289
5183398
1240833
4168727
8363514
9123119
1521040
8939953
7936524
3739020
2377325
4827402
3536769
5979887
7946776
1541669
5909725
1506256
5989118
5985172
3422502
2444633
5704035
3881012
9810590
3905711
3574676
6864325
3949556
5616936
7360888
9591812
4764757
6957220
6924371
8363829
2373336
5213012
2742208
7472035
4764124
9916922
4396236
7362067
1902733
8814329
5167586
5114378
3772481
9925369
6057017
1964467
2600385
3759747
2621108
4680606
6831862
2947920
9698023
2936973
1977099
8187294
8984085
1974687
3015546
9822109
1699214
3826826
8229030
2152975
4594876
6217831
7838066
2656103
9036571
6661409
5936746
3342530
1164324
8727096
2131116
6798296
2057906
1794699
7241772
2089517
3479097
7196276
7452277
4840616
2180394
3364019
2673732
1521588
1080683
1652032
2018041
2953001
3704607
4023285
5032332
5357040
6783640
6617496
5290339
6938380
6586947
1096189
8213348
7582083
4218028
2573429
5453694
4883585
6297902
1688304
1604456
8376174
3857435
2339790
2998811
2705848
3712656
2610602
5004668
2186252
9067884
1641850
N: 0004008223
