P: 934568175
67225130
98484056
36868114
35174396
12236795
77281906
82812503
57783973
68014028
81422831
40591673
36651864
31612981
61802164
11111522
10244668
13339284
65124055
63467436
50303994
58008018
24659338
23012243
22741873
23480786
44924755
82686497
65698848
60135266
57965883
52046001
94231936
83100981
66270156
89107272
58277351
45415321
86813724
41672775
63717781
71930348
14906274
82940651
38783135
32316389
67284558
18566376
69050704
99566561
81398718
41490784
60981662
36834198
31759289
18882071
99529575
61859169
45125039
31548908
76266463
23752693
71662143
97715881
78575548
17763771
12907225
66451615
81305750
84386662
98078151
83793777
26657982
29847844
47964742
15280834
70519447
15504525
81394496
98736456
99154325
22871311
21444803
27770124
23164985
79610921
30215707
92636916
39003046
54833543
59694765
91763795
72122209
13324610
22173651
86530499
81554913
28190691
49832241
42050817
82344111
84287589
80735928
65412041
78439136
29032467
60288925
91132433
60840743
94030741
81520808
80486070
68753631
83777763
79071594
99726388
64158146
81461116
82687807
26408757
74557906
52607703
58928912
24431043
46711388
92611687
94293600
19434979
50327024
89505908
72811634
88111426
94687903
22892691
48290050
18017563
98378614
62277569
77120058
66165600
31785519
86729795
99630361
11848244
44642990
85986018
24103219
34738351
16685376
45838096
45414250
18513699
96604639
78679114
81514401
96850691
47283020
87251904
83747460
60185441
37754833
78980001
29729507
77563926
42531921
20056618
74304867
20352574
18292722
88234389
38477954
73332357
75524329
93831757
42116249
22856390
72045327
79678166
50315378
95595303
97571858
32158671
44726048
77519244
93709175
40853583
35045551
19213204
60739034
24551000
92121806
69405286
32542859
54829524
26259862
89558444
14723118
72546156
78281379
72122010
66603933
73557662
60004803
15546397
40479208
22331975
36256696
69780683
31796737
27378456
14383716
55422376
97998045
96231750
79239500
41346887
60067324
96087175
14883960
32898989
40444224
33564493
94279798
67133505
35483884
67643270
61192675
91280138
64017140
39624555
67093047
88109673
36566363
28769715
49096851
19981875
85904300
72058678
10251708
33076744
31788629
68212022
63280910
98379520
89063713
83201299
38769894
78790865
52953148
76087599
68297482
93239300
28081124
87465622
96913820
69961825
10293336
61018442
63988955
73116646
18979394
28130262
95160123
57370545
40205626
48247088
26226222
45647039
38691218
41011384
64947281
85317459
99223446
49241968
38778656
50191132
19557652
43308242
46603105
12927306
15565918
20508190
52274439
57904051
64043502
13109213
22806180
78352788
75069514
58590076
11494341
87150165
14714519
55809422
31817511
77791538
82723854
44495538
13561729
36929236
17901262
41838934
25137079
56344794
22060527
40366835
73457287
93289604
59890102
65506702
16850223
65942769
55236280
87198106
19451710
11271299
19248351
41437141
80839139
34525993
11923506
20662645
49572274
26116039
89278399
26041640
69144617
71812436
71122202
30898735
52489717
32720853
41189974
60452287
41519610
59914691
97656771
96090752
26668808
16031400
84686497
17091221
92357486
82731419
39184175
50240413
11047503
65166875
15600948
87381295
74024866
75921958
67359911
73814311
27724094
20928889
13530708
31061354
87570331
65964986
37437510
54605193
85643368
59280566
11036388
33143999
15357313
10286338
52581537
33681855
33511402
25567180
12030845
97947462
59677968
88197153
33840482
45867732
97699463
21226284
83150912
65277331
84913282
93646382
27726832
24620255
13239862
55094064
63592621
35567550
89022964
28492961
52051653
13562909
70701429
29842123
73261665
34197873
21968171
86044682
38671227
77192710
46187526
79177919
27362184
18325528
13413692
50410984
93747064
16893139
79038754
27999624
56511786
27970494
19941295
32651725
41168701
70721707
51728542
45204831
74766111
64164052
11436866
44135033
49883844
95176809
10836654
83415133
63326567
24820325
24937833
64462994
94092120
90690576
22333002
63436143
72342207
80350171
38925394
24294456
16612530
81301510
57413918
60010786
86614781
97959508
29085584
43794685
76381065
80196579
70437783
32962597
86705590
21774101
48372532
29089093
27308926
64317629
81585673
37052580
94644728
65894902
48337707
49562465
20258474
58452488
82647832
83060322
87884625
82155684
66470478
50778323
56513731
64920194
41830538
60093314
21574071
97316779
54515073
57151697
94905748
47497189
71417036
82535300
55107955
72530635
85052334
93685768
52889540
93411325
85104146
50391924
41046066
36562161
64307056
24363008
46396396
25628294
34980078
37760664
55473365
33023565
90017286
99243356
13053831
88618936
21852408
83779355
33107480
68370410
63962105
31991589
74088806
31439023
11925325
88983317
56682789
17592345
31387850
84832828
71402589
84809873
74436012
34684749
17394058
95087205
11502104
71621014
58689532
32762147
83033742
87918873
97651080
20022354
34847696
94847370
69311913
65466876
84027877
32293836
57071764
93205356
21046144
43234850
95106146
96536063
74581698
62781734
11383385
49122165
69146481
35003287
93140570
87872157
59013102
68244753
12659240
74316352
67925132
83280772
39850336
24673735
41865223
22050474
67979321
73428339
72303793
14057242
67106763
62496675
76788079
68105182
99178683
10849763
78373774
20016229
51711998
95777441
59166618
43744900
94821854
50036028
73804658
93693357
90844341
44793088
46582399
25995194
65130993
39478776
50848566
47794889
38783333
59927903
29104881
33909769
65422507
48639321
18398702
82342248
92949985
36944253
93326278
57036430
70986953
49073230
44277750
38383852
99127027
72326832
57344965
18914298
36914439
15492478
49918392
56240629
32421519
16807710
65716416
38491606
92373753
15661481
96376194
21328815
14261669
16178786
33516198
98262407
32589226
84596091
32411993
30247301
36909916
68305457
54584360
92875955
47524433
27049715
83781022
79094501
53550506
64366314
15116987
56666651
53212411
89089661
55603387
18959811
63908854
44674498
61966093
67013320
19639799
91626356
74600765
82581141
20337918
77402275
66871375
35404169
97010266
59188420
74029599
66206551
14128696
84536110
32265404
94113981
22017783
19134543
72735582
39968898
98155470
74312404
59143695
96909366
53346496
47612671
34945389
55266811
58882206
93846646
47443947
86318827
20288320
93580098
25492374
77353112
38833826
44150956
48068636
27179836
56481122
17319941
46582075
73197714
37803277
17847355
43185404
98404573
33901043
16586735
88779954
44703801
27012608
57844508
76938656
21284318
86092883
66226402
16953241
94105832
33884263
40812801
41552578
86944676
53731269
78557369
79693802
10368739
35781712
27987645
62430992
44046474
78003121
13836547
31624841
18274468
44535382
90777498
89071316
25681121
61162908
35185380
24844544
63210999
17089725
45727639
32048783
28125225
70142538
81387504
26623018
66571994
42496010
35445733
56399980
23707561
45447984
95501978
50137515
35446675
57976891
77389815
46567524
64094975
83584279
22736018
63801680
97384993
24409789
41769977
19187882
84628862
29320773
80108471
87702298
62254226
84092564
87482551
76827420
73780224
47531668
21980062
65642398
57342306
48026501
16242450
47164107
16942261
99988275
95679025
92439061
69823955
56808379
36590369
32519059
89928680
35406076
68898628
77155898
94045059
62809565
73364161
30887208
27826003
54055749
78477539
55788182
54804417
12837724
70214283
57418117
35661958
84540557
64428798
68906380
27656336
96962978
50415962
37278430
69176683
28100846
32229635
83043855
51321105
96897847
17780472
77349162
57011349
57911326
81192112
76332540
84066191
15793073
61847345
81827183
39720497
88123894
94531366
78129135
94489345
73313302
21246170
98356727
37970625
83962545
70752369
73094816
91475900
69548779
42118913
31105850
36119856
79935699
34168505
79664481
10719658
23033894
89252638
82603681
16222576
18237074
92518576
81194610
54045930
49032943
92175473
84912190
12303278
26659695
41742303
11124802
42632362
85838090
42627109
96488292
72913920
15314187
68876174
64580652
37052421
93004161
91796894
76114664
41255312
48247223
73133153
12350402
10017633
68652534
46181517
51224768
13879660
50712981
35039430
58208485
33296680
43289081
43451704
56912681
39941659
29236002
78542030
46313476
77337498
37203747
59763043
67123950
37848011
46003522
60706937
28258330
67289974
38643182
71703474
85682637
60101209
24238677
73343452
33163006
33205216
84896604
20615382
15932994
38286962
72461042
40576497
61025636
62668640
45406261
10424602
59422742
95817423
44863734
35662487
79184532
31567545
84765289
49526123
36742332
75143434
29841267
70886145
44203587
17997243
61872069
96376083
52125047
14960073
30732193
97529433
91385591
25319364
65078040
49657600
50824538
35644287
40210403
93491170
77712176
87177550
19232392
37250534
50691178
43572214
62562794
83797742
77147697
21291173
44405214
29930876
26689176
85707508
33364979
53281955
21815094
50109218
62404531
27213101
40389936
31122462
83237227
35865784
42767773
16941008
32989400
44607586
85494234
63370159
26162606
55268525
18511819
34539090
64044644
73455169
57659107
62405153
18569245
22191369
84289744
55019552
34341268
97844402
26414706
17534097
17555697
54416777
61770936
10074535
13574328
11585688
31738177
59522725
77945512
80559024
14959096
64089018
56242821
12942298
76801505
98754431
93740296
41283247
77952071
16254870
57901088
88510903
50895852
30192190
45463728
52122682
99647881
37740390
65865038
52703527
86074847
18269920
93337479
92194266
53346850
98518006
19872475
90848109
35786477
20472771
79596196
22618534
63103093
98140166
55489665
80496997
24637828
13112081
67005464
19524521
22786471
72837335
76678595
26833948
74008872
87207810
63444799
30016038
19405158
48454976
15972114
87345261
29177842
23451102
80563886
18706157
97340906
51872398
72490054
89946468
78747606
81027388
41497655
56622386
80138109
70622973
90750322
93302373
67640049
54853497
78539051
92311201
89651241
42702585
14018173
86756371
22406495
35525914
29966510
14068030
10245770
60314557
82395138
65039404
22269405
57321155
49941526
16587932
67630038
37075318
86108846
37264514
98948684
41033031
71924299
14138658
60871925
16616505
63019658
86221394
22627671
81104253
26515932
43057367
31889692
45459656
48554834
36434928
30880139
15685699
86004412
63748135
77165622
65327582
11083028
12268663
90492545
34507672
77503251
76885660
98188690
89062857
71804543
72957122
36298684
50177303
69895333
39801652
48153723
88347819
50451072
12259236
98317763
60195263
22542514
76541939
81302072
24041737
20638620
94041309
32729153
24540570
62242783
85712714
41032189
87475690
68938028
79498727
26014219
45246050
41730639
57252505
25419260
29031073
21871968
24167424
44399931
68575469
66974613
52239910
10563725
72582906
47656788
63563580
94532869
51052631
14469102
27295411
10812118
52667034
84620247
38500125
81457955
85065365
61878758
14770833
66486644
80117367
39749579
27591017
12722310
95192773
33685345
84148529
49949211
46256614
99198852
79644014
29585178
27264250
93730117
66795877
85819698
28857435
26464955
37339655
95876353
85178053
89969677
93968183
47480125
21381907
98249724
50508156
87117239
82592684
91149335
90240724
97205842
26798171
59106591
79553038
20129324
48200177
37857422
38907045
47632320
68249776
44906867
60815544
78327992
70106763
96266553
98367108
72787116
89969577
10986628
85634667
63353771
90471195
45931631
71087075
71857763
47791588
82003886
87390615
59227152
60650782
84905552
36258019
41674363
72145059
32069216
80652537
31285084
60864864
52993332
10237360
47720580
20781126
17446295
41748499
68002342
44593077
26626119
31040721
40877516
37778285
44053579
73360976
66227942
77268993
29151622
52921407
98147171
78011792
28565923
20898118
23471863
42402295
37942423
52949033
70089863
43827526
40323970
44338694
57789824
97753594
64949152
76859881
25147600
20547790
32262513
15309592
15736351
91254448
62350452
29186083
78369525
83550416
76388436
81852241
87231168
70113828
17016155
70176865
53964662
84444321
47607143
50717419
61135227
64927311
68004606
35330823
29859803
86215412
95818887
97885450
80364325
74515216
86487378
12213080
26125899
97755192
55182678
54054328
16035334
36498283
63637908
23152312
40620765
87395219
85039015
53301477
32249240
76269123
20847429
36292417
72337463
49083017
65341735
11275887
45808234
76118929
47523289
20384066
13961641
98913651
28769260
74248349
10579596
50266819
67868104
27366567
19894690
46417878
57207896
76751849
25757512
19457962
21731873
33360428
92985908
15916621
55684886
89687427
87973033
72111795
39163371
38795712
53819220
60641904
48833619
10530525
16766447
74324653
63025189
29737424
48227729
66981929
15366866
14239858
23013888
89083069
26740602
16196431
87266898
79764445
71960117
50858083
18868835
77664965
93536332
63031167
38745785
83581410
88765724
85510888
52134483
60719458
43707955
45930189
21515797
66303047
10140504
53593173
69416408
51270180
91980369
66675743
84598925
51560847
30162361
13041407
78629631
55351736
47006283
97725499
92043909
95317416
22136793
19605595
47445548
82667621
28144673
23437335
93860037
71191371
68508722
26731215
76092192
60928475
97262906
65463852
98893845
57194346
43765369
24064545
19760201
80421443
84208926
14424895
48907322
59416288
13723547
32010170
84154024
66596609
23102623
92361100
68408475
27744822
95777991
40328204
50407129
56178595
98112112
45943202
18594153
67547196
48666950
15354941
93162086
88118747
32489221
76316097
28747415
99835019
74634964
60122917
10307674
57415405
17048119
28801657
56266414
65258419
15170800
54433713
31248089
71158641
30473676
21513315
54912506
65721988
88406540
27232400
41644036
87848226
63915628
67258334
52844592
48886560
14839771
99784190
35355045
52708345
85577865
42985762
53201261
22448822
33976538
95633991
17022958
44569673
19025898
59821427
71829017
19651446
14246749
60769238
92148310
25514634
26851255
56695643
65115648
51008503
65253868
31828018
22799834
80115018
17488217
96004024
11784085
23079578
78999059
56466520
39687165
34335294
12890992
55501258
74911119
59656747
54727107
98187412
50202937
83246220
97269795
60172983
57774741
64195137
47767505
11447333
66091107
28722307
50913410
57311292
72628327
40664569
93327156
44158036
68847619
58504406
25212664
97637243
50526349
42675972
71924902
84531495
84430193
52660342
86646804
25866688
21817193
28255431
76423468
93873815
39905223
86581155
34149142
63598970
89035527
35170334
50897466
70627087
58022021
62221939
28989830
95860699
11959986
22056394
69365447
40530639
40328713
18581274
70957901
33057181
72371809
92173610
49488649
62238878
12324022
42006373
57336677
50509379
72972205
18994941
88454367
52293348
60211922
29367618
29880906
64435255
59319590
37267405
83797037
49987008
82543219
67754862
67671128
97573777
46114999
96517390
70117627
52712526
25200259
85947832
34944328
90646091
65154787
83313936
26148843
30215254
27483207
77925614
16729420
16129043
48798704
92644512
39963677
88619864
51483819
33577740
81728475
53097500
12008950
45639298
68592595
77295951
38769461
90190091
21472206
98751570
34936721
97304811
58970857
29642339
99169805
83278074
62131819
83546397
13382266
70113947
76047256
96962933
87128725
67601142
55226631
35562314
27182321
18457074
67673587
73508556
26660616
39673189
16253023
86134137
37059304
29177498
10653209
82161980
22020208
69240280
59378712
53359844
98461740
25478751
47925260
68101047
78580871
79338351
50293029
31140212
65476425
38142215
56854204
52470385
33468803
94786726
99816787
88218628
71432424
86513496
76895799
70994669
74409092
96707824
90293417
76097199
56687702
79904053
23914348
20019400
91572050
17693616
39623766
42745378
73505572
81682875
95560515
67548620
41624747
74315010
32192176
65985995
15653764
42641598
29714249
96441984
92584481
86261803
43935906
57174964
76156797
15217532
94642207
82637810
14325649
88366463
46419612
60034290
27494818
23944329
64431314
22664927
97335716
99843478
33497311
41801472
63569524
25101963
49083416
55494462
79532495
62129610
93320687
82641539
77788324
95229552
86641458
85387112
64296061
10759974
63938512
96451363
88277132
93424287
37588803
28371346
81900485
62892268
42493526
42712342
79140744
98983746
53889328
96567192
13343660
25335937
27834861
22203463
75819206
88194782
89949050
98199946
36643949
62969303
37991645
78810641
74565272
31808595
31528727
79622195
76604934
84502148
61651960
40159410
55729483
72500863
61558733
75724589
23492071
62353203
90215897
68388720
40805717
53949906
73204594
52246833
52417226
34253287
80969859
17831292
42234410
60868329
70268113
83783400
38749676
N: 0632586407
