P: 716021516
468987
423739
803490
986013
461514
542182
549897
419541
988411
421574
886867
248019
203778
313551
433928
190302
199361
527060
155606
941316
422124
801695
565178
358043
844010
539832
934264
471650
780296
902278
809532
827265
587959
496326
664271
827783
943980
652524
350902
589219
584692
258864
776737
103100
307420
207241
878003
528418
698026
242603
284261
461882
292447
268512
343311
407800
186069
899010
425127
801642
730915
482377
253976
368029
762329
311875
345773
416773
205729
819542
730907
504013
695940
698632
898084
296164
978070
263553
912142
253829
244769
331423
565046
996221
547505
940874
472370
260353
343167
948001
563273
360830
972058
461419
397023
166690
827309
310904
725441
677402
492539
788243
305397
895622
627894
494395
969936
893676
272569
440036
567042
836251
851951
434927
116269
585474
587827
734610
844807
951104
499525
595281
560057
578860
101068
529855
833657
667259
111907
954190
630852
626771
743650
457755
380964
100495
179831
480030
835607
156654
664574
322865
160814
697797
588487
837376
644039
106663
697529
551580
749891
157423
214795
486172
535897
156252
118678
483166
368585
574207
136077
528291
132695
609579
598579
783936
315470
599833
977533
751024
390932
420734
487500
513460
686535
405760
573408
193541
426945
177736
546989
445734
243338
398930
122606
827301
576770
500739
687736
987673
315756
967600
896521
121613
256793
481862
153811
971497
617718
364480
108576
431377
906983
411558
800023
615358
765149
345798
991981
989944
572590
455029
246287
843054
273376
969449
247102
816071
613026
121190
446097
761241
873217
836417
497849
120426
634571
801063
802574
649579
456218
748171
468380
389004
638650
504040
335113
804656
358422
177494
698610
955962
120702
608416
739023
598550
522150
481495
430172
231685
159018
964454
416474
674227
518494
698842
764174
518328
247640
696653
425242
236481
157142
241597
N: 0626856285
