P: 410288301
7352977
4928395
5394970
2617386
1231494
4947899
4811508
1028268
8905138
3786117
4177974
8465688
5351868
8067248
2800870
9273920
3713086
2033379
8710608
6588773
4528694
3584967
5372342
9750405
2345519
5786113
9767740
5344860
5041707
1397923
9855201
2618046
7846228
8984796
9474046
6047901
1792378
5449407
6636102
4516547
7199207
8297398
3550707
9805346
6288763
9585519
5201243
8850284
2583597
2600446
8015588
3495077
7579533
5670003
4924194
6702681
6489946
7811390
5743850
1259299
4335139
2979086
8030799
8991211
8917215
7004016
5197588
1416936
4321910
8228745
1454270
9477528
1073365
8343090
5051811
8047702
9568384
7212753
1116122
4131385
4873237
9437055
8864881
5985973
9585540
8780700
1903924
6334151
9455768
3909760
3074981
5030352
2080537
2034937
7242663
6194025
7900237
3115801
8475591
7596562
7973100
4880058
7221189
1897881
1691472
9383940
8794309
4164638
3071395
1491450
6174782
6306115
3037766
2382271
1165775
9373245
3848091
2550750
6340744
4858086
2033420
2974654
5983145
9482733
7508527
3244787
2922705
9920837
6443685
2459506
6980615
1989060
7066373
9344744
5926523
4785094
6875062
7787158
7694936
9624380
4746157
2180655
5354818
1662389
8512939
8796914
1187892
8018575
5293634
5813503
6483991
9446380
8388521
1600239
1472473
9197459
8604874
7569869
6329511
2166812
7309946
3384426
4671620
7108439
2519063
7001168
5181926
7941939
4832181
7930227
3476311
2298844
1647008
7451426
5563616
7217573
2550810
9563025
8331468
5696361
5381988
7576221
4779461
6603938
3492419
9064433
8490250
7554589
9472379
2559680
3408859
6117810
4241164
8139713
3571392
1410976
5639281
5630390
3221257
7036666
7970183
1626485
1839665
5936763
2720233
4125981
2740127
6821771
2755212
2516597
6980926
9873081
2113788
1822602
6228555
5073176
3835771
1750567
5024330
4666772
5165285
7737598
1680201
1866544
7593864
4194877
2842661
4344643
1638108
6020871
5530177
8147298
1372169
8595441
1443052
5917987
1443927
6772211
2483876
1703367
3715548
8625823
3656537
6400046
1145851
1291626
8340372
8530589
9107958
7422710
2144394
3135699
7939712
8453844
6457064
3449788
4068610
1425907
5236038
7779192
2833124
7325675
2900510
2947711
8407031
9359503
5046083
4671977
2449488
1344165
5321348
1887877
1493182
5430770
8349774
6536003
4888037
5846855
5906772
4179563
9114053
3839041
1178067
9340011
2879761
7780331
2282481
5988303
9617438
7549910
6131631
2861175
2092554
4052295
9217405
6098381
4389530
5649564
2766158
7130455
1036275
7182369
5514375
2938664
3156849
9693653
3566198
8516900
7909714
4922044
9433745
8003640
1107422
5730954
8815855
4027232
6485318
1065808
8511882
9538577
5010587
2789111
8048161
4656722
1771933
1264939
7023997
5764913
6028143
2603354
6010498
1981547
9016492
8559467
2235835
2347124
2590625
9444384
4874926
9554912
8475874
9889040
5133195
2629953
9491514
5009443
7949256
8912430
1218050
7088445
8910617
5625211
2453728
1011543
8563148
1670224
7793565
9482571
1760348
1735171
4669407
6380458
1386429
3088849
4405987
5884542
5806864
1656915
9850740
7601271
9143193
3149858
3877961
7083827
5468790
3664054
6538411
9064626
9427989
9102246
7443133
9806821
1638475
2504362
9762580
5342709
8282205
5469206
8801817
8852251
3919601
1949218
9683237
6953606
2202758
1827847
3280460
2629873
5152713
5897786
7958196
7012616
6415678
6146927
5179313
1220059
3353021
6451642
1424984
1117540
1949476
6518107
5816465
3742579
8546942
9973244
5674298
9506326
7321049
7402145
7353525
9677847
4989983
8693250
8511028
5062312
1334091
1819326
3391926
9571385
N: 0125458731
