P: 906469083
18541219
97733693
81409932
13900877
28049606
12651239
11178052
45913840
26961566
56450803
93985959
97693666
46566939
22669932
50071948
98408159
58549928
91314528
48930922
58259323
31313445
56133197
71325006
97329782
71182359
89040534
31185420
31013571
78441369
23232947
64281766
97302892
50033597
92196613
55362837
18645094
37600422
31008571
20141485
41646317
21440037
34013761
92089199
45489735
11059314
68216337
48035567
23519468
49568664
68670541
56496773
55203381
15748941
67063157
13419663
67547128
51550848
38396189
14823083
92359026
44518848
23955857
90228864
60551921
89870208
51613473
34234355
16666606
89487582
28188830
99434735
86789450
27512903
98973268
49287402
10103522
22892316
74327950
65353226
24252536
56754547
52149319
78405604
32173334
44706720
46155052
63059647
17246139
89732625
20793952
76092792
97769151
88831635
49179912
25323783
12131141
77866689
14201068
41724839
48177043
48048331
87429141
69066294
51260623
83321613
36872576
10957060
62919720
61683056
63932839
71917320
19941840
54707544
81162961
80432798
70825258
65642599
97700518
74199245
69296512
76588898
33639587
24662517
82450716
92864414
24075595
53495315
10340231
67569050
38109936
84253520
72955410
51513698
30178729
91917817
19921317
65596002
19112782
56761521
93961235
24303078
19547990
23786939
46173376
83090485
80423147
17257926
83578037
58621943
15013694
41784071
94125044
83409159
48069453
42745750
59457165
81093234
92893581
78535073
78634382
19301368
18102956
67058977
17742103
18128116
81618770
85369618
95641933
22270778
39584927
87844916
86340790
48094616
91959157
22711478
36914179
68137531
68684918
80370972
37323144
11374015
37880903
32671742
74800699
98894991
17402379
44937841
77109142
10306881
71965411
91440187
32421796
20427007
87048024
80342913
90788439
71534444
68070106
74872259
44654261
11035742
94499299
46504358
15822740
87475171
72838185
40553184
37842456
69710243
86874604
35693405
28010114
37439308
87987044
10490797
22178922
32142316
48769119
63637617
58283487
46021419
17957302
74242289
89657968
43801023
70957933
73616033
36610921
94707388
62425278
61929532
41867255
18911460
26105954
42388961
29919357
13896862
50637711
57898198
51162101
46968904
24405638
89061811
44826698
36465481
60366338
82066397
77732325
33322279
74485500
35103547
76343025
60435731
27423908
19569528
87602180
48678295
38463918
70310208
66553916
73327551
57145513
96298856
40350051
95703221
75669043
75595157
47718002
28911847
55580783
10534334
12541272
96356546
36261671
33633324
14990185
87392033
34139550
30780164
42983101
35043955
33097086
98650436
96405191
19944439
30531572
58299425
95580163
17097664
54501226
99742140
50007773
37760761
25033248
22157474
30590059
18051514
81986772
72735651
96058216
91133739
73404869
65501170
96899183
41817877
34665117
36902004
90177442
27381626
93690698
69056578
53000605
50108815
53718075
61473123
79451326
41655274
13234045
66318488
40180773
13877897
30147740
11802000
53705976
99673130
65164402
23859490
69627409
59997766
83615608
48120604
35120940
73182154
85548796
33907753
37183614
59809263
49867053
61478893
29595269
62349880
54776812
82074983
54905179
49218049
98202910
21555022
31088352
72440779
33140617
17895137
76187228
67527633
58522260
30825274
43018042
60619336
18360116
85958819
74574555
95885022
30813738
63003548
83393026
26524683
80388601
57830072
55852830
72233882
50798213
75442224
24333669
80194493
40399539
11032115
73772473
60956193
31783388
26051217
41449745
38302093
38938354
45407130
21898591
16661378
61749524
11022830
61375749
55006142
76464311
92556408
47217355
85062657
46987284
67282375
70303520
22260925
37614978
55377148
78802407
74288242
15210812
86233282
20294575
77268707
79441684
33221510
41768683
97540386
94062735
89759127
49070429
95122726
61171977
48951774
29408777
99953555
42351662
18938928
13735299
95753868
93859072
14714460
67833959
86245702
37812074
47044731
53888414
63441342
30663405
48149407
66437138
36723556
48341060
34676091
84317259
81026646
91095144
67329460
54829784
60589498
98849674
31141838
64989194
11169748
30801071
16776550
16004174
24387045
43263794
36911017
65049629
21692910
62721579
76496015
41887850
12585082
30300601
31618214
51309144
48966597
22108904
13293995
37947479
36225690
10257977
84079787
86918645
75077296
62301844
34028924
84340004
14947267
86705563
78703855
93360904
71978087
70470418
59045222
79967333
30445345
43592712
27614764
43087555
93061219
52598532
65123860
95887155
90536598
11336518
44907403
35915618
10992747
16335109
79747715
56409906
10032082
57589068
65683754
17183024
97115003
41106797
33149777
59790808
35858211
45360156
43535580
79147011
57582286
79253930
86152363
26618484
44053780
32272147
44766659
50152547
25281660
95877445
16844959
98991011
34622776
77696588
71316452
73804798
87333613
74521693
12258646
41076009
48531053
17730832
60510514
31270700
72853291
72654990
32563418
23484719
13306151
56649183
11530474
55565466
34851982
86332202
91175755
32197209
75855894
70848602
82279601
39466682
92015675
11997851
18791847
39426301
63458872
54344666
44454177
30785491
68628195
51962625
90733313
92139833
89990573
91979768
25148351
20261324
17350595
74430949
26468453
87059172
95186150
40908926
67860941
24104131
11889629
21083290
87885290
58343331
91878449
62030268
94009333
67240756
52584458
95608321
77407540
56550107
95202691
81086094
89099061
71591214
41673016
65750338
34525246
78069448
36666483
98235096
83839452
18497583
12198043
22223061
32230528
24317897
21985255
64917552
47923539
61531461
16231450
27615365
98091412
55456371
66550717
34819826
61618779
91237561
41556052
90905363
87874896
66777944
81467135
73336497
64028835
82892956
51934729
55822759
80677033
76733801
92509770
37374764
90093956
98685884
46192641
59621944
85857692
20262620
56860795
20157150
15263745
35119874
88920426
92829083
70932329
98265146
37949331
94757500
78629227
64238116
79485988
30855047
58719191
87433524
87071496
52935360
25982621
75713606
69755967
19251244
61459772
11726510
43895447
63444255
83518248
13962144
60406948
83009192
34920626
35651011
26306468
59529593
83080262
50555564
22757817
76523628
85872467
99937789
77451154
61163444
96386608
21930661
33033763
42783641
17085892
27603507
50876289
61295008
17376720
11743432
67516588
86376174
69602932
41190927
38256035
78746169
50321704
92510640
78698571
64629057
64541331
41426697
86930674
81269883
29849897
97197412
20397003
21717189
82032207
29695358
35336330
24679909
87325723
99701833
21705864
17056065
52266953
30599536
21085384
64004539
62777579
37402256
66334823
70285294
99241598
60952957
93903374
14699984
61556025
39558818
22331527
48823869
90805368
23700858
71047197
31606488
15581883
93877282
29260314
76753264
84609731
55935790
88580239
28433795
76839362
70196727
31137870
75941446
72404776
62708162
27896997
88889264
61362808
99498807
97191585
19666347
48003509
11846154
87002736
35917919
57415679
38480146
54625830
79657528
55066668
68207486
57731889
97944251
68015845
35798368
74968277
57936421
76983012
33905527
98264241
99639721
17858999
78193425
68273868
52321282
95589543
13036564
15422650
46713213
77006880
31145654
68832269
57632915
42099831
35285583
81750576
79874450
69962791
74011573
75951264
90275887
30111919
89169109
83749476
25157423
93804083
24113000
42608271
54554293
24961017
98924978
52069650
31229602
62383589
83132930
73544208
95480831
12352468
82690975
36464126
79054226
70268010
95271184
95772844
55075631
90185764
40344326
61964309
86729814
44942150
51635897
81642364
40209121
74641307
63906453
44208779
54717966
50662411
46445366
28792203
55376862
66405350
14166044
91802698
58302589
18515657
19067306
66492866
35028616
85439183
99344993
41360646
56653440
65189181
31004777
83871006
79547376
39968703
13250099
85018891
79979754
65749695
10551589
63509791
43207161
93480518
24644015
45719829
45947929
73800360
89659150
50699944
67426653
31593174
84661550
88315878
90774850
72979723
30418818
47951550
76958636
61746006
61601398
10726114
21512377
13529667
71253762
53522569
47958667
27525100
58388906
89261716
95988090
16810423
52936613
68002101
84564391
69202421
86596086
81947740
85760485
51401438
14641581
71919865
49488246
14893100
75126381
81633371
49312705
60408438
49104016
46781480
72761496
15598955
84777162
69059080
95750676
19724313
19555850
31923237
33355171
80402462
30539711
97684099
86791878
92136914
84806059
44838702
31437112
52881918
43302874
28941959
60336063
14102017
67639850
54372238
87199084
45381179
25830818
98566080
68560784
65468412
66332640
75166327
43188107
26392007
40625799
63131337
62186937
14508336
72084624
33036289
75774775
21969436
77369730
58896889
85226425
22298076
23625092
38962518
71560572
23315684
79557926
34131096
50610722
76298932
51095450
75797318
69408670
92716382
27888976
22961333
34634218
25435027
31032233
25934523
68699672
61341005
12293572
52543107
31008644
33963778
32236902
39213095
19990476
46670543
17780112
67774686
28959485
56255567
74492179
73391661
18142025
32248819
94101570
98072660
81939416
71075258
63720721
34440604
71420341
13631298
33887602
41991647
38593363
24070985
95235421
98754317
28196140
94738931
37049643
71074101
87234250
29084729
72065337
74065020
17290456
71525108
70122167
20482954
10026377
57048028
53551619
98740653
99052544
46351154
24182541
60121957
97187002
42282614
91067166
11030070
22332797
57088727
37432304
97995769
72059491
67869830
79680628
53745336
44257328
16489456
15289474
61344561
56666167
98824602
46823113
43556044
74842889
92797439
78758117
24688108
36810958
99764203
19927656
84367827
52791412
76153709
51573969
13763262
20389754
19990936
73595878
81959982
32669114
40717673
17981743
78484433
22591405
52711893
48153255
23360855
49984673
29402901
73528203
61014812
71491649
60621773
32675861
67710826
67356293
27045787
15385576
67571540
39571308
45424954
82989678
14995352
82245193
47954601
89999316
67296652
59625272
40445077
87978823
70385826
41561355
53314051
51452651
79276927
83760778
35931609
14199617
19617716
45864883
81533863
94719211
11957558
61929164
59544917
11469294
68376594
57776049
34486613
45536443
40941434
46880497
59577237
36310137
64509882
74378720
24732248
44893448
36649507
46964993
73909769
21961519
54056946
68178404
47717185
53304075
75461062
50297144
85696724
25591409
94093450
25233971
79397258
49793161
58491214
67196545
27434966
66147926
58485258
14020181
49970239
17167167
98100119
28437686
70559151
50596398
40278983
70925872
30513965
75902603
13046598
69533341
72275556
94505429
73997438
76044094
37151741
37190580
20418610
91357627
96232794
32604561
74815445
15983331
84254860
15071873
20415119
98094819
38677691
42674814
85769971
98424668
67944688
78935479
41295778
25583017
17237305
43719737
78659392
78364889
32050883
94783183
33410906
90200089
84251420
60821388
83863770
51465926
83451275
63416500
26320427
65614119
25777564
54669239
37351878
84766297
57419382
50710871
80928577
69381261
56299809
33352467
68702670
81103421
62047403
39906534
74689746
21543610
72388667
32576745
76398625
89851058
61922561
53987681
46155593
54570385
82645738
18336836
33871448
29044024
13043088
31576099
14360704
92513392
47553724
97557229
35967046
64740210
99952016
52375823
92419541
46363048
29462630
90096475
39214520
32336628
44452858
71626208
39592949
82170997
32384794
30452238
15173254
30094902
92857531
83369647
75883967
72740810
39908580
43422942
32347356
14271013
48986402
83993912
70170598
54423085
15576776
37782386
17468993
53380717
88155047
29056540
98515567
26023587
76382074
92844722
70555773
46600456
64175575
52362370
44992116
91434657
19517993
66086970
49705813
31110046
97933071
27555996
32284867
45966471
79076097
68748786
64018920
44012207
60223671
84583020
66850063
72183773
16301957
65865520
67415389
71685873
53700813
35327887
68556372
14260709
28723788
16276315
68455151
46877943
84077663
71637362
90038303
23354065
93188913
86689144
61235183
73190608
47602167
11625468
38667103
92955062
30263150
17758470
46388030
55279403
46460274
71135410
49710660
76924190
34052429
76978184
48968621
39779913
55856326
15721701
44341359
44604822
59504194
82023116
20579906
58848311
59325281
95933660
30365982
15279767
11176421
77153530
92140728
58971352
49299906
47681465
98708965
92894820
48011720
73067135
30422305
42371053
96446155
46268432
83420748
39480395
81384826
88928354
91645803
29175846
94768568
19559730
65099509
77525404
44180814
73183130
55412129
41241629
35426146
24405306
74145405
75460643
60692323
50472356
83200539
62181379
14399178
92347636
57947324
68675411
26972877
12954404
48421354
76276385
34047200
69173212
73647430
24007842
83621155
52608843
74388962
22492265
10331044
84760515
32633601
56795186
74129605
38488901
46383489
62408967
11548579
73786522
10913112
24689001
38902674
32708196
22332286
77575517
42272922
32446322
22103195
94705948
68075429
78515324
33139265
21922153
19088752
67081565
18617340
29731334
92658745
59213629
77407739
76036290
26626876
43599474
16163975
90517045
93278940
11776233
95362356
86900886
65424216
68585723
45827378
43524634
60045546
23742161
41537179
58912042
73070232
67283613
75112211
16156526
70441040
99173212
86650572
97343229
42540526
72299848
68746355
64516989
69842649
37703195
27583595
16340566
88656375
11426613
87100135
47816126
26638203
33694037
37381979
31435338
98549529
81566630
90753421
51156643
15740370
75311546
58103263
36272923
30268748
80421403
48759339
64166539
61280129
46428418
77181530
39861284
63996686
14253855
51020143
92286100
36788403
23275112
86397273
46783251
78344704
49064803
13973563
55441861
84535917
87813788
29546388
43119373
34172375
79891248
64993846
58247422
70344342
85493565
50059848
54436971
98289968
27830818
51851320
14009962
21091532
51516112
22622426
17477178
54753351
14598567
33773229
58486542
63725908
49700861
50908546
69902008
11052183
69148243
52937247
49405584
13456184
50933711
12517883
62891130
72212760
94277218
47746697
87398657
61008585
60637070
77543898
27266673
16524574
87526425
49080683
76168355
29434481
68514509
57613987
73768975
11476331
49674304
94215796
47822388
84495541
65554857
34977714
97721680
63950218
35768357
17154070
63899255
25990284
35818889
92518534
94496894
27062450
41510815
29573392
35382722
15312312
32875771
38934549
18077866
23764873
97227212
15314203
83102088
69942887
35864810
23840361
56956303
17902046
25266410
56879764
80588487
26744104
79048002
33812091
45637080
40605266
79376978
23695363
22782024
82738937
24329945
91742040
85857220
28772567
76790363
52194888
71680190
87120958
76549038
20341329
23408383
66882232
44327498
42696535
16887377
51626913
76084561
53053289
85139401
53145624
38944919
44249983
59585076
53799425
85295895
62898061
72689104
44479883
87267588
79957288
65789792
73106264
61645397
60552723
31467685
21157122
45986693
58107496
69731391
80581451
66549073
47342987
48797436
66902248
85875411
51294652
89811644
30889250
91220028
92074463
29330323
62261997
26764066
68479579
31238005
61122147
41099148
31723229
41123547
81153203
13149606
51285977
28210326
17698738
29517400
33006818
68334482
81003644
88032375
17845437
88302985
45112791
98228640
63656016
95589188
58217576
85532066
19087027
62171014
48460543
13195729
61009631
29667005
96959956
95240045
48348696
66249636
22869044
54973002
61164808
21370237
52257208
63130949
64540363
21720783
30564624
27423852
74142852
40601807
74318817
99136614
48958098
74870240
85275226
83078358
N: 901681683
