P: 0
283098
539281
265017
658016
429595
129850
728532
261664
546585
594161
481370
727486
933529
387701
822287
593701
638876
493948
897984
265372
932926
265498
807989
487724
808960
736722
507178
568781
463803
919731
517200
649604
378643
185202
471738
530316
494199
332221
627470
338741
305887
584278
639928
609703
473983
245539
852642
881898
304188
494968
494227
229627
638761
697146
753067
961563
874354
499770
179885
663249
378202
460924
787379
269648
666848
309311
382171
558195
869487
366907
669725
635193
398222
417393
292021
777811
135347
667939
398917
787767
971945
501942
566734
775618
134946
688165
985432
952297
811581
731522
867936
826660
870275
836711
587954
797702
588972
308657
398873
952004
426986
564502
832212
482618
231034
283039
393929
953795
710204
190806
133287
473129
787853
120503
209930
962456
284095
778157
949281
358844
576592
671639
377372
273474
539181
923165
123366
716268
715799
508271
887509
999525
666982
456682
890385
897305
521751
722315
555288
677632
349641
365103
111240
525622
511187
764972
844985
203835
653445
543337
694301
689315
620722
556608
498406
552222
791962
993280
192743
756265
877157
781700
392715
460697
931068
130382
901864
892801
850090
369985
663532
760172
802687
141008
734190
445194
735058
838400
110631
787540
240894
178732
815283
631229
911986
573031
842232
856531
365888
770135
794204
314918
219241
784563
700595
547606
943610
189803
547489
266446
918582
128470
445836
771412
757131
418324
737941
206092
246365
472098
521434
760205
176697
942251
829694
161336
162992
123360
632673
562565
276702
297993
999630
761084
271213
937961
498293
921838
195710
779851
733230
299219
278146
693858
905503
445534
128082
924767
196212
564188
419810
674526
211714
549727
265348
634595
899796
381446
849524
653260
615897
806480
338298
560325
792736
594920
102506
570095
N: 521464430
