P: 278882817
823067
759686
411386
951267
695591
597486
221995
258712
603577
104334
583979
622904
509137
850204
602303
556019
761408
716619
420259
366746
434352
472842
268026
429461
314422
206142
708981
452088
179772
231598
176290
839198
436215
109290
454491
301200
838662
674017
894731
127913
306456
390845
404942
211314
143464
953411
473130
835737
719232
370274
254476
266877
791770
757872
777102
246717
606243
395924
225642
778857
450352
704983
126830
705474
914443
986159
524756
867453
612348
273161
959938
477021
685070
469109
758114
807375
964745
848399
875636
494554
306112
161935
522253
894242
217839
890348
489804
132113
238176
522175
865183
943370
174997
163596
204942
715963
794130
927281
899841
488756
879940
779175
259595
906615
917352
625438
417294
785330
354786
805419
348538
531580
519998
578659
111769
151456
583683
187695
558582
541803
980012
263997
868784
629469
528113
655816
288670
646200
138089
773211
758925
581398
133251
195942
418964
290133
146500
343068
428701
463358
769920
878747
860768
411739
746002
302485
473776
904645
773990
119112
311312
744378
125244
939407
988179
505811
411112
594296
692049
555453
509985
743920
589905
155375
699728
320994
756585
347526
324809
769337
545637
585226
139306
890733
941460
148195
373031
562738
281406
772020
857230
515407
178059
806080
438131
392356
846785
532791
894748
272290
265013
667979
482526
185410
512841
873519
556693
994846
745471
701384
134379
621660
891375
488213
387165
342260
842375
818676
638549
138296
209043
846374
161265
245767
298616
985281
212420
521407
513937
323716
853516
214393
775492
832085
904966
894078
874684
346305
379329
368570
788981
841383
659749
970042
342059
864333
598200
101458
545878
595447
426624
150299
605501
520139
213464
999371
958873
118902
925477
219036
403822
381964
529788
965254
322125
572028
762401
988303
N: 376855701
