P: 376758689
2654449
2951347
8907515
8118645
5369665
8937012
7396427
9397547
8311472
1173699
9565383
7796965
2409750
9240029
2935981
7110687
8860293
9052720
7717173
6698675
2775979
9104808
1777266
1905252
7028412
1386709
5437519
8232489
8819655
8744985
2463632
2277131
9543271
9595891
7785322
9089171
7123935
4824290
9852341
4490760
6024962
3157745
1302779
7352787
1227953
3731102
5893200
9007541
8212607
2844063
6603947
3632875
6171281
1937211
1515438
5121426
3819853
2840860
1132105
2276246
9228268
3378034
9500789
9613286
2309193
7885195
3996499
6050175
3656555
4989845
6360741
4306724
4148912
7332399
6945353
8645000
4957420
7603999
1814059
6578222
9159071
2583117
1648925
4682764
5919524
3667238
3119726
8083926
9511434
2207696
8080296
8963779
5846638
2108873
8055470
7386649
5584448
8639865
8917383
4257253
9855174
4505560
3306867
2988997
6924487
3444440
6655915
9788904
8713683
3997857
5138550
7947770
7362618
8789162
2309560
5970276
2896897
2030770
5465294
8301273
7831889
2947966
5014084
2515182
7001714
7228788
5998423
1984062
3283447
8088507
6175186
7168424
3516686
7776735
8107360
7586992
1438219
7169049
7451386
1032261
8590722
5299651
5493852
7130803
7633639
5854167
9061527
8754733
4536575
7942210
4711743
8011216
2450669
4288243
3794446
8870635
7867951
2379227
9294731
7967085
9875927
3396137
8688269
4605474
4928278
3963386
3692932
9987238
9240542
5301725
7206766
3626051
9121958
7219751
8198269
6815790
7993073
1158338
3889054
1265928
7572337
5905042
1319970
9065306
5558895
5779698
3090760
3985418
3635486
6369426
5153459
5021508
6138597
1055844
3443252
4787889
5113892
8799578
6202522
4297317
6059174
7098069
5344316
7776424
2741766
8269609
9746443
9258622
1275080
4783024
4530283
7157593
5139589
4601784
9003021
5897145
5026716
7636467
3543386
3889833
5325953
4031580
4198440
1998045
1952979
9678853
8776057
6051569
2685915
9640628
2808302
4212683
2443042
6311540
5801064
8874918
4705111
6175369
5145068
8389715
9048164
3173648
5900824
8488508
9262555
8058916
6594001
1776330
5748901
8359573
5312417
8288855
6276606
1080045
7709858
7458650
7691534
5749591
2807294
7984144
8123164
9553809
2098771
3239004
6628084
5723864
5701053
5276494
4027969
3695880
7669649
8696418
9197012
5438979
1092171
3832624
5578194
3859973
3428298
8843223
4773431
3830871
3992547
8527117
5967951
9991140
5628675
7686029
5471550
4027832
8947557
9138513
6871913
3026547
4625065
7741009
8562210
7159349
1939542
4682213
1785024
5128428
5612114
2659645
3497150
2095402
4940258
2420645
1445672
6276386
4176973
7768630
2159129
9600892
5673531
8149145
8323264
3860237
5675619
1523054
4648733
5278360
7359280
6091849
8193083
8379134
2030951
5075062
1916979
4942733
6689413
9413905
2881246
9146322
6800880
9531325
1498368
4143832
6923998
4660445
6022665
1967194
1551610
1929486
5951976
7079837
3471775
6730556
6275003
2302552
8045864
1160925
4205515
5972721
5033483
8207011
9728076
2344368
5990826
5945411
7699019
6878854
N: 1035372211
