P: 29494093
28670107
86160277
25847049
81800254
36083493
10318220
44984761
63304599
38491064
98854130
40271849
76372800
72935402
22895203
95134551
55827966
80335559
44229542
54317273
98014320
88111598
78520479
96186073
49681238
98091227
96612553
30265995
23799074
11490482
26354612
31008319
61468027
34103683
57507082
34992716
99193031
50846860
83401670
90176346
52352715
93100063
86638089
25665494
50896765
73003132
12322981
89861103
91734688
40294725
95471022
65885519
35359891
68099861
30509906
18041023
14995349
82146301
89314975
96144949
93122839
80816424
78027605
42646136
80867781
47766932
42710000
57464351
72596578
98192562
92702341
40632832
54819621
70196081
41123179
19971610
25916725
83765995
20263209
34246041
73238449
20331432
85261563
88759692
40060398
74621525
81294967
88293105
93243181
35632775
85526372
53205361
59072568
93159496
50873337
33248970
86398702
71401515
98887090
82732154
41890988
38330295
27961361
40772517
62725225
47821161
18940473
85892553
66961937
75152901
51224690
77383946
54941145
38980544
83369658
59267023
66492645
66144051
11439884
77495096
51098208
36064973
60545265
24793356
82839763
59798008
24476260
91999022
42744930
58064786
50411465
20282525
16009876
55037224
26969303
40058475
85201299
33389281
72636818
80371471
40341526
59063992
82462689
82968526
60071138
30685356
88219401
99028564
43834422
89658019
79643343
12099149
18010070
36617543
23515789
69518443
77845929
25311596
70748831
80260780
76277465
32443802
64937761
21013309
45253683
83436776
80405703
20686804
74019436
31128793
32796065
46531031
98093923
73079346
23990688
31714870
11716232
63490919
90440662
76317545
28613155
68039377
52011896
53994644
64447243
97540738
38660916
89547662
22596780
81732582
32145860
45828368
71059750
70549594
59898880
61660727
79919753
83378205
14151252
37488756
26073917
43795284
67977703
21981945
48819327
97142114
93497435
34764530
29270975
75949858
36214159
13002727
66072350
19913241
50287714
22602599
49174144
24228738
62014405
30412459
44292889
67443211
67827667
33270005
90300066
91620411
10680753
61181914
92221345
69562911
90069773
76379375
17802372
63060673
95435663
79474706
48243382
80341256
15671696
85822878
77588993
36482958
12360971
41274237
29929611
21896477
36932368
19948036
23775539
18353481
65398936
24396941
72106683
76693153
99953899
23638711
35733034
37056898
62903320
77687325
81675932
39754568
35026270
70865618
48414235
34887083
87414175
92929091
29242914
37713520
79437916
75460719
17192564
11783459
92297335
33005459
11719148
55001390
85921213
16279445
93483820
51011962
66676909
12174910
50692778
27993340
95349439
73909286
81887590
59323427
33650884
28845006
40513140
60289356
20815101
87717200
13663959
58446479
90993481
75463163
11972725
86395226
90730183
24961700
68705560
91955067
79605013
46164161
56798834
40222244
15756336
80458912
95731319
28052042
39314968
38911239
50525466
81688335
76425529
11978565
48519301
80327097
97825228
71937511
48336801
49534622
11961192
46004645
40543427
44480316
69142905
12165290
83329119
88176585
37398034
97561158
95467835
48120798
24583573
51206687
95831942
98929580
77745296
10939357
76227681
14055431
45500940
77675946
96163463
98795117
91505646
69094044
31134057
74965076
71681418
95343646
17865316
16379661
78716562
60030171
50481423
57793837
19383347
68616939
55864428
25417873
25436357
67028467
97381399
35973750
23373482
60932863
48599805
64557235
88394251
19881172
20388757
83937521
76009576
26773726
34689476
96293871
73398478
74898647
52242992
62954244
24515069
40637855
83695746
23517795
84200460
52479688
64255948
80138910
56876876
69934389
34865263
31198412
89857924
78501115
88158013
94192853
26432780
77842729
87441866
14522278
53422329
54306500
94523749
73676179
41209786
22551150
57365232
49978858
85903601
98695736
15307509
62985680
73719293
99916503
31008467
41349531
59682788
26929627
69894442
38881428
71387707
33784744
23593964
38849212
71090410
99472357
83388501
41853248
59368019
20775078
97639902
68171584
79063024
78100521
30296559
10945758
31927796
18655275
39501466
94510544
65731967
81743357
28511256
15963702
31806755
15924938
90446193
53922200
54428712
74793156
74128197
89449225
73196822
52026623
27258387
29050682
73098251
85175738
72913191
16489645
95250543
12227532
33891327
82167839
33171387
15052194
26062230
72069493
56983394
96753357
25380951
89063057
16520493
51280295
59167078
11398015
15261328
71106857
16703989
43645738
44394065
62626269
84404913
87797506
60192691
86207859
68816098
50542924
27762950
10428540
55121403
61849207
77039728
23545528
59983949
30868655
66778710
98724998
31572253
81774394
20211157
26521980
98815137
79260939
98580995
56449828
22049712
28490572
15990728
74005417
78995183
33449011
99838852
16126414
62253614
90999337
12906209
55053860
31416065
88684157
60424720
81755126
60091327
60860509
33026796
20114261
11596637
17793813
35618350
52164669
69222777
95220337
36769170
65929802
93015245
19278776
91132779
13535968
83668178
46685155
66537001
17347081
40360820
12958234
11403542
40439121
19780027
87703586
77547944
44171139
30373730
14647442
15634648
14351573
56186461
53750308
24341242
88872954
95929990
61374048
53957939
51672634
77822199
35659879
76268402
21823885
66303760
89142561
10397850
65841903
66319017
57037503
97969860
90714546
69364113
79662249
21243699
33457632
94907320
63792926
42293325
95264105
75318138
40847404
31369856
53049450
25038921
66132574
16690365
54823135
50693343
68225787
57483253
51649625
94953127
41924626
86724464
35978122
45407330
63003380
63589384
39908803
68797304
92523852
38023726
59099436
89090283
24613076
45720467
94860372
10611781
55434255
35904044
88255162
17332584
79975830
62153960
27636902
22661616
12488649
26638558
95707909
64819512
49559824
49747232
97212092
64233605
49909692
29868771
52920177
20495308
58405080
94683959
34858380
64371032
90318414
44971486
14814298
92644266
14128261
91340652
34737830
68425767
95325036
71026936
78873604
92899452
99012043
33773063
19268610
36299627
76108296
52053962
13481827
62124864
88026321
90427963
36905317
41148886
12817816
32033449
82531389
22352883
43065107
76458482
47885312
87712596
14742961
55100045
10755201
71476203
57593445
28757389
72782963
89497389
43026047
32920218
16744547
21081417
25147312
10344606
69495887
44650549
96478434
10478274
74755193
19072412
91356653
22458417
10442570
83972052
58160361
55919817
78262784
21950878
15661393
61107732
50257020
37640884
77846343
73786145
59253954
37475326
49700014
70156693
84619834
76485400
58060332
81210593
59288648
48235997
16657550
76850892
52248703
80562168
64037113
29920557
57694704
34431492
13633708
81188377
90309219
90309315
45318086
58622255
37422951
60249553
81746714
34833322
90396431
75726644
64922559
66696381
13016576
53215268
24788391
63663216
26923249
62879381
45456142
81545076
77102408
50529858
82619206
60610848
39589660
79172176
84198559
91462138
59444137
87143383
86615035
17859316
24029540
81870226
10101740
31992323
19984949
72727415
38973337
51438099
59128285
84353394
52138079
73323407
27981222
68824036
63735437
68531088
48850706
78764582
19806369
74413097
17765283
71520611
62057652
32302583
28085968
36875272
95887794
34657536
74066851
55694719
24220916
14057945
54846816
19844276
72424505
48615863
51054038
39911464
29882818
90395623
89517818
70498378
48433762
80752820
13543278
33703763
62963570
82059032
89143242
50628949
30463524
99356327
99804527
85764409
15900609
38438068
78247908
41553060
13886095
76234594
80001675
57247819
55585939
37825236
67540499
68844542
23136183
93527201
58875920
55861816
95725154
92941344
82741392
19252972
40489319
85887922
48838649
61459158
45113150
60965436
32468979
71702192
31537459
52489142
95509941
53275497
28631206
75427241
41090582
52913650
60070102
52847705
83312893
24276104
45036727
64969587
18472691
21849298
72691633
14565464
71113404
47071374
78574498
43079045
37680377
21175365
24734511
29790353
77049965
91645110
89768512
51607741
82025497
62134921
85693050
95840254
82901016
17237207
86948038
53017602
94043293
99012207
92085255
99548368
83068341
90036722
91221028
51629046
74685769
77173420
92101573
72247139
93608212
51797704
33441833
86440755
23703797
15093190
62772264
13385496
21714896
71355876
85228579
76484018
41037914
65729718
71958314
81758250
71700399
35225496
58056128
77803213
87471520
49467190
59345463
64577863
88695849
12918636
10328451
90058184
44958029
10156632
78798632
60425810
43625852
37983600
93849446
83470731
27499790
68552505
75279015
12416961
36897156
70497441
31025807
90349620
86423488
58766945
61776835
98369932
17758558
56849922
21727533
20702474
95153171
86098767
96963154
55323406
98755909
47273415
43431265
95925179
15770526
89212788
66124718
42528877
76117890
30480177
31500278
14964646
33701922
35937893
61943550
24457779
31006905
16739618
24698824
41215982
85460269
64586802
12719079
62594287
95236683
82188762
62881313
18856113
53471913
78711251
84473937
79767734
25698374
47999391
31679189
10696042
23013128
25247764
71240145
91148771
33844123
34771774
65610100
31113483
27543338
95248832
63567967
37669398
11362992
73381536
67029861
34406687
91245390
10370311
36806774
92094673
33577005
73578860
30089585
37784660
79307593
88566905
85017946
34104562
85982537
23171531
72469163
90816022
30980312
22767593
11871042
87226362
54374908
74839513
95924754
84384864
59401172
65537771
53592604
17001388
55410491
91906069
24274359
29921160
75513215
93275868
49590433
98898326
45574464
76781123
25010156
68281815
60864161
53790348
84852253
28464912
49951158
73136368
30181712
79541693
50987424
21515686
50845055
15252104
81665370
49969656
77756449
18288153
19453641
30249688
68152457
18718067
92863885
30778951
56860119
69418628
80556564
53967757
82937876
30903087
96797549
15939901
51813492
83167382
99990050
75582169
22936749
14223289
20181701
62916290
49746653
66439056
41962265
34401388
N: 314776513

