P: 855516677
1342630
1324713
4473980
4616551
8918457
9003510
2066958
3874083
4947376
2719062
9688920
5383884
9313476
5530881
3659363
3592434
4814110
6850680
3803682
7417477
3928563
8907340
6279559
1990640
9819746
6981389
3115244
9090088
7872232
6793815
3498647
6975124
2379104
1520612
2758322
8571717
8464827
4842013
9425201
7415504
4665290
5454273
6363145
8617383
5699117
7349601
7278035
6287822
2528535
6637972
6435160
6105775
6060780
8402066
9060959
9910519
9214812
5492000
1274239
2542697
1487520
4165837
1764589
4169370
1510110
6706430
4109396
5981271
4445142
4736214
8970827
3131095
2174871
1148880
6194488
3802609
7204112
6158221
6419014
8192302
7748892
8503241
4901173
9248956
6890367
9007416
2165296
4210448
4626516
6265885
4137861
7640999
4404464
6874572
6449264
9761536
3362229
7867587
4228261
6935082
9296429
7123849
5998268
9114583
6228149
8991248
7861231
4421505
8602170
5786575
7135607
6278486
4289424
4720145
1101293
9184498
1331738
5589785
8177264
9900259
8140294
4951436
2171117
2057969
6119236
9737623
6119181
8985599
7135386
4619528
9872521
4745742
6685111
5544131
5251745
1363796
1571925
6651215
3335527
5900240
6404267
6577098
7683921
1996871
8577051
2854245
2133778
3299669
2789169
7794910
7402559
9260072
7359650
9905060
6307160
2991551
4581148
8164336
6301182
4605702
6777718
9034936
7016342
2114433
1469328
8561207
2397354
3745076
8602616
9530885
5853364
2821340
2144182
4338119
9751632
2982602
5547674
6047534
4275382
1035230
3623457
1837058
8870689
1677887
3260381
6149946
5440432
5156737
7535808
8558613
1241754
9281685
3400940
6483161
4452817
1632575
1675847
3333218
7535998
9339531
4082209
8371771
6144885
8594512
7223956
7702435
7659736
1198058
9953937
5041151
3249416
3489970
4801176
6974366
9355366
7249545
9157824
5280335
5359197
3493314
8966746
8340131
5409706
4342079
1402067
5760128
2670648
9152368
5471200
4474863
9863423
9968656
5696497
1592495
6500230
5337881
8427258
4896942
6382275
8400997
9688947
2416469
4832620
8179039
6514276
9388665
7080079
5203830
6160592
7478353
6730681
2086693
9408268
7264529
9817572
1437487
3581901
5043061
4252983
9304426
5475066
6954600
5446439
3225076
7655143
4364113
2882154
1119494
4168800
7178598
9202849
5473176
1143827
2201022
1746086
5239475
3385160
4944854
6713204
4755174
5578814
6692517
2783767
9209814
4006700
5149801
3265008
9860826
8391861
9317097
7785078
9330042
5625032
3525272
5277337
8601784
7878261
7400528
3342217
4731052
7890598
3366571
1153035
5335671
6959314
7554384
1399233
1197416
6291044
4499239
6568123
3686042
5612913
5899939
6444306
1552511
4616267
4090810
4485974
5995369
5221231
3674464
5756674
3072294
6115104
3594183
7580411
4111755
6254500
5558990
7787782
2814215
5277720
4826382
5855986
9821321
2693975
2857500
5998463
2295122
7116595
1676690
7093792
N: 52921369
