P: 458911723
870395
811846
674285
657000
605964
349829
454071
749897
599125
375813
320675
137971
264878
824854
997260
997658
931132
566793
972649
122221
496599
888758
589787
304717
832048
171949
341412
212294
636220
933137
426343
998013
535717
762870
619116
174671
949885
413027
627697
946771
337300
304219
714109
333153
636877
933340
269379
349006
778828
116090
299952
252330
656069
383368
975347
921160
403047
819616
939138
183342
994650
374342
830347
816484
210521
278333
726130
407947
962212
217224
796873
306160
613431
616527
210065
274935
154759
657915
884438
527961
462298
785146
490159
605485
689159
259043
222647
268790
570659
745023
679972
981736
827971
809325
607114
484753
391295
505551
127779
532196
999714
581706
864745
288210
636782
421932
594308
500555
806607
970754
345211
832217
284777
979408
500956
953230
891318
188676
351705
963170
137554
636796
665217
234427
150227
478234
821205
510741
443232
961678
607713
376342
309786
173738
423114
143289
145267
379100
676944
355793
974448
780603
379115
692271
501907
738371
277772
967688
777089
390502
186791
920214
192186
196420
414293
864552
122975
756266
362283
779756
760270
319021
484536
525987
434307
597781
670047
482491
437483
927137
883005
567724
803237
868142
888222
317700
908530
689020
713352
272695
643165
765464
590927
280527
831756
282402
222767
279081
156696
268918
738519
410700
505131
613597
534405
536493
928433
889651
522043
271642
695869
119085
143129
897495
145941
692521
554493
380184
640972
561168
802202
348053
128355
905652
221851
428968
856569
192599
709546
473617
422681
414354
748418
178265
859822
162302
363407
473142
283635
650277
140899
207211
755386
255917
529273
477106
361454
910734
626095
781074
197225
446403
650213
597847
544876
425809
627174
556728
899115
840787
459655
996200
697914
726098
395237
220354
192620
992583
347215
764396
824047
476497
936010
835169
651375
125278
891700
919983
888919
661907
811453
236733
492128
320752
559826
840411
286261
917945
566143
708160
527035
656407
402269
480840
534713
476429
155947
510878
307118
840936
294439
737179
598997
113725
230031
522422
N: 55272517
