P: 470490485
1556150
2794522
1175287
7480456
1924790
6808863
4795714
7184274
2033261
7748419
4940562
3396349
5956411
7211867
5712076
7276487
5814070
9361823
5833265
4487344
8482374
4934531
3389037
8107930
6348629
9140949
5897054
9211881
9923544
8134195
2752319
6220162
1862365
4726790
9200510
4771513
1327321
6590295
1174504
1330795
7619824
3994689
1282571
3440959
1300645
4035670
5877702
9155562
6498971
9137429
8518904
6146156
7503916
7960877
4312838
4637114
7219167
5428268
4781857
5867073
9887090
8718390
9162686
6778825
5121000
9228465
5895432
1353775
9683820
2562542
1748744
4716668
8289780
2344924
3714603
1065297
6733797
3540301
7480222
6154877
1171021
9476490
7815154
4949046
6965005
7514955
7093192
5758095
4041072
3504939
2134592
9273964
9804291
4089552
8640948
2156017
2294359
6121549
5304446
8074713
5069337
2004224
9497926
6602164
6358076
6659008
2597519
9394162
2170974
2696816
2315027
9433814
7264468
5773744
8939707
1870484
4423014
5126019
1840873
8194119
8777177
3890170
7112405
9795854
9485669
8162756
4460454
4610679
7747244
1198216
9738743
3869143
1632745
4843235
2523818
6509083
4494329
2571962
6910280
7131394
7977122
5175230
9521247
3776895
7719141
5339809
7877311
6217467
7040865
7829639
2778497
3739841
7643896
8434463
7433891
1472127
3202904
5587513
8128415
4629573
7068604
2128297
4119463
7536341
4388006
4717825
2329051
5998358
8808750
8772998
9332107
6147724
2150403
3438633
4184106
2354729
9077717
1286092
4676308
2683434
6548563
8167403
8662468
7604129
5914546
4039855
6280018
7017941
5512248
8141856
5457802
6516015
3072229
7266673
5094105
1556306
7761610
2711509
1938895
4141332
1591283
1800613
7523784
7530086
1834542
9857748
2988051
9957331
6592243
9661434
1716560
1426205
8602634
6516654
2669711
6668157
2377795
3692985
7656796
5231328
2098847
4234431
3222942
7778146
4628794
5409409
3250064
6895392
1880794
7013186
1170930
1637723
6241380
8738417
3964746
8707901
7118562
1445663
2649518
4436219
4933440
5670817
2774831
7915644
6776562
5507940
1921712
1465269
6820440
1407453
4812352
4140149
9348181
3462437
2319828
7828740
7671005
6591829
9762465
7711942
6115618
7236197
4762227
9595637
1701920
8028628
8987447
3569098
7186885
2727184
2426761
6804698
6345952
8505796
6534902
1938070
5390731
2166170
5911337
8511841
8205576
9406102
9973441
2809848
8644842
6454868
1957841
3822097
8780803
4528756
4828708
7924150
2980992
1944328
7089070
7931019
2308181
7802159
2366916
9131195
4996266
6606481
5211864
7687255
N: 26386026
