P: 426017290
910404488
308579960
504025354
349953191
771533354
676102617
887089822
472351820
558472256
997563336
697693690
637882534
415212846
546097206
257895787
383703645
695084711
505580615
307571451
645241226
615225734
118168815
198295401
503285772
899061378
152859981
321111175
100865798
967774624
991909638
654581470
958689145
833069245
703632048
877326180
941850721
812447030
127248713
109754693
639241923
863073591
225915811
667499414
830640478
407783442
633401868
621894401
550872130
734713850
479983571
300402626
113227470
412194364
148991029
656034001
440923763
275136908
622361896
589691371
702559355
145138259
745262948
548891535
867895274
766264584
604171214
743694423
641356502
945073112
650896431
689577630
396122563
831737001
551626345
750183815
998274323
660382041
943112635
762198579
298065619
359358713
825809052
258360270
822328649
839244977
908399068
931547400
464378145
870737526
267170705
332717245
262876761
502056175
785625615
435928130
334145615
178064573
332090522
997208467
171442291
315694474
408246697
177894770
648241674
138618745
617584821
865916641
403915851
541429098
189906892
783286124
883986621
739494104
322561640
504619717
762863445
828489350
647416504
620076578
855032321
950860359
854381017
217659500
527281377
790805608
373422952
640285038
700530618
975920201
424096885
161668326
202375844
771111352
590958100
325013385
547651350
726248721
835728825
868919525
247200497
540896140
640162172
655846831
581916998
253492450
841184852
355209841
139765994
651146288
983965664
715696981
888377241
140998839
682350959
124635178
585244645
261008120
237573526
139045694
992799271
658185724
674185748
652901572
118624251
588970535
985652745
373031665
833838405
327466285
703146710
964414743
724365615
796790606
298853669
272189234
912019376
782155850
431814412
116679858
659355529
100247201
995894373
140778387
890497920
620175538
453857869
975090963
322547935
209139913
590339748
770887994
976681353
896177627
364997312
172254822
811623874
833908907
311902062
747600957
640933033
324847876
228424154
374036284
265809538
932706279
743202823
265896667
486942004
924451560
156172359
564363776
727037561
311011870
785284044
770607028
397876620
277346254
963086697
259444710
389578185
399235331
161847282
771620080
681971200
736141769
439907603
127896453
465967490
289065212
277490075
399070190
735588448
636368337
904601901
762348222
345528757
852833046
853316371
509128589
686470252
711564408
693111372
552981184
691464216
775302069
233279775
244384215
429392879
374597452
636790068
451130412
491943844
463349529
126059221
453054430
783679513
617365193
555375895
154333430
148571319
366225695
779039963
248064653
810052979
542938041
534600883
199310691
219870360
453778031
443613974
224822173
829432818
202188020
912786262
595418167
431892150
303618339
911206198
533544728
637626056
618808015
381533169
493064446
883190326
532990391
953071224
234477613
446009325
544822713
283749453
152323418
657983809
922803804
291777081
752338905
943479407
358554754
804322436
769507373
525423739
793817291
225369274
177223865
271955212
356583927
654412709
142590478
925068545
113063753
335243880
427053434
344103357
311816294
514183349
572812266
794364044
300751102
383865577
908331091
579231899
173637928
474146678
897989661
448868743
922199847
142025435
657105762
514374819
133498191
423135540
143900945
298909496
353222250
371592259
239107681
800768514
320577097
721764296
984268321
603764071
527152969
518946930
172979468
592465321
337618835
419099182
226482078
781482486
864552149
537766274
418238913
679409758
876184531
407789996
389013893
171151845
178995431
976618241
331510120
598302530
519691245
402271607
217154624
402303078
537065588
704706594
144292426
157908087
209893126
393891963
978867782
329342711
569780852
286434960
179604973
974934087
340292024
937014013
593888841
119334081
526789312
882675848
911915445
980096598
112653897
400010218
306932651
972676339
250995846
588445169
556222971
349129006
256933230
143677359
513633778
230566586
351645702
481318644
321760264
858686070
452074951
169206351
570567944
293987749
635205572
951620057
352472798
928467653
170562435
381831291
906898718
558866360
544900807
932891228
346344004
364943047
979874090
991467112
929059483
961220866
382231886
451044447
358120875
239942001
659408641
592985397
602568395
959654138
727672745
690592266
538759799
510046782
830371579
440998283
857688100
808291930
266013930
238817129
886992059
283614926
128946226
293948601
778617309
926214690
504258041
764692639
413944380
867009036
401253997
836423242
651075731
194407261
944659775
671814746
413266393
186841820
452395823
492938439
205120586
905024057
357946445
921497947
587286456
217764076
194508716
222275885
460085695
627643840
646133579
633048057
384868578
370654638
220790471
461691616
930315186
897879012
371124709
188985501
331528367
567399014
236125807
956618968
280315188
684944487
768970789
205006912
261583744
654741894
129541515
808302952
898903672
480999198
184733393
898242630
813992461
236866176
336072924
195645678
963341323
322707443
740796358
654120409
270701739
262031104
343774479
561788826
616422870
598898598
884285836
254774632
194338916
181002468
240263321
543481180
378798732
213655720
140968020
995690147
936591643
182889471
588165665
381685909
641161270
979269320
922920721
472218157
548259164
579514027
601191340
630277176
570995265
873085083
819852293
435214379
228041628
472043390
745824935
384768334
672782175
501483462
437685949
182371298
656270460
142706285
822951062
670985299
541236996
177211181
760115588
917285622
911660005
604151466
970017229
988519504
446680392
986688178
729814372
200834598
399342763
367815764
224148134
978393417
646563773
187242946
153722916
329014991
174668618
437487519
599936534
714864025
829022683
160988545
125924821
357284087
309242190
478848121
903410646
913673851
619802596
925562821
102594122
935630456
768117579
355351777
260638367
450958436
658646306
535495396
591099036
430732091
256053805
163295095
730505693
413107499
487888047
760295806
934048767
989452057
330839854
327294298
574108164
290201936
165389359
136504637
310718722
206371321
261691791
881455627
482215146
692343096
357183165
893906746
417907885
621093564
702015866
433663204
740354301
812395994
415071133
971020342
390160926
402160708
912566696
108287964
637584877
470513857
174922994
498097571
293058296
884991004
518874314
232764915
473746445
244538511
313977094
613628592
629680661
640422911
144557570
109519673
891815209
284648407
976491685
153718481
540489227
709200483
580516042
733774764
105651079
315550660
789956799
373176543
225147374
638852513
190378260
984536759
879537037
291679884
703081247
574576512
736371480
170076723
514074753
324854827
421040942
979986251
880732195
924118486
215941850
570516885
442595458
364748312
438184568
380524734
441961395
435047163
493867574
757819989
351061268
640691707
638898984
898734676
942697032
129322178
811151708
404091362
278864399
433021108
717610233
649640719
709186723
681464798
603467699
675142096
471543819
956117770
639611547
260803197
363736523
205231971
809855102
647694021
862099457
762745493
669269047
197937491
503423315
921440003
439060780
967716761
956006382
357251662
612228251
229545306
709227197
973095732
827571519
857116538
337341852
776753974
918635188
678849974
905666740
628820017
269978756
214446643
797451776
188687882
986694678
904412061
203536805
394110489
898212414
957335903
152774617
732613233
281896955
117732343
836980993
679449718
603623396
742693279
451784407
437940087
579278382
660579845
790362533
245077960
466491649
719384204
331857703
928289654
120661542
659978778
451522033
378690596
791488793
939830419
126788544
117072152
680320573
354725792
672454592
594330577
187377783
218380602
104324227
368236524
432378441
394508416
605933950
836302558
451965251
426329601
755695180
849075220
177798205
864388501
296949659
464104292
575912219
567320153
752764814
411647342
808759737
640836309
579576621
340891757
450321086
661471113
360129722
515295887
996199843
249171437
927091164
201970385
710387170
128726545
330361388
395792337
872441783
830282340
879697101
153461542
513702344
424940336
848769081
283197731
893247836
279846099
466895953
104168763
548362657
199655798
702559125
208024170
832398366
660849642
590874327
310564325
443199010
825736567
605265937
154570378
432962447
975198493
114847359
668587500
934223713
444876201
153960231
783124084
963907422
209154245
660158404
974202804
135704643
617894598
504297421
723860206
945284102
269109556
367092030
367106813
113812277
773135045
869284229
337330800
653387893
598207809
226901380
319919560
378760803
325456544
380468629
653894930
611247726
809718555
177353441
141891659
696939854
336059182
739433973
275842953
120434264
437686905
111876941
268337815
995151544
959827152
338207828
415845343
407552831
172182932
894041047
893592399
178832017
209138703
256523254
176882361
113462457
843421391
166454476
679510830
345982157
925600585
277921529
634806942
756650258
332059200
623335691
567221751
294580035
392398139
439011024
354150185
255769376
288432665
705110722
272726196
128317511
381146011
346266477
486928864
413797078
738922525
908219219
767405229
746743701
874683518
760797294
471558033
463250217
707092985
636987173
870798254
679786245
242292940
911452546
815525683
858768202
879461466
368211859
232681987
155196711
508005645
107454740
348187512
271461131
111253094
237623702
443336579
356189621
317828939
965641660
794498975
475558473
803037404
575851760
622084558
543833471
357240714
378262310
261076624
243378393
157886757
662106000
827432476
191577882
912206524
438687174
678151218
896882177
129697208
388377398
758138438
630982752
350245087
968679626
907461577
202747731
396854691
386144120
630527090
810632110
204003371
776343385
763461293
726507271
340254884
668807058
550915755
208872743
590857583
806045309
241711956
802173054
504235056
725393919
671196857
615396521
506937818
956090275
129497591
529099613
483563946
370159041
462090666
361851394
715664326
463618882
918170434
318449417
134124202
717212154
908213966
128173359
976160844
852223804
598781010
300511211
131496746
303304842
837664806
967494205
917810563
687481467
440628996
433847159
725230039
637416515
641371256
377542266
333527789
434002298
772031772
669641058
619651800
136948957
257718000
477674534
637986549
491741193
413802693
148438344
596991898
800471682
511365831
216207474
535140909
866451666
939913258
441263191
549270943
681697988
373208590
270581947
513920276
271450990
932290100
627746705
128532327
589996809
697504661
335872603
704541905
631282055
115641782
741557582
625225552
131493632
732472840
248965323
268094778
211450783
248240855
951448204
553414576
850884945
608039667
663263408
844451486
924194666
930034411
757045765
722617903
319401019
251767350
943959102
895936839
514968097
589889322
269330604
676183766
376660104
505537711
192148279
360487268
980219305
957430015
608447854
136597512
351647835
235855059
564278318
675319766
383625189
899586058
912677198
183908087
162915145
305302099
199641408
302940520
145639623
181637156
691694283
431788979
991082943
831416148
107491476
972323333
443460076
376215431
549252213
892418558
272894796
753850141
472024201
311381640
420358656
257475958
257010013
871618243
379031929
312295701
549308449
622803757
946096227
966508122
943309704
575483900
709794195
472594763
497207277
513893806
881644999
458138668
477542546
497615364
772193966
366508246
470468897
393928063
914738554
202387434
211220478
827649732
406256913
168496466
206200462
918101735
269929466
198914844
664456424
293325477
295071677
709482790
469118089
811066585
563412860
318108825
490152898
685491137
694496012
678523675
446651085
606077470
819155957
563803384
546142226
847669523
517552229
274165344
865808271
155442992
517765249
276140212
793041616
930340498
580022135
444926891
481112386
556267522
698662486
337152296
643227353
148079090
671484653
791295087
545908762
160622678
413465306
221222916
735314283
389028950
622449863
264797301
274722052
346066104
363887496
908965675
773407696
936666758
661675877
767406552
664775735
302514273
340738792
232711246
732332481
359194359
134129610
846476706
443186725
748412386
344227685
942651333
293667354
235305110
861658476
773775094
261118661
395143866
509038751
755557692
532300949
977735624
269914844
730584824
196831795
661848099
265907798
307300843
210394625
259881076
535796476
264677532
752696784
930457847
719705225
701304397
930325820
537826751
506927570
442721120
551753821
689346571
333066795
993492821
366850935
228507393
278053844
736080411
234920798
392448051
213727474
237946853
724522223
444984269
756875860
457639404
246422337
736151826
959089658
299830586
261034280
395325387
471665039
161395707
888271472
160805770
641278842
454645737
146437437
671390182
178372291
577202201
648314811
996292997
888243529
176014385
612624693
159615394
162278811
889358312
481444933
555074189
364813895
807028201
203245149
544639804
652599267
920841031
810532713
310769325
565968873
342826816
322768091
557862487
720500231
749868313
929107148
888966661
895236992
254254633
937912261
470020879
107554533
250058237
375280210
956906560
138999987
988573572
389206165
549316038
534501403
520095943
345969851
558891962
581659667
306377172
600901519
914963731
783202163
166649892
983254697
416123875
114009853
166869785
937019230
239529711
922280592
482663632
428094427
315365046
771499590
456145018
707163062
710426878
194070276
833444890
578316894
491891127
156080575
326909308
231242671
533696671
876954529
908727701
687956883
328538121
524391078
454652113
442661212
725954960
793730155
620744223
281302359
780764912
871638170
241798643
134174927
979331839
361586590
269325882
683450437
829873886
624743531
660628497
628725422
298112592
694538233
393247543
817590128
255549002
836441617
362033133
684580630
591204806
455417313
834661849
995405178
106375366
327360751
763785779
907294767
878847613
209786994
164547133
309418017
131495039
449635392
121401244
793447281
742367890
613026155
588616446
797762427
101523662
380637209
372359129
376560380
361461787
139376067
867357480
747346788
693890792
190569841
692543767
655214998
258154635
308299666
450138129
886390189
942080557
276110884
441613424
438753409
771406669
342632289
767233167
670832891
932189857
112807991
466261285
536392963
762845269
557908200
137128426
976513602
499987039
464767568
872588417
610837795
874180213
560831260
991034131
119310011
367561919
305254260
111679054
145575287
593735180
365921155
417884423
518085582
996190032
160287973
390913443
450603969
818559041
306782300
707634529
166738886
655703884
923818555
918122203
214513472
671970594
894643189
542825455
391148842
804216675
924476675
979418489
191393365
957869437
617240646
408407543
995817523
601478041
944064322
519320973
185151560
730802167
823476870
516680905
286869650
443455597
890621451
822961552
877435365
911090155
615328106
178129493
397572159
634919188
677498994
592429630
720681199
868314572
110526043
650373400
572966700
667847891
301351617
218809160
254880605
782289295
998483357
845192912
157894176
992620881
240815533
684745423
385219822
346363797
302806190
446712627
246715570
902218972
359844069
307172942
531383947
978154653
635991999
435604961
386859952
923554908
378778454
837286135
449032646
109055974
914027518
699577177
234442537
263092713
168406963
952847199
501726846
549273934
910730636
625601040
654470297
736526719
571042804
998644180
609041171
518641542
370899995
259778262
782930066
261887883
355809578
200541087
701787799
831794454
743340763
325266692
909197194
962131155
233741600
320220152
231575428
372881930
207608715
657870933
561689413
346373485
933410982
300055270
695159603
602877801
821249512
647075400
912014081
825421016
773473161
361036827
739468828
904581353
612067491
192325976
285468622
900412820
872773573
731380330
436169792
430393325
494414495
377588913
188471435
924404738
302671597
770187929
621644749
329153326
750566434
482805474
290486445
727519422
887977871
172508978
158748966
702127111
171804225
303619305
377158723
511820242
902966023
461443041
743260468
695081905
394943171
145290841
677003621
547240277
841571724
871486874
793261905
715133773
420031666
191540294
704905166
455634934
717165842
948578978
244336768
431251695
109700229
178275696
939081470
790368691
930799379
778854266
634831397
563277464
535990053
500399285
342844698
353196956
908855640
398271860
962012638
124298206
870332562
309563957
936759863
632741452
348906321
595923506
862059026
325062196
713335818
399858510
901098695
440901802
740522628
957916585
992589997
478146246
501096551
552093096
181043574
953934541
130130796
275821457
434188391
192175158
132422202
697797291
731327817
413451884
294636360
453836560
868917147
301857816
793611814
683630425
193315564
106675290
972446564
560414608
805244393
782145039
407900894
285150326
425900005
253512571
213357583
934959363
331982092
801858566
931068410
921713419
561528586
841938052
923610535
137448506
723237717
460965063
219296423
295072083
623146557
576456814
279957903
147156674
742690443
433994351
653659359
353073756
439562227
159840761
190423548
863438258
313782525
409530076
892601191
705163497
685175011
437281384
262474072
252629089
769663482
803118843
486420032
213133827
331457615
786526405
751661587
104740467
233422988
242464526
334512691
629555432
419987926
306363106
779921737
656701951
570957631
585985437
198179409
424332425
316632055
677627515
797770682
148283581
796360748
471969774
573855250
949689186
604078537
140170397
580606428
250730872
702080111
569153338
372032623
359710546
843659138
266111249
108791200
965877139
125138594
912415347
961167936
286892110
708874790
397208993
651817037
265711992
866351637
281504729
431970158
561041238
181235809
979327832
187543047
722743469
112064935
460476206
370100227
603736971
678760095
194694278
699648111
141533027
124970333
598970839
544092898
174879588
414832669
603477184
781247860
773110589
988392731
175666787
701128974
713529859
953464930
938195852
180044992
804078422
624309157
254814482
661269547
875182832
420574811
985130860
687119477
198683455
415342488
145941284
832545163
581596089
954328507
998327260
279658305
337146538
423125534
591845092
325437879
835125040
317243405
108458915
458598066
431982432
146012104
728792574
607858052
342153310
376327499
497853172
483362852
657811678
981760864
170356184
661471605
397487745
219154711
395914357
943985988
471670027
378734089
689868271
151770414
198282482
633155181
938990395
369649563
212822225
351930758
993194287
298255423
610795599
336021793
484786059
179038092
504354047
428054502
768615243
697274425
553021220
524403199
496992694
492727988
475232171
260510136
440118593
887020495
364818349
539087235
495638202
212765127
562973221
486891947
175157903
745116466
610548838
499920555
185338304
510651684
533833411
804678111
439800072
868280733
647161555
720211799
769888718
260563568
431615064
509450470
819406826
304450461
802307295
218713506
338444819
908129679
302531967
458906517
564553713
808640293
556744224
873991003
465134241
505167295
985863390
719579883
409868792
313144997
996199228
247162221
545480896
501408783
160115005
239100081
414964939
967874612
956353975
714200999
980444837
854198503
929357026
714321890
348857547
966445062
365464554
230284211
965133563
178863013
993276596
591390306
112012716
964122194
519459422
245500745
166806138
628434571
466503213
405132011
101999774
214691196
419941458
979870725
955755343
651898528
412282452
245037284
793466269
851707620
726011479
771069396
548949922
662597724
954820736
256668729
993057525
432034618
639344586
949659871
507187499
290736855
234913401
172004322
148345384
353748819
663704950
730282165
758189841
484090866
828863673
500234817
565551040
380541963
882493911
738502975
631417264
691992176
991206033
613925760
787755474
790615518
934967513
721062664
700102804
212981307
621822916
611449064
572016076
703336519
857018618
963418179
611610985
242525343
633661104
173920511
232221930
166780654
438372064
974135922
597574817
482524562
250678300
354609556
385558626
817908192
254050627
453796669
160384984
141575542
380718626
634594941
313621305
410693691
648359296
521413570
233319452
223191248
126183704
720583859
280958925
559506520
870568278
955168513
729788600
867355545
773306334
260859357
887718627
771516471
341383245
864156382
212024572
206207523
232853692
621776549
134578951
572588720
146419297
862625871
893757027
417180033
719734426
635592617
480205883
883921784
502789127
896510741
877357449
812270468
336880983
598187575
509588550
994657777
895376568
952292569
910167976
486147828
411913684
947057276
580016707
982302257
381000110
277957659
551864167
280752426
891076090
149266575
822370531
412199322
897910612
461868072
295094251
111802908
956049286
142552329
384782487
358273708
438882035
997450087
881138088
343544521
479463409
445592891
701915195
714868557
352337963
571828358
304437162
666315647
263803651
608500519
542515123
854937087
806269923
346490920
735666587
276369747
862666793
101944178
710977904
862735666
739900862
725531594
739800315
176349662
757583794
711185468
663835492
503089412
537156942
929502162
444565038
402133159
545093210
964542858
789176640
544293546
972018519
461172863
539679758
151881889
153877860
766799584
995831244
598541236
104212402
784056699
894485378
274198859
470775504
191958865
588378684
134582476
155444216
800597121
629472001
721837264
840478630
176237031
206470463
763366469
595033541
267936439
930603855
985753194
868547222
425070630
415880978
557781015
120591370
630616337
333102604
567773560
697904692
106207451
838541320
108662545
627022414
296169837
467101990
122012592
267697719
706332649
905353491
889116524
963719273
980702011
558002078
444854782
653755801
826223867
879814473
884368052
156674714
999206682
215312162
626764720
698039552
441407259
450916157
683446926
362385852
260007520
821703130
580270221
880753694
611023650
285921439
228885953
952585556
166242529
910383247
178485916
306315634
112183190
409439173
771311328
260127551
648483303
855051957
139417780
836470177
973008715
663978815
370177908
164299625
817288171
974362138
465511418
621390239
219495947
562704350
884514568
402798289
287177360
828342185
764792552
880001210
123289314
139314990
666490948
956732275
850090896
651187053
282246991
269298531
858472572
698794659
376844116
153891781
516113140
728288938
438471272
566354155
752597214
908219011
999894433
603489041
623773594
231837789
227146299
121804441
587570812
699604724
333857721
541045180
240890497
613198546
768664288
653987708
837996676
322507493
138910279
159669562
948049322
124373444
490951686
667935866
885259249
172119485
849870515
230163968
475795557
696399658
856357689
833181217
848512536
349002917
470115540
657990061
338471368
788001595
321753852
984746552
295923847
536122572
294163576
136283855
392250670
429316082
320119103
612582363
960598926
979427520
986603601
930037735
232614014
949581324
949889522
267548575
526371269
749814793
266334268
516912646
789894746
399333129
126742761
896051396
795325542
801203510
333756190
278363379
650350873
122560389
547645239
960559404
237155106
529901617
651688084
670544780
923454614
694581995
866166973
645319029
506878139
871762442
232194745
539454544
139356787
901724054
690411245
205025244
442599547
300939677
550878842
313686035
269127099
671474412
207404502
493425239
694611126
767754751
549966050
186025565
291571861
919527647
959306828
453700690
328251516
219433292
284452581
445460042
313103302
644125902
369314362
204021148
463574157
434301307
676061093
386876785
550568840
619153825
933288959
854040076
434048607
158010989
380920330
545247500
754803833
158624171
267739251
506886420
877781306
461485601
184891804
175992588
455863303
131761252
185265742
575044804
503748306
541015422
495854391
324127283
224020066
699901189
503847071
172457525
286941952
298158370
189780736
602360390
728773478
938799060
974381022
380190447
993952479
840167652
483951669
452139531
490865960
419143877
993533110
927754321
204246227
810941893
282865315
284354202
112331653
154978888
227681430
733209705
604743867
750824275
130068451
104863188
919744530
777506612
758038231
365913609
934507031
853698458
205428265
152725943
774121779
404419354
750853917
343455339
480986876
353699920
692649254
363300536
365714248
260611379
697171749
701278406
845027922
924256314
703243427
946440144
210130167
332337199
239498101
438117139
602753180
995449438
239700903
482650016
760830519
303203716
448845366
399416224
372803743
236891933
592997331
684038998
403221452
399771841
135683781
779428457
737206759
296699929
476191734
434629534
989916239
220440581
768266190
396528251
731985615
168440426
868845964
231226736
678336472
102691062
323696829
627982437
588908592
893037886
142672749
421839707
183730115
157471904
869916916
361492186
201654816
561698156
698466927
667171913
313766476
998107620
728647441
675076884
457116035
144383101
478513589
638931335
757942464
381047163
907630084
370011021
508808731
201618217
140726697
978854282
637360594
930457398
871361063
725600499
731121373
704264887
325583936
827896048
123543863
623079510
650180816
217406479
694571686
334340583
384183164
640503551
788275289
442580707
492196520
828939961
472654877
416256368
799748105
932319120
202577380
242109826
212091234
915330393
607452247
490726485
264752501
954409110
596953339
129669209
682383667
446009100
342879767
164474742
915534818
573996526
728877046
790932080
202356494
923960110
505484025
382359513
337412139
948591493
931727022
721318735
265888082
869173147
742430965
674216547
995025956
730802488
261967062
466693890
539535970
916597491
202239735
928309824
683195070
868415834
296482916
229100288
753036602
976582013
885492991
937071997
122914197
523151550
972273363
521584098
171530828
429963823
834801147
640012262
352328122
498909664
566154954
255215068
347168162
791943328
918292985
462725196
206408331
831065828
422867144
369867319
611342946
155620505
421211762
955381331
894665990
582362482
287541272
664384603
955459407
529415130
998231605
432788634
954450244
804456640
392821267
688017849
962803142
539627748
170593235
163042069
942728467
293694083
230426981
349150960
145977671
230599361
100084975
838053852
505240983
748288731
179983310
951405123
240168427
439438495
364614635
766856291
233822019
396015503
631732549
747440489
373881495
759551815
733407075
404448511
850582910
530396797
609189630
793409133
786450465
718840679
836269852
156364806
335375074
691555658
693745768
973041163
442310895
749640090
416901460
410717466
962496855
675369750
172575329
846490983
398842222
860020378
355774572
722575403
933112931
140670986
370552750
679258689
589235743
571342078
559932786
789741835
198562946
569727337
965764595
108475434
110639242
613234748
761618961
739256767
136242167
234532209
937420310
632955792
208232291
155350447
107129210
995435545
669550738
876436309
978922351
541414359
288619528
668364442
241061252
178752136
242082892
451610040
164541577
573939449
740260314
998832508
400122888
164764540
178097134
593159200
335988276
316871448
816701776
743961490
209171677
114279437
985057551
283010684
410181863
186114705
274722081
359767733
742089924
844083744
349838514
792015656
316272624
488861943
721107793
616155981
592057264
446635247
980553054
388147382
295472212
564501799
381981334
673684092
120932725
261384646
893507132
993497903
264566863
783173347
601008385
204866463
818331976
287392171
223987752
283559098
227212160
305195831
422817008
184392572
698476800
827896725
818342017
800192880
496955907
580310213
425606065
339681652
381215549
837167401
397220464
463174150
203349085
698175914
874081585
366280887
676828649
448308665
259151261
976807521
497035191
637146639
588257578
133248388
385834450
618739576
459515378
333697851
374456192
288926387
181936825
276974897
851726822
282162620
769178705
327726026
691613195
608150652
313448726
667117395
981042033
675724958
238958336
933459545
296201909
319775450
924362025
367070174
329666611
907260638
535253270
292204517
419826529
674491003
765515142
513702353
694282009
922111510
464849169
229013878
854210368
811323825
926936333
498719759
502781654
728259405
589157688
885986489
105696496
449563016
359942502
754077728
637102818
932574104
333127078
850024519
802481837
102582838
112163801
686889822
205297056
884820541
348281944
349123755
211050849
806432100
438880203
649277646
243198955
233233358
104520584
226162588
468107122
145879138
483477763
252372089
233248059
222451338
177041451
860345143
546982581
235559952
864970141
838264637
857671289
335227351
795737190
408470115
818511044
218977152
907455134
521558735
609160721
340097447
934346014
290007765
880069513
339246709
911180603
572642414
548421005
397236714
297845179
504347460
777821453
695693524
658162979
855412221
796302082
612594306
970552688
309165037
114090815
685428987
123884354
252483142
884549690
930001229
538157717
416484388
413545440
128388567
145377936
400445850
833918624
411874627
483931455
822088375
724862562
106893535
925517607
885559100
111366237
604383046
186165835
824503159
532444966
680531943
858556638
117862199
183765833
858268942
521923891
477375553
265339461
410884924
363666957
179126990
144761736
354370156
238475776
457044309
639557074
385477698
329702680
543938574
628291994
646759134
893422710
884635883
230096991
534627982
739851378
159393728
979347264
832820941
271379582
565289697
657174089
479044238
330528930
568881584
703309094
252303855
412416136
875591282
858559714
928096189
738635113
485942495
580363106
703098160
465529832
274508738
474166326
932472955
168729745
414890854
136631639
510743228
562664354
599034890
253385701
190899689
743710472
428048300
571677040
934607963
276902848
156512963
698514564
263050274
514328957
620272905
303936452
842331135
271297504
378906660
930787717
910908401
293392016
924674930
433962619
344909196
274520448
659891972
715896549
583630520
518340224
251631497
937745647
533873470
816108496
532047023
449103365
510316088
383701560
835065315
991575409
492994648
220648673
640655457
392188963
414031855
512153833
311713231
413564536
939256715
440627752
991166500
725928114
561861601
319583055
115678038
616724593
741921685
503955552
267441074
710332965
979452496
711450552
452322346
215670897
646645988
730258277
820283393
486328142
963386935
929487789
169245617
235389360
705978497
657307585
535857555
371428610
393964257
692866213
483592419
956585187
457220533
359719646
982004191
420016436
133288986
763836843
343463479
368344938
179643361
924003930
874236098
400672762
355780468
432990550
523767427
340215502
974047063
227115855
941903185
785111506
914163498
406856258
312221227
167927175
736455648
197281787
307702167
603549950
744983046
618963669
474031051
639898733
398771959
773035351
308117363
117436483
520860574
114748979
888745091
476595704
565485393
373115368
150079759
509408493
938529150
525988016
555781722
226299483
660272500
874701190
762921148
217854420
456558575
845810445
471465506
430031571
426390411
640090385
103336882
657714621
325940591
435915931
141689414
149067468
424624728
673600130
310034753
142105864
969092723
464765184
707792934
608573334
983996855
952559168
120187383
745323816
832467503
738280668
173096993
483311215
315344577
689076566
820281302
197666856
697119968
926192640
860909716
747434675
780862873
345115701
528300802
751183877
781555377
841252555
993534437
940670735
238779630
439926633
433070251
285518425
578206368
983766047
416504365
111166569
765286608
394528828
824014345
527135080
609820447
936814053
477891497
720228635
757823280
669372710
948811017
541194508
164879604
726748014
814283452
371935909
246224297
321086733
259141682
158610404
373402079
396570459
737913220
127428333
427021370
183028435
985552317
284595803
452742552
397950233
109319122
286359981
591676542
455417502
588166293
162628432
553752743
511247318
970491592
398560548
966367272
321573757
466120433
500346696
351455137
392999912
248858674
584216252
662533464
963067437
935547183
220088103
636884544
437781123
688298216
458357540
518125236
208667835
466194390
665387400
115346503
113195413
120750819
976369472
701864218
797284435
254851419
381643736
679209433
889365671
573210943
701841343
555272232
507285323
508247919
660453579
740046352
229055445
589811764
456183922
992437027
134562480
566137294
473987071
425150264
161552806
590152208
344203904
841931011
659469269
565219145
904753205
130297852
646149531
390332751
166988462
662610339
322790684
413114789
762329281
934378973
586274248
529542998
518163459
252573647
184045772
878495762
444474453
109841520
692092196
371072928
595359893
441329263
694986256
321697861
399056564
928154583
456579521
819568210
895844913
173581290
306267452
721804466
685053354
686573421
263668036
651837023
770857819
323734750
835015871
210776687
609821709
396071839
717444811
626461912
617886005
127351078
568727631
528282440
953422904
211854079
922546434
994511244
178735533
670458505
242036527
820909473
186970596
986567617
687280639
606773345
976914711
466160000
255734419
789245916
224547264
330524432
368323542
899550646
717432363
904469207
249319173
758854308
608141401
252926114
513074696
914359753
739411034
454673860
978619177
640449757
108246438
730716128
596090001
398429234
950056015
662158559
157567848
954160365
384805718
394927934
536675849
581128997
323546433
444055885
473149391
616161017
904604311
531799149
947270586
129043414
508161429
850786618
903950741
814072588
677739364
150323651
512237470
679438513
608850311
511637710
889439693
178704615
607926298
304695715
898645016
878462759
776921455
348860195
520183109
436862966
502340071
783229758
876281241
742558719
596899788
533188918
922789363
978331578
872137673
164467485
973537131
151625152
998030411
942993119
360509199
583156385
435009247
381362190
532198987
984557722
282143196
330889765
480577070
381360290
179332834
931435285
277693766
654422182
461792129
836834989
430913377
588694041
980113611
992597009
152296375
826540832
103281910
853127695
369240241
473177059
693590328
580660520
253474909
716001176
335820458
140718654
382676024
545478220
917824971
952440690
639955875
771117250
888799036
905292328
181651648
627143534
925429056
702442740
143032042
784114506
430291267
305481598
249693729
457709965
317330019
961463311
863439334
510789273
333969649
889635928
242629127
189965298
735024763
257459628
726829025
846371513
556115410
575175026
667243187
383878083
176389209
679218185
649767967
841739371
516015944
849693354
303907632
970703243
204300251
111169905
581846262
207788049
617849027
667467071
465018545
646281596
100472745
768560816
161893661
846598531
504651083
743224835
695950686
173829848
837181727
534241342
318756934
216285343
547299351
886346648
731527891
620218758
412602759
877146450
727786131
591449907
226623079
899367184
738879690
621200064
973909838
197036726
644860915
314069553
656915446
106129388
964434081
495871041
309913610
367511822
703728474
853643576
823609326
197039233
241887810
558636097
603167643
876176250
505286957
298973964
692057647
242529288
395110408
581060688
722623477
189038611
893286328
143608299
621041544
703360529
426323866
890680085
473246197
123866897
723994030
239870604
575785307
603841309
661208237
741951174
133023666
868129534
814542514
993748871
952757192
801757045
268381434
296001725
837265907
639567098
961506844
437547718
942574448
221941443
768213547
147985490
735095297
324281379
922226214
708446946
506712744
932596433
169517369
284715786
515979533
659266206
917417669
757683125
672308967
979886461
970809906
564578591
864725973
421449676
312632640
723223155
871749473
432999522
435806197
475370646
102002691
419843903
683252684
908417067
299083729
508545057
570791623
761195231
482649794
183999098
499920314
208698778
116063695
141026932
818565929
627115838
146805439
749718313
660217353
447804430
423676192
352037167
830176749
404058848
743094403
450625326
918632950
755005499
511694299
789640121
139394457
500477817
284682436
680182165
805648385
700142713
448788038
922118887
856524473
917453064
412409451
894707951
458311971
754574501
726083693
364885524
455617783
549116161
819875165
912284846
858779964
855550021
306048628
624170325
921129164
391077321
986606586
382862732
438328464
411775612
608970289
466101030
313885850
270335695
537774074
990289782
401867925
708500987
503220430
832176397
974329593
376890279
929650240
512336036
903496575
483677813
561927152
993836227
695600571
574463153
112346491
411883261
740359103
231939787
146393421
691242629
577493043
981268029
998569376
290929856
368212053
488399383
934769392
288366637
152680569
837645240
900703346
545694177
898027034
779298200
999685272
860756946
626434390
131452389
709158476
240889831
684232105
450800029
187867256
391243387
143181388
579981901
899114048
213248598
319141541
243588672
983719825
646187654
212070844
189729776
772745128
569311555
850354152
317731831
364692271
480274130
813846771
660697629
389190815
126224493
775633590
155818200
581620837
856552349
321232156
289255489
844624769
102058280
594501211
550466137
991876112
244982528
854484720
618813266
252920559
543299336
252368237
743178200
757339563
915204242
997433698
159962153
581538922
283900212
243984686
631381120
299980199
444718435
568476451
993854207
189481542
443719961
335399431
592000637
842703218
984396057
995401685
441714239
633079580
856878801
881102807
750338823
690506387
909150085
359424933
934297418
228896084
962728324
144174822
593476656
958993017
134215955
125749031
370209003
509629841
139988239
891603372
107845947
953096590
374864791
741019313
698694403
173683765
224315302
401617736
666320570
195443614
665587525
655814230
433506328
924046491
176830673
709986111
602645988
445874607
691332617
991721678
651448931
798283959
711766289
986902063
791548771
309311152
973283631
822916425
578741824
270004056
268215740
833401556
531103814
593256553
307460669
657684910
187519766
555655859
860685959
403926013
731400575
496356880
861049287
233106707
920931416
931050603
308003546
604445742
379037096
775134027
426956506
203084441
955155917
450833581
966658316
616630682
424437103
481497630
379970771
466573914
300928423
821086453
380196956
573345522
278416918
564804067
438257034
138027469
705642221
429425820
209228345
701980907
115379497
205805391
952202599
171288875
990239100
929994929
209732845
674693202
454548199
623549053
887408400
501147304
870520863
166829133
808184706
653141025
382373050
503667677
917286867
518490959
536530480
107753987
145979920
756665769
418904727
186594049
798196284
829391687
631499315
133431256
807755594
901925826
466963729
314626310
467188299
500496336
554708183
466120401
958692197
956077093
631988534
490808688
925654156
678800116
602386686
118800030
262157883
799529104
797271894
825997151
221855778
650238915
190190110
326335502
501063624
500673175
801855726
322077333
717136547
221673368
409986370
814556738
168064081
113022540
472736512
913682681
351478290
693716556
746993295
945705852
195517609
564041024
544399228
604561328
911287658
620184888
722982729
374917589
980354830
521683147
536748561
950506928
346028434
645647293
344878054
377584781
457903363
223927646
761287817
750892271
180492181
609274036
550880027
189063175
728164188
779180601
278058164
944767342
777078197
370968915
837309248
320924586
665402031
422935419
948699996
920248246
443653693
891213827
657482163
543713954
200208900
166679468
652945613
829419532
873292742
363789367
622523509
741652071
944741461
807940735
310775563
293488806
530659660
591787471
546235466
770733375
355735983
141240991
190988458
158599599
284197924
709200249
789490893
487950642
763171250
764288638
435476224
923644424
997813095
251109174
584437940
599447522
729384873
151286824
869794485
771122735
554710487
931024930
722755181
275140335
713078685
776900497
818499872
271889021
960135918
849328476
955911830
483072553
293587684
773041140
684230455
853731439
927013041
877218826
501536161
304726856
311936499
688946805
285655897
877107887
292598447
910151530
360475236
695530334
161270005
600654889
337767062
170530165
879638097
528768826
559116563
645330007
256065810
180045077
818781816
289607511
432574646
938954159
737284932
707956379
101769764
225304804
100514108
522467665
327674951
988906794
978329088
726546761
558192547
659651578
322791222
503622348
857388879
924394204
132514016
775914042
866713380
378475551
158432100
898649399
964850525
490073434
533467476
830436670
412159882
434940585
912937106
626691023
772755293
657008156
560215899
269797838
878324569
171060854
833628921
620919686
340400799
152573294
613201126
109371786
831227619
533390645
782104767
103745704
281683541
385883200
575934318
348406429
781836166
287488710
510536031
825814943
217551104
113431394
350398945
156081871
990193533
565579675
356599208
413876505
534181281
105978093
851334779
709186821
944150131
469934050
646049215
915903771
868705795
513933033
800051318
126876476
816833014
281494489
834160206
148853246
587341126
230335092
719709693
364900119
602167195
265082519
996067002
371754618
701448786
278199514
431725292
920084650
166507254
510451770
624534276
464491687
577201337
258295592
411235135
293002634
103086481
748209441
371623037
305856928
403068230
398533129
351059673
361979605
390183680
819323664
721752696
350842982
859723240
111612575
821646369
942834692
990950767
337438413
665198078
881064984
457046450
631796022
598971071
771859519
526592547
231799520
652017794
260395324
329283377
849413262
163032386
890051351
702211192
525554861
780060691
226902403
745116742
854878195
404267478
783568739
942576520
199980138
523420347
127002269
391851680
129272183
593158513
446632543
393872280
731354787
248506540
665687984
866304310
638392005
935860859
254927749
922335273
997530593
203311947
852378906
240269771
123758437
791269142
988345169
849013653
815701951
745775174
113814237
649202883
362707201
939238720
527372984
212577988
146190421
673792887
448700465
491772285
199213963
435999037
313083344
196384784
160070105
955211013
989928372
521592244
613728084
782230896
228904563
111079345
521726287
604844452
753241681
134676465
257742599
177639523
636163675
896745993
564152512
596168897
606617388
314199081
258601849
322303184
304331614
408081862
259990039
194827633
960201011
117553935
707723908
721339962
979494491
317277131
218671431
130357413
834667693
375562790
719147965
498793347
370303343
980881914
563754558
162357322
988668124
477811923
678552720
649307190
437323313
978735326
507438048
960617182
195117032
675387392
688093410
682312651
954934574
866058794
393479888
457072356
951830861
210000045
795422961
627488928
806109541
241585879
336339309
596733094
729179896
892257373
489226919
292294574
772870285
490415193
336716747
212896170
444831375
375299845
897504011
373246779
939836150
214181415
957593183
800149618
418612871
145235513
471179822
924907228
533999786
826453871
602252565
239493031
287980116
646858278
802946742
909395232
926263680
100460556
328767183
904871147
987605173
754774478
790397368
963826676
926275487
676189509
482369664
884038279
845399053
348085024
683484507
428889177
939558610
584009516
480508206
723059877
848782889
323542195
966206382
577325104
842758848
931004315
358157691
480779708
257835480
196586267
666415478
253615445
581498918
573087827
916381780
104587536
853139900
501035401
334084502
175892201
316602796
314217034
827151433
397862036
707497144
698558139
447950258
909435669
314611989
179152678
920702827
600171854
910513660
486022696
978059698
449163196
825304593
552688566
188557208
854704420
368229746
777697357
674331225
154085909
398861533
959223216
256006819
151618201
853687201
683866609
890986453
141821585
622049897
746643483
397709925
699491459
972476508
928976439
172493636
596746965
507428964
693238770
656677236
344577350
482398125
336634205
884874859
890041412
937253061
728711669
518086912
788216292
674557968
386873344
710069309
926459599
443254959
181867301
334747771
284693079
626390842
921996247
994123212
185893586
332955198
209031950
237567480
263566436
364098118
281890975
455089744
799349440
368040661
186962576
297118655
577387768
309824273
822667555
703378265
590161611
416041153
776557221
197921896
282625673
421344181
559170871
911722669
195301435
828217908
975695613
421459971
440013840
671255272
152565058
805030899
738275625
936326403
611079208
243235812
570937898
838205283
635263665
911369586
910853018
983348561
548141078
448598019
804788375
315605649
499833751
423295033
387869008
688229516
602011568
147470620
859836095
195630291
339804671
677552383
789862168
357720194
189963086
365690248
637012644
433109394
440472339
781175273
600296362
398106456
787793476
349770362
490406669
267260601
326225849
271089115
264573163
626116457
206825524
299966975
142789175
103356148
163625866
667165520
534964395
354500125
378352811
505006503
246905397
235014269
239370389
760565275
230759142
182985500
532328313
178983614
950441165
369295522
123907182
327002878
422252816
332350192
640703629
103571144
419186626
722942775
725553695
170665547
930976807
732588261
374418572
176727901
492604141
974335836
508496435
705680837
937871297
615315792
322000962
468119785
972173097
341098009
180903051
856837939
114399157
667575862
891689492
270219364
437967709
380285102
574616058
779990380
126493999
749542341
426905112
536052239
737917714
143219755
850258172
997316514
923359773
616375102
413794181
999587216
998580953
346494311
814290145
244445164
763592300
846395589
544116418
598468263
397673779
603224038
904307304
425090119
303425294
345803105
830253139
764522230
952107078
928343841
104373637
928744058
688037486
247661880
138117942
175409115
167068853
242198044
478192355
832550368
426760415
275609109
669796191
441825925
655568385
522227718
339255370
658518932
684798543
548311634
699223041
797387100
188871186
190998385
193865882
521284594
615501489
743515791
197083682
402289105
526149152
399044127
265550907
625643187
821229698
207576332
543128993
493231255
925679356
484190208
227424496
617182539
533996397
150935518
132534049
457866459
256016042
972737077
278559808
687822403
381444287
416293050
273094768
737812871
135726074
374790241
185509369
648462982
902302151
670628812
103359022
948860077
173483096
283552100
999284831
605096605
533029218
333305332
111099643
942680609
253230024
796624109
117880578
797546516
914855045
893886277
188044591
173931882
725322318
998652805
205130995
168748931
408648684
691871082
773048733
745921700
232695663
463388165
384329692
466218445
852530490
182888342
430886608
546207023
298060329
798267039
329999483
651517664
531357485
233069816
266435602
363286428
985616886
163450722
246718274
310426906
716755785
327060752
506459897
130579285
151902173
943122933
768093578
452857083
740862457
936443678
548532147
721610417
649965551
469587025
194401940
556086282
609910067
388951455
745584018
500159517
551393379
746795038
896126852
461666586
514926684
916531286
954726906
364513261
259011058
335993606
617912601
536157365
320093460
264028937
147204305
614797406
348764178
365424998
325657229
957655982
331553427
800485254
569365668
637468893
929974118
891545165
405265183
945692697
913368275
247351463
563876557
639897121
890721199
981335388
547402080
548648730
489928861
163888708
971555015
451422438
577683987
959070126
704098644
622526880
245819131
787466554
227616181
606485830
958779685
527034438
528580503
965883186
238259255
573965274
757972216
350884470
496134221
727763459
441092857
199048902
603012419
548790112
694359610
864534502
492208513
712751341
978578452
739391368
817126951
198153088
954301751
468322065
719712110
284976970
524156469
238553152
420012698
292651702
210724178
846167399
384134446
781888522
748071607
256441758
873028217
982563779
105102642
790440709
937620590
518525872
989526355
737562541
326345582
518904888
615118926
422702153
980394769
828999495
109358038
584121930
834434065
402985582
318331093
769699151
336104298
843388224
811625256
909268888
823207666
656358033
824898531
293316532
938581443
388777513
425423291
885880691
421803452
607154085
929717910
228454103
930493413
916502764
310037076
534355134
673724108
803284996
722995826
982716074
715406446
135464354
681765706
135590261
176462341
244057598
752502325
996620820
831669153
361396325
938514997
512032325
443981225
898754700
818676801
190468000
535952395
912793266
593105094
274960997
289659770
537304748
688325048
720834734
706029757
141519337
126335279
501692969
401640075
289002836
603294078
871839101
183576472
771834265
299498276
261244061
686400656
446426603
316264801
618352850
111811678
915386410
504215947
379722529
312114391
238154108
262691658
903803653
492500293
979341618
821552872
455276145
663646757
543918405
698630601
499336444
497200192
792874668
660888121
535000479
118493768
965624788
439820923
441229448
139562466
750492337
397182393
587188460
445001269
994329844
410246141
776926660
867673706
962479073
588479936
788556502
739990244
669684230
780143237
989219881
506670669
126911793
276858328
155619281
373410807
201534647
115626765
883474740
344743433
796875949
111530757
484566251
306296608
620262656
188466955
868626038
450377516
745848332
800781661
375280150
298405953
921116608
559532470
565001262
181633298
380699718
160181903
735586865
189146320
561131909
464655165
345044193
931369953
943677957
877143655
766574443
638382562
714585415
206915594
615246239
191615326
281115487
980667510
936604926
131665241
771446545
761450789
190520612
170933999
195796361
358013461
747770625
299823287
505440510
176974169
303679355
306129682
624199645
402012688
955741510
879322268
345926489
957080118
645336729
125281652
635211200
113928537
825293513
757899739
609819691
864816960
911908251
377220334
291814762
902730482
830938321
895590189
102762926
694437042
899210625
691491060
231569395
637789558
933728471
724527944
889309835
348074618
964715462
328396759
576968420
884583040
801162508
170167980
394774811
395923617
323815157
813123094
923339579
203012032
642196554
182835968
909920888
814779460
166590297
912747728
803222749
436244192
206381425
874716576
390689908
390115324
745747755
409187086
277185717
390344121
125858591
117566331
936457891
198818030
824092225
122980249
556897809
516226090
441083400
967118352
194431041
926936366
782017374
482525830
429587011
454688353
567241092
813484534
342810495
826252031
303565503
955317614
667357345
564055853
276545679
281089893
892121219
508439049
191174043
715254102
755723989
463051283
534835624
456044604
266657888
418850744
735745495
379699273
528617796
799322307
332863492
336456229
640849937
308127631
585742525
N: 549168517
