P: 646870702
23013056
36046063
80952687
66255955
72327934
90293863
29092118
67767029
51618943
61000073
66694414
70922542
10689421
37694336
20059881
10662878
87051750
26122808
77045415
95158015
62317653
24536895
33249403
40407485
42835980
90537513
78034031
28607764
52839517
43004939
42285491
59183502
26269406
84229850
76495425
95545213
25903909
27607457
75808608
10102054
66598786
51325904
90437630
74842874
39873853
79119962
41117112
81588400
28364167
96903497
15734611
92754895
26709162
31715942
29343528
23367851
61637655
60847503
41377141
54473737
11018438
51752808
51145947
21488888
98441553
28979137
61311382
63746190
65555817
50010588
43665540
44004548
11382537
25062167
61699264
88713675
84102923
78892289
96035294
80054133
53158438
47961436
52651353
12682272
96999029
43745829
94015650
13822192
57806440
93508492
27608421
92726140
97085442
53049170
38368140
53571384
54307308
93360369
78170611
32456290
85184909
33073718
50703517
82892321
74998195
27174086
34051706
91268204
26896338
42040662
83530241
12632903
51227505
58779509
14710409
81036097
67304119
71636223
66798260
40577000
52684676
68457518
35447041
62815300
93869533
51658071
44825862
71717550
84266754
95792747
57531848
75742397
67702118
10451124
84043132
20919774
80445548
69532055
63546992
16065080
49706237
37246886
80188239
95072454
47258455
20764552
25639022
30641109
18824056
36012396
11881483
81606268
27245427
67707671
45136358
91510205
13563861
60307166
34955201
23588961
68340936
48489363
74627620
58323328
28927473
92474130
14678950
20963267
81875242
36348276
54506636
15892201
61680286
46905678
45117769
35857016
95534205
42101675
53019802
55888146
71228872
22158262
25677832
28215901
95093781
11674436
62475472
89980315
45215234
27004734
69877161
21057545
58619012
11048166
60366579
71796596
58608694
13810022
77936715
50404316
21875396
62930517
83923144
92147454
70245278
33488932
19504830
41607265
40169086
11360514
49996584
25912662
71052398
44849530
71122973
90138129
55036627
56198463
76455291
53422460
82674653
62870657
56291730
18665203
29215152
90076876
12268493
70539988
78707107
65019051
82095010
48058954
27027236
86801961
89006981
29273105
77127686
15729237
74512329
17789154
32007559
65832440
45085085
71090411
96467871
36646302
19802518
73154063
63037854
36340921
27219083
18496782
91119484
43943287
29027830
78102891
34605053
56582708
33644686
38898634
23034896
43327822
68565359
79016872
99158471
53763207
64028080
33834813
85392904
31857404
41237869
14300219
62049163
64958442
30177633
87681140
33732896
94121727
90632901
55303583
79484507
96407731
85455634
65489194
43304412
68616746
96744291
98880872
58444254
65594733
31421070
80492294
11180040
73085578
91004210
90413674
42021121
48383720
98002984
53830132
99492214
86281311
59683392
10833082
45909553
18012349
31627579
13804491
61593855
49632267
85614335
87834993
46709594
97422604
78302204
19555652
93144105
29091045
27664954
13393887
40862178
99728200
47605466
26493309
25397818
81320227
65412868
67135660
64744033
32568562
59961480
17324186
58126811
57862731
22750898
15396390
60222775
41898801
77245148
89810609
96348217
72543495
11291578
97143843
83467506
60805520
91353033
52434504
33364188
13937263
75912893
78402092
54754032
21735855
74392567
12079460
50374780
51036159
47813219
68609928
56842707
23635118
49901323
24688899
16485726
26220030
11577813
48992693
32882358
19320257
89196436
60645406
47624385
43068698
36019991
75910948
24249366
56522566
61683608
18517354
61090307
12353212
30862163
87121153
91684330
61493311
61356963
19745577
34329396
14638296
54667746
66065620
10147023
12941771
51883298
52399591
34405092
90239603
60350762
57881693
92016156
31231262
43714938
41976318
59894068
93355988
64767092
21937087
44844613
48621620
16127344
62796977
32715955
96902958
74672107
48207200
70148910
90340726
65801918
32842170
80032870
55154875
29585043
70017930
76783054
14100737
98562235
59216014
75827733
47050156
12179762
90669678
45084478
67380864
79923302
12737763
79771269
71788454
21049285
53764805
89359445
77735411
84402248
32225419
87754281
40966928
35992180
13447829
22430498
74964867
51238528
98992053
16529540
17331262
45396630
19294826
94396508
20123299
11983787
50606982
87127598
19599948
81042979
81109971
92504074
48795450
18653313
74494675
17817539
67603570
19366566
34650111
45937672
35853623
89896749
50327279
97902527
42798323
95262479
89861715
15553435
18578282
33275303
60420792
40252062
62561870
50170330
15518571
45653997
85845629
48053915
50938951
55283339
11600643
52377027
48249497
67847014
68837618
25632848
32083945
90231275
38822986
24842044
40853840
43318915
96567960
81874336
18378455
87764516
88589220
30550957
37794719
85491442
26652388
89975796
43393650
56629498
36436194
77805704
18123530
37852766
29981466
97731600
24318461
89266512
98082999
94371707
20594908
38067686
47949103
62088332
38711459
51175215
71024228
24614890
25714865
82038288
74686919
90472355
39967332
76063439
91231876
26696650
87281209
75035754
42405560
98497712
63086765
71771579
19158398
17902052
99685220
27720642
50751789
52421872
98209327
92252538
87679021
75339095
76324735
94136982
99576472
80145721
14885232
39323941
68895305
66352611
33406634
69557483
27060734
41523442
88335151
53996278
85583111
90707647
24499667
48634904
30262007
75505479
72800326
25152158
58577682
77168855
28197232
54083741
25337292
72243523
80288323
96128476
29963613
14548949
42495479
82019185
44914170
75700319
11743570
11570087
87323764
11711396
68586238
45361282
72008139
25606640
26034332
19971927
54965955
68720510
33744762
72706696
56568015
17066993
33699107
71154410
30039963
78863586
56233980
56316552
46204016
39295928
77323450
91327201
89732737
38223857
75210812
37110299
12043758
84684362
45616402
49231811
56331442
73084596
59332858
33796906
19782975
58236199
86779709
84439660
65068571
26120969
31762076
89095576
37245739
89098124
82315902
21602268
53672445
43689309
35529628
48384634
93007762
48531864
28118702
64683367
29825902
89853985
68276321
19377022
52703183
14706873
63710250
87938206
97507480
38327019
60726418
39465911
29995776
76813739
65877210
65098125
71571695
81948834
40436786
10859688
15451350
40150966
25764109
41507420
60168120
83874639
24334923
16480869
62342661
22020084
91902427
74393329
76100279
32479040
93510465
38920762
93644742
91488252
41721586
81130115
67520315
72992476
48446535
28250836
49724529
76264940
68079449
89015552
88405179
15909857
17711372
21178762
79239723
17576252
70819704
29280243
51950838
20212787
74868805
59000534
89931954
96611164
25716755
78948725
25991907
87101822
91007262
66352141
73206090
94280020
78826465
48189404
53296192
26661691
26365958
86794585
83450085
27309791
99389424
40890265
44399182
35633576
86778590
59432129
76573095
59808600
17803807
76390484
30548907
79064120
62979596
46852333
18715702
16655923
24012899
56853805
81299299
11853558
29906399
45335136
67504265
80627037
49020980
30637195
21198970
36706988
80299073
83411228
97859099
47705258
67989790
95867063
71636982
15683735
71387685
42650695
36674203
77861863
48297720
94410416
41803350
61164221
25900779
94975840
85109659
15792843
51909478
30057995
34518763
11951690
27255079
28199066
21733247
77900032
85836941
15726166
95405773
53912957
88789610
10235409
36263913
84594877
49291006
12666408
76120603
20403809
70723569
98020009
20460990
28979293
82522739
97671346
63859671
20828903
44258970
16485061
48593025
72962028
21993599
96978309
22368864
47178301
93213268
66906416
18502035
84963842
46096993
57597905
68456304
38336167
26813208
99599486
77046255
47253563
71912331
69805069
62939230
44961444
60646136
51638002
60310713
84424803
72489059
42544121
94656967
52692745
55581381
85662590
66855601
42444617
44865377
89739154
94184934
24908956
54059617
88257328
23734233
62126577
22921635
66750965
98989111
58883987
72598557
71946067
26634135
23743946
21925642
66116389
66823840
68117292
62345252
93768510
75314486
16481965
14772171
25444770
13636525
85878648
48801101
47442737
34906951
23101706
96765472
71635873
28707346
54245468
51210787
61897180
77559059
58013086
61680361
46226491
15201359
57392727
73869086
25673267
13056260
65537543
89861378
22855909
92340215
77275901
51840910
33399073
11975854
88072994
42946594
86943894
45703630
78087741
62676725
21170653
42922363
32422496
69087570
27393719
11528826
69043638
37884148
30499008
15655852
17386235
38152224
63286172
42546600
30873269
89097052
51240907
10077587
14913730
38851504
65141531
50618700
88656452
76780038
43319636
86924489
74421616
84916119
11415446
78189893
17213019
84267941
11521399
28166618
45016406
32355712
34227810
67889874
76919508
49953101
67066528
66599919
78301254
89678561
95244153
20100316
56821120
14794099
71129132
41098907
27007660
20364868
68554002
15302378
12137724
10562166
64751508
33362107
52732203
10767508
73521185
34980045
70863712
59420350
81909303
32957748
88808407
10786139
18614468
12065652
92372119
50014263
77646338
43365131
51603450
71460970
81506850
70422758
28401868
27425945
31219299
37667130
95942242
28405458
51440774
26341158
39506796
25685738
87782724
35592301
47254561
15851554
72511919
63154954
45653220
53804625
85671879
74596962
10148429
99309286
67348016
34824375
48780276
78772911
40808729
74056200
95200032
60594110
11691042
10373253
77517110
60647214
61075035
81002769
12763353
57561023
61006884
65557234
49214521
88217821
71424204
94203195
66758730
25302627
60668967
36644940
96477510
23116566
77691895
16056182
45859354
47009505
38141046
96179102
62291072
76622367
13207403
97348134
73365912
28671923
54208300
23268039
50012343
77690578
65405312
99984787
26987193
13664219
20552124
64581640
75214317
65648221
87749920
54782131
97250292
20213297
77683581
30796306
98521595
62084208
27539973
12310408
62325898
74924828
67323412
49677167
88766764
90041269
68201823
40017472
90525108
29974816
84173404
30268639
23078703
84744641
N: 11340224
