P: 943820632
3786634
9041236
9545567
7094716
7870415
1440127
7012946
2392958
6701799
6388494
4758906
6740288
5435249
7890316
4294301
7748026
5906048
2311148
7966253
7425640
3828592
6181028
3023072
6252767
7002051
3649359
5832705
9944819
7050315
5245300
8542151
7384428
3970719
8920296
2395572
1922063
7298679
2768573
6322320
2379143
8276827
1881063
2509653
8363661
4375557
5850531
6457984
1158939
2328553
1855183
2659642
5708972
6611212
9590438
7279569
7993354
4993930
8174413
1161185
3080412
2419918
2939933
1492803
9129757
2116904
9789320
1139002
1689402
4155141
6053849
9497784
7093107
6595624
6420629
6455636
8013054
1333612
7931578
2874532
8327167
2768140
7104240
2260445
7074595
8537786
5905224
2984312
8160815
6266149
6854330
9946423
2193222
8964811
7960579
4840488
2042512
6482293
7563382
8926888
4000454
1399023
7851747
7190632
4522694
3353092
9456512
1725816
4426170
5000943
2056279
5399940
8424252
3019615
2507592
4192251
4159092
2434907
9520700
4078090
8948979
7035276
4413708
1568703
2138914
3845296
3706126
7065395
5340814
1303849
8405746
8609862
8946056
7269711
4714779
6461276
5294739
1286206
6285300
6175726
6776017
6667083
4684784
6502237
7318086
7658724
2226676
6792644
3525912
3311166
8967114
3013269
5520196
5609622
2231327
1021052
3819458
8569118
4342035
6795718
6209458
2782079
3384524
6759395
4395978
1193920
3006530
9138006
3220700
6051622
3423723
8828926
5667377
7683868
6407179
8821175
5111861
4419460
8323861
6246768
8894257
8933288
9579378
9731494
2859115
3465611
3164960
1400322
2730211
5104240
3132907
9223785
9015412
1203350
6306997
3075881
9319203
3673743
1287917
3546932
3385240
1422371
5060998
8616737
1739195
8158695
3043162
5160748
8495578
3949838
6365787
2541356
5637485
6681166
5294759
4151207
6923101
6912268
7207820
2131932
1855648
3277471
6628986
7563363
7811080
1181382
6838416
4636468
5128412
6225279
8126751
3206903
8331457
4802287
2820426
2551344
3510191
9972214
4817016
7909286
4315433
1902889
4919853
2359440
2956919
3032367
9869943
5347637
6697815
6480878
6749839
3821997
2424729
2258313
6775331
5093491
8030629
4034086
4869950
4223696
7100565
2130318
8904886
8467788
4508329
7473546
9595577
4340776
6777608
1789825
6961658
2085680
7668646
1765119
7534438
4339082
4962532
2920019
9280228
7836943
2574390
2032008
6929818
7568459
2034559
7699617
1764803
3982711
5779610
7811708
7840618
6979218
4135942
8099732
9571929
1185591
6805251
3449782
4203251
3085434
4369637
5024584
2630295
7840358
7915339
2260920
9280783
4290825
7002363
1170867
5692391
3459473
7411210
7601411
3547229
2000171
4703803
7234400
1634161
3670859
2495775
2553917
7131588
1215469
3249975
4452242
3827507
5409655
2619433
2813124
1371840
8880522
8747113
7229522
9813551
3309123
4018292
9890174
4918675
7490691
1093113
3732163
2490973
6460205
6017825
6526648
6015070
6901226
1218201
9529755
9734963
4781024
4591942
1913326
1284716
6071697
7585817
2506780
5036889
2021639
7643482
4249474
3035541
4224151
8054122
2311696
5951583
9743257
1789848
1443964
7830563
6798645
7240393
3078644
1805078
7198517
1068964
1629420
1036108
5515204
8420001
1594581
3832268
2535655
1762060
4419683
7604315
2172861
5642854
8017262
7656912
6740104
7237756
2561074
5226360
3885096
4852750
6142327
9876074
8896910
2228008
1788085
3707816
7357062
6965154
5252646
8768114
1395801
1867470
1866142
6903944
8383012
6445687
1548158
5534472
4707672
3657532
5650562
N: 07388664
