P: 213466735
31732307
25770819
57571974
70347050
76581152
75640767
59368869
68240513
23885547
91600360
38170893
65111051
36055233
79987973
13261394
15023802
89730191
36275146
15330743
27596908
29854417
36608492
60578375
45460039
25449531
18105192
11954678
28253786
17034727
63460959
95936171
21608870
49749804
29336567
64609323
70683601
45593972
24149882
72316916
82464943
28373966
24107163
28549797
25982382
69798833
56950541
48480872
71059949
31157175
50279180
11320291
70340366
96071100
88346623
88851095
49028118
20842314
81976423
75673694
94461970
94643188
70364801
60460679
35343844
71362532
42832096
42045619
54562420
80549778
14355471
37182479
55263909
65714498
21518043
73664875
28693789
79008281
87449076
64925610
94502532
25987025
28649681
40839325
28084426
40338679
90063826
12831339
67023025
37668417
37157308
22148222
31062934
19972298
86816465
43743280
57509666
11720057
66141780
45980549
39326618
99629872
13087275
78098748
44307583
63406963
80284589
39814411
89365791
92223010
66867544
74558253
97234622
29654370
80962280
93836408
37664340
56444606
81561481
26892568
69271446
35118332
74916387
23347313
21059422
89858454
28424921
46386126
60016267
66976501
50018911
68693080
11572870
44553348
43738572
74439038
44733579
46149842
31565882
67473266
20787149
72900863
72734040
23060472
60829093
17166922
18958884
20509709
86538708
49910713
62545805
50184991
93646399
62974659
52365179
87977646
55571409
10701264
33757373
60511721
60793150
47168061
35262311
56510645
32652202
20687090
37239887
23122412
18776150
52973945
60859206
85010131
65646565
37863676
61673516
42254586
51912712
11337413
82767456
62515780
98231724
46426756
99496047
35703804
11971691
35830098
95494000
84467297
74477791
61215216
16003858
67283399
92673774
61969586
81824499
18354530
66386022
75661092
60614459
11964360
65459772
74102387
90055747
96878452
95178632
45296091
26535319
26548048
88949124
35825276
18178793
99835606
62169466
13727309
94659112
29788374
16877060
40462116
34508409
26155876
72281030
65217988
91359257
48260694
58435921
54150134
74566371
59471789
99244445
72907990
66801975
99481606
12308106
25934192
97289126
63265759
93680867
80494714
48018586
14770148
32521749
68004715
77064437
22261956
84977204
91427549
12473962
81668087
36820660
46983105
63963953
17986901
83573307
33663594
53710898
97544063
93599230
85415717
17526137
72440468
89586385
64154926
30189348
83918723
93011192
72471241
61206592
38867707
39255256
70443961
14795292
36371154
21494943
90968065
32283894
40280891
12025829
63211737
83014493
30061311
87507451
99281407
81091747
58429758
37758787
61298117
36913368
66383887
87780205
79748613
21272827
33391766
22827745
81478340
99596931
46700650
63776135
92790325
45158904
96185238
10537944
53654410
39808472
50896228
53998263
57501226
68931246
76319809
59255139
42815214
79343396
89583220
73444286
18990287
98519935
70344164
19399040
34387152
82986661
41527779
91006672
78855375
70578172
83584267
60715039
64437546
95964699
13340058
49565916
45466367
34912266
39019512
37199036
78326522
74061620
25204967
89130120
63059335
51123001
98159030
40665397
27816839
65538976
45844577
18302689
12380734
39778181
95518445
17792810
80471212
96534558
94652074
66136870
28799768
16692356
64713517
56317109
36985715
53951899
37242889
31139199
38979984
80013088
10093880
38812431
69629105
79648245
88642007
10874095
47921469
34148063
53907528
94659009
37859867
94674151
31755466
52125391
98664211
66229563
13151771
32238478
29801129
76438772
11214815
63427094
94805773
13821112
67286764
56072782
32665475
98571904
70051094
37122714
24968447
28309570
40052715
76623612
10260576
94351332
73174929
35943161
42073864
11214879
67014835
79645049
88443848
18542790
29840950
13783603
67391712
25209884
20417385
77326324
74210758
67501515
94678974
49009664
55866715
56336136
51009769
86703699
30008126
27074320
65957015
20848125
75841057
94918007
28953866
54564518
70765156
43143082
15039764
64106997
60938166
52485369
69654499
72319837
94142599
77036629
41559857
85563253
51310707
91782482
58398473
75701082
12454272
72712134
56418192
94814785
29081949
57942581
54672288
97200864
70675446
30663459
57986027
37453576
27065607
98425561
48896139
29878065
63870471
38015342
41040045
36857194
67971424
84243593
37445770
42851563
91682839
79730262
80682026
75080122
98925020
84049424
47707338
71549027
94716065
43240933
64482429
91001267
65233017
86222995
94706649
13863794
28053184
80929704
38190456
35795143
51098471
51392455
50053680
26829979
66010801
36478665
21255235
80082852
68138380
35799151
71883430
96461225
66198315
70344726
30618361
95834755
57578676
97280712
50285197
14057662
85636405
63568297
89691438
56192615
48576344
16649163
41670142
42295557
61561939
91125348
90048724
89772843
89572966
59746234
19719017
97228393
67673465
56696372
46991799
79700613
25408043
64420528
75905529
23956335
73573447
75750852
93551460
68771925
83020067
65790902
36124168
90118576
81900817
83080066
18970159
59067479
76111417
86759168
11181462
39508491
61895185
90755937
87383860
57168795
71043910
25199249
14814256
54146463
54534655
71401647
81746962
46300693
72594273
70601628
13909823
96925063
93877362
93785560
72243935
74730988
64891706
68542346
97299444
22258733
64417637
60592877
20343941
23673800
53224239
30987236
39057657
55540485
45115438
23323970
66282848
56313907
75520825
27474412
70787659
82761515
30209420
78420694
17566536
46711448
85264433
84893184
62688309
56803645
50090114
65437905
95141012
59597953
64260097
33071346
57654648
93080069
67542698
45360487
60030796
74674479
66275283
93579078
70798896
92727081
87069637
75655926
78471400
85818695
95751450
56003586
38150462
97448286
98021902
56125858
42998276
71696413
27670297
69731060
11381886
67484027
56766192
82707497
88226393
78349671
38000197
85755356
33440533
42914121
68649917
70344834
34986191
84777335
76072312
25749416
29908869
33767182
62156755
91257659
92094952
93986129
48702572
15054270
64054611
39158865
81403176
37019464
11118335
71395890
96080661
16188542
56625383
72859192
52589041
10251927
96051274
23534191
17131049
58213768
40429461
75089640
83978363
43770992
27907377
96385243
45017492
90877585
19646876
31445184
24213215
75600098
22599647
55737477
36257371
75793278
41358384
92074263
74376853
83618584
25078717
74276852
20696300
31885580
84092744
39211348
53935349
43194084
14734735
13619160
41291625
87971377
56006431
77987148
69677398
23403870
29247894
42934801
72507416
38220317
30920592
82718099
85969914
38348835
51588680
98477672
36668455
48677887
59532124
78337846
46292495
19084309
15898680
64816037
60597294
52006219
92614507
48351336
63710272
78261913
28175375
23446992
44778875
98311439
15307064
36479217
86748665
27808407
85676433
22348598
52677361
94797487
85561116
28460738
57664136
43384728
82793567
21811721
89275540
88367114
59349212
73761374
32627457
79855579
54104772
30453585
91806387
43619408
72888894
68781099
28924821
16795603
20412202
61379274
58751565
39202564
82205705
17237834
22668751
71830824
16648837
57501860
88020767
61575477
59710716
84522546
63208545
62707274
90895726
96180804
68117823
70617375
62346129
47970443
71885817
62079326
67110224
93606187
70387492
54779911
20898895
37683853
53706480
16041973
94077219
19333755
11481734
68382376
19826737
59697009
41211233
10577901
15521216
26943271
41236358
33170035
54917815
54386889
63115403
21571464
32645140
36393367
12391233
35255883
95846390
65021049
96192082
65466926
53382312
55792451
64999931
71204441
26510407
43219711
96604770
44418846
78036402
43947554
46873080
56835057
37722262
90096362
53840294
15070931
85950643
34097710
48062777
35577594
65068250
82876578
20175457
41286492
28411816
94664911
51793783
93913317
51604713
74872313
70851897
91720308
71490207
61107083
11925908
62570925
79890122
94027184
84668360
66115596
76570867
98545554
77605958
28341949
56872634
12098540
71157583
26024677
18890223
42972842
98199421
87604688
11209992
58074231
35468599
40768139
22977568
29487549
67067500
18576719
31153557
37952069
19198851
78830579
45552341
65125559
30721856
23674410
17745561
40763690
82573408
26728517
32083663
30324036
77376183
68668740
78088498
61534357
56474450
94417863
29534579
30556615
66076596
80472307
43873438
12926641
96569663
33657741
85950548
83972211
58522847
57942071
51308521
34122851
49205856
45755214
13078196
36491022
73870629
49735405
42296716
42104974
42855145
43052440
91719772
48841237
84270332
75748181
71853049
19131031
33155377
62375567
84470937
89662093
79781305
99390617
15388783
60921137
50274321
61598173
83171794
92758068
67179789
37873328
40383849
55373212
77137621
30422184
45358846
29224781
92322877
77786155
88044986
80051061
24025176
33923915
36511643
65813928
73106595
15559837
21947741
74816692
10140197
23955739
20647697
81112788
88192625
63094664
86025810
13640833
42579311
61429171
43089076
52253914
72466984
58821786
70474996
10065439
34825050
18285393
40505775
20058234
39037783
11813434
70003950
68619680
66338163
46050403
32311831
70685934
53269460
49645979
64214575
12337822
70838477
47264539
89808225
47699620
81346544
12169321
62016143
36916934
32525614
14988802
50205236
14902190
15990073
18407237
36133717
78768207
78577662
44895449
68680094
29391440
27614473
24229970
87733157
38742955
47032982
49823772
21882023
15717931
49902809
27842793
28320479
92931512
72284521
19300916
90386504
46562371
82192597
22165756
22386680
64168594
11408499
12476388
20001904
11991937
16413776
67643824
88864907
29251994
24364937
78230719
38621235
14959172
77406665
93654282
68852629
76289509
95073530
88451827
79173852
67089950
53471309
15116604
57581556
37464873
52126051
79158993
46249726
87853524
65343418
30657353
92248045
52799861
97806319
38406280
13404632
13830810
48322314
81473465
66553890
27570400
28130121
42059845
17952766
48909463
50991271
43854079
74979483
48530696
28687704
23898826
31069871
81276979
29453731
13598885
36862219
81799255
21728013
94390181
96033464
50044404
85090792
98758254
10306291
10108381
35585472
24311002
74476400
87018819
31285372
39487879
12663181
90148887
83927076
11879388
84080694
86715295
26325293
36098433
28702715
88709066
40044113
58414389
43183613
71352987
88782661
75051747
73942254
71938568
71153588
62068715
79749526
12139895
31872867
20836750
35313625
52819406
53641305
15715975
16172713
95883590
64043971
75733683
15481167
89714458
75493819
32452695
69001236
34207315
47489234
25608050
22255113
21559469
21739554
38757858
97836923
47345476
47919963
15812536
47535375
44804461
60148716
37259618
20182287
80528215
77908603
69292553
82231275
77829868
67887701
99430930
51936702
16377229
87231922
18104990
68971306
35823143
25845036
97671588
51596269
39096972
15163351
27570359
78592519
65761928
71080353
86589741
71743704
83125310
23865383
49131720
17344097
56049586
42542613
50305763
54446011
81754526
58789351
74711322
38421916
96916159
54466680
41001963
35979772
92357655
41677812
14097576
71805974
63796807
61898308
63168583
13416337
98371930
54763086
58425942
63755620
39533914
34353258
84043364
91565753
36323309
63244099
87183000
94057262
61663175
95999827
88266586
64167962
79269204
42954871
91513071
11286327
67819574
16695299
86507011
93646722
96654475
12019959
57810738
72293995
98260207
80243911
60799397
60311871
46201320
92775238
63618069
13443253
20381167
57703039
61858163
12886176
73076958
85328282
57084250
31686071
27702034
53581651
57760685
80141949
15359798
63396950
82471230
61383238
71469133
39026088
47854653
78918040
57266585
72247646
55557883
83138378
63225984
71634523
61131656
89165230
79326410
82019764
28393532
34311350
92279638
45774322
13547727
27519818
88844721
37025552
90905148
10206181
50203488
99030143
42805524
18807330
39602469
90869378
80590946
88050070
80084426
48519242
15285515
56040953
62293070
51846100
26197929
52665062
52207806
68056326
61822287
51319765
72539539
78568891
75073062
73713336
98385698
91823658
98576461
27933609
73411091
84673873
32938462
99387144
94806218
88591060
97431497
26925999
99555673
91440642
96048572
99539992
60869174
10309512
59102302
39182115
57837816
54560760
63682253
61410224
44270987
79864628
11599687
87589928
28985933
51557094
84076726
51628121
60818885
87758961
65869980
51130324
37851880
24317275
91466218
40582195
45888286
96142800
49012746
13315162
53023859
85573125
38063207
82871736
34359987
65352915
82729939
23489995
55178846
97254440
99673161
57592630
73875653
10900374
14468494
69044498
45089190
82644401
90437165
78663413
14825261
44636234
17223340
28114186
35548056
58162139
21059314
45140106
60556129
83833776
35093118
20013474
29316260
60064444
56502239
74715466
14851517
52843034
87879680
86978816
61226072
50321358
71729173
37113964
62178288
91059058
19677166
28232670
89696117
12555661
88552507
89650548
56404164
41315926
96120930
21865367
79347040
36603036
65347703
80550606
94843172
36941379
23482958
95624626
61692021
44559370
68473239
27494350
69180345
74592780
28049143
26002630
91713333
19667196
17677916
43586020
13408981
85491613
96047816
18192851
44856585
10069604
33126067
94988695
41506770
47847884
22026971
60887596
49178075
12163998
44611964
96447926
10439793
63959232
38803192
42266275
57271896
25593420
22819953
93539006
38267046
36520762
74482129
12543670
77909875
23890360
81352147
71186149
26016095
29996956
33425105
38141472
73984794
71698178
91005794
25718940
19927737
94670469
88182874
44405680
48500085
84137555
37582227
90789535
32651412
79001246
33977748
79073913
52252117
50568041
47404673
12487717
40027906
23576894
93752583
80028660
33340553
12510171
36641208
26135445
16558742
35743344
40937444
37470277
27739162
58733868
49837347
67967287
53005544
43328425
64349533
52276611
79328314
93397443
43507497
96476779
88943869
53330193
15405782
11831171
81963413
32538836
44088883
46576156
79650885
74729880
52452286
63168415
85527654
85039184
19453937
57589898
69876707
91011940
62734906
25263969
14527615
39646713
69244007
89319400
18679637
27552420
36679323
22785233
30158693
88680571
71543374
79419869
53393365
17046233
26369324
20746251
78932019
71101919
70470278
70086570
96122078
46390125
80858090
81896609
16915422
72022650
85503912
28245922
76221587
41959741
40529448
N: 33248084
