P: 327722154
773976891
217132633
806279669
932825211
183098835
705109144
855123701
382470441
512024653
886761031
977035195
616031754
797776319
859504971
223130774
831903859
762912105
318649150
634126085
867904677
175082430
966875017
855648378
197737195
295585158
942168133
769162255
464288829
482576877
300409226
513843034
518741534
159785475
430779310
155257400
974878500
992174349
275971626
566015960
240118207
588298209
724495579
594374878
572927529
791704658
600127398
113534334
565543888
432455765
207323637
937065569
516990309
340739737
871337974
839776389
196470089
191142629
266216493
399902950
908871376
349328155
518448829
116035188
805143941
949758486
995858172
630208733
196702926
379856666
743712181
235569820
423883827
411051472
459731355
257042567
775067001
559946193
365431080
190508984
608955434
369982041
165197529
109225761
185625486
272232409
112078502
610804036
852285410
680372930
747524764
196608834
527907956
372049747
434890902
887505528
268614403
840569682
830234229
208186772
286309855
185511263
108025688
559643555
190928258
281233270
848428558
615748736
281647820
959735135
724652980
744394495
329371304
359436323
729637575
129370528
858207381
820904259
849073766
610442709
771359798
509961183
970844899
229855854
813050181
793363545
619944723
393571166
784752968
794755179
193315042
731837559
196970699
845437019
671202320
599609274
137871856
670258074
821820210
222261520
445539879
537594640
790290393
741888341
485000382
663510372
266261964
566947193
323824147
166699038
159636850
886681336
371748273
492378094
957575671
139617914
108486747
153048464
256474899
981605044
467661990
516769543
157023171
104957206
226905038
793369558
185996020
461737278
543138729
889405602
574372906
244663160
310905791
499387961
951801798
711697863
399597038
572370490
320306763
542290130
667378136
905685694
232179167
685381527
342004890
315797976
677169945
848479079
670023647
219641916
709329520
621399469
488285649
479990362
118580158
391315220
975183138
681781124
562271100
760905104
804486837
208591489
136185011
521750724
979525615
911863812
359892843
844312960
531035442
558664129
492429947
182914922
719698321
718524682
592093706
202856308
514901772
997617378
667289465
977948240
664808707
279071556
356054691
457555954
460567052
689861800
349528438
250504765
693765466
640391986
910385757
717935863
896966547
526312562
570522112
460181684
974551287
373083718
257729293
708872721
417919828
962743444
149215644
903357724
933742210
856021177
890458643
218676391
765583035
225843026
241285024
561609988
147613696
777597200
281212092
437714090
753527817
969126911
852764444
727809280
811561299
149703032
502122574
489793433
584294149
176855450
515092309
732159941
345736990
650074732
853272434
846869957
617530632
686457164
253064454
616222081
632593259
775735780
101430587
336365769
142883701
636463846
879797399
246759022
607416268
489587954
623482290
806122431
610981271
222087761
453317442
324538151
943593317
546547866
298509835
575252441
964452277
130693258
829141303
577432344
836476853
147785855
452770218
867099511
331405189
795895314
662631300
635721592
410673142
695725793
217313451
564649672
693716658
791027507
759932880
231604820
482425054
347578051
239690670
402298423
502547737
313811932
986654124
919152824
598695359
216981748
121828561
568286388
214258274
509026112
796645781
659493270
981873576
591918857
926446855
143566088
221084579
523737839
205476175
305986124
360461867
960394255
380791158
748706509
878164396
870580627
912024552
171036553
468850615
704871524
716291639
665133002
404651733
861677365
234143920
640831563
321408915
187045224
938745016
439218256
271411123
964419861
972631515
937337568
298597793
155583188
558630179
646500726
244612441
215958203
738102784
453963734
113009478
659683426
225620586
328421944
829266523
302994327
274851042
360924880
959018109
466203570
775469684
565764470
953950406
720137289
155152968
875366362
149584030
514506452
829671374
321519611
539030436
417564854
989489838
457574864
451028921
648589868
784691810
624852314
265660309
979852886
685503354
481996999
211538505
492059546
564107860
976413704
693931869
959188613
541822730
875373810
217691446
590985955
487675970
447775537
957884388
863786548
937291718
452188688
425108563
518419757
976852874
372020254
413550984
654980302
240382293
537785772
655618826
127707121
929160063
610517966
936186012
487502664
849162030
366452621
274877613
928806061
991390681
922331276
428207848
696155187
622985693
744127863
108637712
159146803
227425414
664473045
883904240
212118060
979795584
988123533
591770653
280167139
471535872
315102534
957858582
664687211
188247487
933350890
672624050
419031509
103298916
255679410
208945461
886693946
730807706
510054035
455850722
603917797
312713748
773640142
222196123
917990046
603708212
671867995
192723397
480517768
256567755
914902428
760680375
240534421
916093160
133594349
707760609
128907055
386315948
629060991
473336676
201819442
927087503
248028079
223140531
545271001
467161915
775886286
225512782
190505106
300058398
462422810
947919715
766628950
243927447
363048973
558580288
512654482
781025514
868180816
771619044
123726961
500403937
670888971
402345767
257062526
239483837
202400972
297486232
781128084
947042058
652983066
985099132
663615771
557388959
693707800
772012567
935181403
251463105
590223176
592210524
656740623
823961487
964868658
856517658
849399019
875705788
226689580
906792925
438504438
502993523
876545604
129330897
298049300
592239663
153604492
402409060
247788436
352746549
648478176
246729984
605578398
294810431
598673565
540205212
510538859
699812472
485025144
458852993
744836471
661972338
366892689
173620577
398181544
392226968
990281333
984567583
868608042
722396848
147623903
224161882
111624836
996970635
430637383
265343116
531057664
328380596
959595877
783529878
315284989
366018936
859373114
740841204
721753367
378304620
250188036
461335881
741558964
354959061
655524264
598408668
392387716
654353459
574838044
501553661
625576589
311874847
442213210
715042531
898137770
108224545
483685343
617213367
291097149
964322452
122532791
314610167
901124076
455343433
142052903
232032497
219756957
699891498
253465489
211785568
652355915
792268968
986896399
933769209
315933266
555336557
393406582
442943446
324076869
700513492
187610915
711226540
634051759
918021848
473992194
195066754
546693509
946378320
710941611
296154806
190820464
765677892
987781185
484470039
306654577
808837466
880408561
786088649
328914089
682835537
296664178
184994750
224427369
664445397
612747888
360955133
838122157
260766124
575407129
611083730
850818774
737473517
699790731
564966844
421619108
102635254
199111941
108748664
821531321
907721903
662451054
376311120
888325353
728197750
372375502
331868359
723844015
529360845
266161362
494998538
720876973
345300900
363013511
943647382
490776409
336127517
446180336
180219316
113236500
896785508
173863632
561174329
734623357
914061970
996069942
508510888
141782725
538175825
284240946
247617469
433894475
583860250
589716227
177017697
492817842
275808250
434521744
843295689
458339262
531630961
312995689
681549578
108372161
116466004
185683583
775981642
379389950
779220367
747075652
551719336
544906610
414419030
483816746
933505027
943601213
707040010
602600497
347654407
732415862
114786244
980058081
830319828
897633130
501231186
866618162
779391209
419684617
234882541
608961513
531649582
823014513
984306909
999508012
531658756
724444403
487670388
752107455
816711200
846003001
755583789
952861915
216399861
178997477
685759188
920899911
800452715
941368911
689127673
715650097
284346121
682143364
691839970
636096999
821319223
151000723
535565540
176448006
418728742
987262987
686988510
762179209
141670720
265093543
951996378
994375985
751527247
690671029
695949761
940301574
570123237
420320932
870408635
157596808
612541799
986650540
913123619
444856688
747447153
971926002
877760026
639397471
548858636
853417266
745113588
811020459
452736997
552341260
675017815
119158575
478564467
623616902
347545883
613512083
995638628
792050964
327124836
642169006
783004801
679813509
329499641
737787269
253795882
130759441
607589318
527609450
687787038
699605513
434358836
346308755
503097813
422714049
261414803
426974809
974542627
954267379
985303163
544495512
826111197
620532065
174985804
431728512
149958280
908422178
242531429
857279283
328437817
550247215
824845050
977772697
455153384
947737638
616158204
632154102
723998009
108178668
786167083
936699356
199855297
793508559
153895609
436827292
684474269
886250958
916815199
712625923
376241304
589177511
302135435
436797629
106037447
697138446
759614571
401517106
866440314
586052797
124760618
704458458
273936549
123122950
874466683
189556132
721644266
454822418
905633874
208649339
837479983
357504141
945739851
787446853
910396047
685980120
665667590
533058563
956248503
351963044
465130495
940188506
730254115
131290486
955381935
410112592
986784716
181779579
216511032
825859780
735224727
292475717
534186499
854401324
949599627
673871861
121120658
151646121
179564815
641279033
134197312
858043437
182088820
153860446
964383800
887486550
122535189
401438108
291225205
385127810
555088711
144294014
245062258
116337426
441852656
959429575
164241894
676711796
266948183
446075242
698429256
711305559
494466769
701723742
404764439
883140029
380218799
996002326
966705034
106801076
240115373
349205532
680078509
193290618
665867363
568630447
399753418
677506022
671420716
963975791
250302316
905347040
422956096
421465713
558072624
861570265
922347020
423367389
714776315
226785891
276159789
463526811
479399687
526429648
760511678
739818603
863859534
657082521
485740238
741731628
818983135
538728096
904305164
164202307
683696964
597891549
690595450
774349203
178503133
889636818
790299772
573525623
738789702
750087201
522546188
852610651
901379456
227114980
837313576
430452156
137901638
357711523
702433621
923821086
926509143
138324085
687691008
275104221
651124070
725339870
519691254
960187660
190446625
214964993
101366254
880863255
518284875
847811972
863654785
922071190
162890527
500933838
701257258
915301760
243731204
980137097
317877781
659414895
485219237
264801785
484005554
917610133
984008413
231279926
360665298
807789724
334701540
158306126
569664612
606554810
877064818
958955708
632547138
299245278
172910645
705247730
532805304
897914457
527889814
414058297
755747925
667238013
710544233
876352729
448386698
683277147
141777529
763196114
583208950
436481977
600974176
363550947
307491512
419728153
541537343
678697232
151466147
721935857
903487098
208291667
826512847
354967363
651628920
939060883
832896129
791670777
103170784
890055398
177270113
514970878
981430988
330046489
902797424
784002854
577226244
327147343
128120382
637259318
624419100
308153998
116229891
252228099
141265547
579572800
304827521
569229836
307980081
457701820
638162876
178343429
589007019
766461719
378820990
477844161
898623051
887145799
689553449
234593742
922151334
829401983
887291749
741686620
438361206
950772767
633746149
381620535
779994965
275517731
251484923
319758617
583415955
860659180
434293610
288141718
671071357
844931241
744114547
872271996
342989223
337280577
338092765
654311950
906225986
943765484
560353046
188654239
613580042
676341999
386369585
109710942
941838484
560054467
500313964
455082585
308104925
140178576
809332477
302675482
823306406
325535783
653544651
937733245
765723133
216912958
591057666
917010573
863215588
554259554
208040092
697037216
180961917
617223123
519888225
974349992
600895546
317854345
917722159
964700476
250555943
790739655
663009374
556151509
378201686
232150848
359644790
454903687
737676986
523788122
573768909
553733206
716748533
421808833
874219353
505525199
903430628
402822267
132497731
386452718
778321315
145386600
828496493
300715542
908418679
247591437
613935066
570564547
160384504
604164730
223579078
190047040
469169859
133547602
875848574
773562366
237266321
810019881
324450253
707850852
117346527
709234714
901550612
709959598
221372957
441014243
953254699
683922806
213886522
415764282
656194182
537758860
880583061
665787876
655156113
790545691
303082947
857861128
431745149
409334640
239259798
172530088
965647247
573440532
303033817
211901654
269498058
814921038
364859897
458447739
266866496
252591854
550866127
167904032
116562164
667336087
973074684
410450428
116510178
247011447
999428916
643679412
311677054
998691050
791559342
861495660
662736956
788213825
321924562
381353176
803109677
984126775
830281952
883384858
707634069
311132176
187373004
532077672
573929512
219395070
573127088
140222498
478107638
987269476
365328010
856045917
862117433
142238314
177665782
482165354
753423612
288152992
767278820
505568426
572883716
539076361
883305880
707445168
265210280
534658956
427648004
327720184
806446544
913776603
889443928
732112031
374288524
429790526
592397278
892288129
656960542
131570913
454206948
403225127
745116344
801348838
128070112
767025039
157738323
452793393
759031533
377072545
434166328
964538700
228136438
321807217
273919291
433822774
854708811
621741838
405315757
612474013
669696374
131287919
561057051
491613401
945328158
635167261
798667730
941526334
700277962
356325754
684044872
664208429
127709406
870803122
560183483
858725768
149008605
684485212
147757903
724671664
384262714
749060993
823450488
943060309
222081254
947813478
843905803
697417177
495940058
622683665
821290472
741625856
557522266
315366432
717963130
961620546
651803879
642621305
899903471
363314056
106812084
720595390
227476511
582539116
812175853
945002589
847707146
743814199
165429687
180897270
504208866
714389868
224415369
602969276
635215566
353990053
847614028
899795423
384329305
212109544
598957600
124505145
844612068
213286288
685130132
995163412
479171742
716699325
208511241
694074391
338220963
353012063
182599825
490553354
170159405
243901880
111365750
150370604
199601626
486601598
294115767
563180250
661809711
555146805
108937183
926560622
685647071
100763236
962603476
842705373
210091716
201276063
788367935
513983236
167823234
466236880
549958806
193195305
336959456
982079857
518545321
934594176
409268898
687505540
188926591
796450349
913889336
797959119
897461887
515453306
564946531
763937097
951078468
338109169
652455468
402048992
293133652
372709251
363441922
536071647
512289767
788487072
389872571
401475630
761676711
111158637
479629914
256166693
680971079
628314637
809381196
267223359
876144000
303930387
918594473
406932228
105515458
344561986
203736088
969486993
436327877
230944294
125201993
392840733
225070226
797014594
666361495
176638809
552588334
486699229
892907217
757490579
724291549
170757333
993030352
167526225
116837748
742443937
371267664
620449424
630857664
694877363
903856568
396119679
638788778
199132941
591703585
730748553
889410012
729714966
335951541
895079183
680705751
985621929
711832496
189847540
913963092
326707769
115280071
667288104
644982416
106520753
876196764
200855351
723949869
706695497
310099586
453361366
876872747
406446262
199102317
383522386
587410936
375143541
143972095
476909637
181397565
314555600
539704074
252547058
488930024
855550902
773908861
276714337
470199157
408460237
242201690
473619488
986130413
539410674
957594290
171305122
382720012
166548070
258811557
484239229
595468641
899623994
855706850
391120203
684628872
154661463
618254269
226452886
319344496
372574318
650837224
284796731
496194555
618989921
542582971
676666886
109285092
690912511
650344064
595473992
945740762
288853413
836875084
968664458
480859329
325044130
119913606
519651145
401780757
170530717
939274397
321001800
554210766
926473351
933797418
450244011
682648600
329093667
738882211
322241157
414340545
563983467
766081308
216909908
921449864
335359768
501862050
100946485
727750074
947517489
597175499
580018777
908358929
649529585
265219870
585810495
771337625
501522085
373916838
300602398
597220683
370319667
685533521
363821714
121753492
439529662
931206988
561043592
976657923
788867912
891235400
927013506
601283874
375153895
390871931
938757002
253127806
535079752
667056367
151113285
923384784
492259948
389894125
561625655
599098541
670745484
944842940
353874798
665319026
863560672
561777621
598336548
852596961
470280304
542577434
479890235
801681738
503531215
343521759
243710855
495649696
635722434
754336962
887314642
140545496
126859088
134876903
876754661
933979951
380151727
513505245
301862714
102180808
625796798
248353252
298507486
897124864
284923049
198249087
670968490
428795947
539916897
942895999
326767287
580787179
340188981
457187349
832350120
259864727
712589946
999394065
808662881
589084199
638611649
597854329
872982183
398866563
355163538
330866252
311193764
597720796
124694055
185905173
973305835
574971597
187649655
513409957
152616055
638703087
919161921
920842626
128313364
665514038
110952883
978719983
349508870
257860183
509058283
454661981
402094441
713827012
630706720
675826540
412293487
502468458
649293410
616957253
671922178
253190050
253049669
812508166
822815274
285884682
194166418
509798795
209384732
101732845
833705297
736034531
434135944
308763197
573309976
151728858
215362154
427476202
574156861
137666323
144293204
623722888
979617274
962902595
645400668
767182569
804449968
351567353
141099552
285837268
899542665
100295999
879747188
138148994
484714561
566391807
544689821
455550401
999676375
878747161
516664930
341557600
716711566
443223383
573207324
662335494
572120190
810106557
788738630
485457840
128063448
148894181
909584956
976948281
574774816
895170630
470371041
845024854
724300468
193711551
605179111
815954694
760098997
840894965
507757999
887277339
514289941
932159616
604582825
592276438
988070579
218292537
441944411
601805275
668065722
958201623
510331642
599749342
690787266
715429870
685591378
700283788
917392056
394359422
184609442
197074826
198250275
624680247
879290898
817845773
103735970
991574987
440373136
638484313
116783887
534901332
307409113
627050206
690165888
836600941
158035840
979242906
175016700
455660100
287213275
978674114
233608240
438060474
251465581
862850277
299564682
375002647
813474757
473874712
959281437
972550201
698784632
812774408
498428244
781628416
893616519
684144181
159439181
611592607
614298380
476102590
562429230
580872563
855733115
340704899
394029446
381547033
559035448
860138070
164940157
604596385
327447915
274491354
308387640
462904870
940289094
248753043
804745676
427194681
637949775
674284685
639021075
966904715
605624479
859749273
181356299
793116612
216031340
467599568
717284512
634621810
848002604
657884796
462922617
830021460
903472669
912636302
431124090
478944635
513466839
726742722
434938343
167509960
214637067
402706319
917532565
460830445
737917550
994392776
866697118
705967173
106489942
609762929
651142493
868462338
719782472
259109640
116408631
185042455
470703755
373635982
882096053
969003871
376665196
193349735
880249709
507117367
853132089
799830960
198574029
284668146
680977151
347527488
511253823
131166564
600227094
137408468
314031000
156196967
555844323
300095304
378311094
442313065
970329881
584648081
336196549
912148818
729697653
202980881
800830471
666583915
435897946
390489242
785995827
135911539
409057067
582034791
737269965
585464431
272505567
797793072
428685021
444762630
571586218
900104395
217101788
899383350
578338255
182854066
673253167
449356571
315353793
569963191
756948529
853743434
468331861
838195420
511304765
550059810
165037107
820982591
625168831
758368535
742823934
718803603
212814695
795097931
231053318
802634365
526805399
381354136
406773727
412826927
458351541
333676955
272669156
179689055
836905683
993866037
772756009
887659844
484043750
920758974
483358921
772123734
891843063
594393466
619305620
802874527
667372100
752079433
187587981
636418260
385681856
689773104
420687777
732089286
473857038
465197981
586188138
880492848
485729960
590031224
826629609
771951469
185398232
567935883
884583226
135191312
917141183
948338799
624564833
996959842
907979462
319667643
628026771
399646449
641524958
933813588
818001728
251955191
661333631
258057675
108290434
416228043
925267756
583003463
969083211
111452528
972879497
195886918
524423066
812772573
858483341
985715281
877919681
953327159
149217517
770977480
656859887
145614974
562305860
907275263
655114973
133862426
568198302
343612462
444024085
209929533
489698105
471318542
446991718
173467043
842830081
908283539
515810438
241182114
821841528
745877384
578373524
599501929
707815755
960350199
450902978
360885527
624096546
296668464
257045457
272303474
926972094
852057350
524532768
578931881
388106405
978367536
768216930
296142833
312702025
515669896
234768394
632012373
104066577
174696170
856199740
354042487
121060010
820724251
768451943
856597785
207998666
483087635
625268129
436810654
722403544
949617230
165983842
922695101
312009859
797035088
348782132
818260155
483135510
545574716
813124109
946401333
942394027
275635018
594942509
284837713
805839492
324208970
105966605
157781530
266327667
647428197
137985147
947001511
625001523
976756250
476496202
117585532
123891863
939546251
760514972
830967626
602764206
928777609
338763556
825178550
194347551
195044446
601248225
242616226
555438908
771987794
156785494
767300998
988986831
942813435
885689359
217263759
182435102
534151287
135894616
811443847
553864083
781077158
468881285
692727434
304314764
491024919
691500828
499678329
960854516
813678582
643257665
736316129
165397266
901845945
882125817
790262675
933739513
921818735
215999180
214356714
422124466
587737219
105090057
872122274
936449316
173533586
901895774
335436625
711242789
418180634
840381957
663472238
149239922
989307952
239907754
562814338
914320197
283356222
583884077
474012249
839324799
486306455
665844553
139768804
805286523
133496898
926777059
362989881
831444554
723192104
678407285
825383345
223544394
312128256
480037211
690154988
531312387
103487402
122401457
430088813
832631931
651208624
140662014
309112721
777827129
481944055
928751340
208652420
759591303
639827419
440081129
777413700
240293919
472383158
162981600
670244825
477763488
488915296
900837334
789752188
553983664
281760725
571125522
876332520
499967653
653888984
821909190
775972614
890065560
618093086
765509489
647760335
157610518
577046864
343984771
422654999
129804673
841034669
531506120
406251689
474595102
355593188
888061695
412502123
443626285
625525782
851400885
832308909
321411984
240306061
605391929
768509291
670104464
418451470
286862453
179423451
327212869
533411360
122910633
989962624
566369675
182462944
812030394
286897680
755923276
478949426
218068034
918824865
123294224
218231901
190421736
362594565
661535249
335378283
856036622
494053321
513527726
241206283
937411377
604686407
294657089
306944262
850703666
736762785
722553575
986078814
855119450
403651951
712277525
816832909
772908008
732124471
131106580
709237151
519309052
958029584
897640466
582410429
913156211
238303797
151158847
245539936
451678560
318424506
418907046
971657754
325989400
975598470
783937153
128747365
351208908
126575890
503187828
236178151
538018463
754159593
547335757
772120864
968632227
803856623
991046753
239248966
753725189
688304054
513095188
927972146
767973684
429004736
740243895
471731081
141807161
400841526
427200665
644268192
813140457
977592993
140559084
906618471
285383787
750298459
120203988
113292078
728487848
921191716
876685192
927123320
541354328
191356676
994457568
647153865
915753776
480856664
444880748
484982400
815878119
180678932
417817431
166719961
568503109
897381054
903444318
846923611
685312965
814989492
474995993
318728925
947790305
361215320
615242136
528998630
365609240
145860502
473069708
856970323
696370151
189759752
421198103
686798372
198727017
249578475
356189060
543180997
908615729
458942523
139596297
761338181
673674071
203363792
461889849
287464554
449603509
583927909
700123615
811997107
601992016
419190281
113379308
450140137
135336546
618755621
446218364
451466739
868770915
159691434
404774197
591565663
711176550
753438050
941988958
461007720
457392191
609821865
139835630
458766250
435832399
945219247
834988767
371735639
309547540
168825425
804185151
794209379
814689966
127664360
438269751
604659095
503971951
973102333
368177670
246516120
817818307
177784092
275456193
708162608
402699496
202993940
379117921
551758631
228561048
548036084
183744414
355048783
621515771
561295656
881753378
749102070
348960088
874719441
758432013
643951277
636162490
792308840
161896026
946221646
991405712
141729350
158197077
149990320
822236552
718257512
391207996
945549809
337067639
674138174
577673734
166002392
846427462
407135392
964530805
863246405
858870543
715161831
619686317
177106638
341943849
957808008
855733616
892420185
101572055
986629535
235127520
930356354
495336653
887228366
592402416
283221209
700624690
307392232
696827851
539345054
970014144
281869072
563083246
629041030
275351624
309055098
106610570
295644731
867433154
930915653
230214590
793210570
173074617
795843326
528123954
963778583
587051917
695246445
914523669
533520986
471995075
518997767
186625223
666933091
176897331
734718559
657369771
110905741
215212106
388389226
528063024
456731558
170871952
725353953
322926653
881003891
908452028
875361438
334624854
708471108
359992901
823024347
915395482
861756431
199846004
620056823
883606189
342524766
143270631
866207967
214627291
732780343
321841336
813752478
612374481
159582137
605757388
465500030
460827659
110762160
264789961
220579420
493527333
676301506
698206271
276367942
506509260
614415681
941073606
900572793
801733326
904508344
921593736
606186864
412559867
897858061
621490467
201250577
324633291
874199627
463379582
626545818
994976074
838460903
898795124
533825895
281713270
349753400
836974284
466397125
349876055
247476248
693912436
394603379
564934474
123537762
292459856
941995153
745829806
383589628
419389271
490317431
348264491
962740122
221887408
693237966
497605446
862473654
948175555
641840442
793930484
539584160
376650597
463049184
203969683
975733266
683526120
180867740
541294895
634326885
441575862
932745760
464117988
133444425
126971433
426754155
608645652
834336738
319860997
525224147
286774148
124052475
396983709
428070220
382501334
131273823
225473312
266520735
245043084
263448451
633318477
698914314
986535391
874720667
951546169
707553042
110033210
472090529
658117988
147088624
893480077
896468568
460016752
777236689
728776441
845994744
691971925
315274160
352829848
884436201
880921607
460958957
840666702
465162361
284600812
199278021
565404262
837381493
368208530
504585013
796530755
129565779
465297332
470459115
430665065
835506114
221782722
907037257
516783185
599213374
301224962
738777383
719441668
427361448
848025420
822491627
945222587
860300013
739271429
628988894
962163965
660764848
868194357
657112170
906284868
297049219
501043178
702843249
393507858
530072815
531491417
843158201
340756343
609397512
646938643
870424999
136745509
178794375
446294399
710164531
860826993
177292910
537181486
678132257
719309193
447581256
601221857
349273546
245241802
181505640
266435021
883887390
778474805
810357681
316455787
117644306
464696365
689717230
541701608
400168681
749719426
512417620
475759104
846929570
548855218
860434268
772043795
231436786
654907211
519288071
559720557
702812708
446702752
282604175
541637430
965767227
174486429
579723247
635819378
909830765
772744613
883374298
727225823
225666468
628471361
322654065
932095118
869436468
797493655
296759537
828280374
761271299
104108006
120905576
516021487
772119054
828295550
707644380
884859243
540064607
763229628
313123471
733482429
895128766
248187645
588077111
906064599
423236270
674841892
957173962
250480826
184040557
476012732
672695443
919384342
739052401
319818356
610491921
507404807
626066273
526991347
609970889
618944206
897744411
591950582
208241937
412285721
354685162
237896762
146584891
710104692
239001559
412018133
757730508
605138917
167688381
387602008
331949442
868060938
721379296
276143041
489315860
485076089
662633160
987916161
859575735
929538639
659414239
714421112
741510620
264995801
930886306
488441554
214737867
250316101
645977066
538548394
118510422
837059299
300487213
818633300
623458163
916973075
444836812
741014221
245651544
164737204
535995421
808698034
199158135
350688624
419889586
947844863
722352900
586513139
142216642
451317729
420618748
310819284
399259029
951621050
598397602
633330280
897258916
966991141
709757968
973459011
569668226
703243199
881895867
506375398
681906201
660151987
141945265
665613039
813474152
613111970
314620238
175395740
750149806
816594021
328713347
337859803
991964087
609033818
153582966
630994511
513105187
768656362
486797481
279600235
317279493
598793243
139637828
856647426
649279493
151168901
914184736
481325347
331868766
709675909
603015484
356073055
158154791
898017151
495606062
956621623
640116879
697454349
973618919
336767594
302647753
995558136
993514505
330228439
437372335
530842569
351770648
522878015
672373586
643362719
339829906
816724123
278634390
630365621
397117653
217944573
683883788
242764733
268253050
172144186
273224055
180235450
803587026
840184405
993287392
622031657
640860683
728349179
607414135
539841551
627507105
677952143
464707541
383508577
861475315
669607280
280861885
486722748
224790018
913521761
949439404
385841589
555313416
180004917
363568381
476863469
272909457
857048393
165925023
926471583
126401139
385779886
146021119
203435958
122210850
303825978
966739598
171575706
237358291
938507458
920470683
328534631
535325305
755988192
719052647
671620001
128602460
245326490
812516310
575068394
747249163
590318551
264747224
715963735
668118345
362642415
199714911
557732622
414861626
680075551
863473705
784720515
815930155
284036314
971104038
426978248
834414616
120274939
891268731
203739581
448972309
865859399
319184663
612600745
368087080
479681504
761615491
827563844
505864366
599872399
472246712
456336041
313090353
437656636
919062864
190813479
236834534
805077239
821820295
974660108
765582379
838859830
545775501
985530716
668813995
150257662
995193583
127303965
863128514
486868872
943219102
760664032
330052398
328217757
665621469
615483503
954029707
761446546
850730570
789397571
217364168
964897018
164555387
944861936
656356377
471983299
567027305
212797342
877258221
429604185
115435766
636472809
583695241
918247470
137773634
703955259
466039071
844086947
374398735
409623051
750696730
142837907
860720931
505140307
802478396
290299814
155177869
752324028
338286509
674731266
486686441
806686862
303498972
658191036
717777692
386406920
403962339
501576666
990774207
155476588
307691384
141993032
538869575
682735835
437191042
826267163
179936122
139968432
984748616
912211598
259239568
742109060
353657062
446920935
267647309
354531835
312074899
855969538
992467423
696289682
757552882
227400368
578633235
987204487
918589252
282728478
162693906
520129192
181631874
957801215
125824006
134551342
280129714
601115582
685596932
895666668
445302591
156520235
416175739
729213510
906151949
790514498
315218397
473211127
458625487
673714313
930075925
321802603
503066510
518679767
372984391
863094453
391329444
974424843
331050877
279330167
532469364
820728267
580737420
671473677
517199554
756272436
706154872
303367698
123220868
719683882
944831265
494166387
968673355
458993572
818227115
875592648
294117556
432943234
663412618
375316669
952531253
265063639
530809533
356424349
307825734
568028435
821178136
116310629
653674765
677504651
831650267
737072323
145511537
129831849
612924066
773742940
574525467
398532135
388518450
368062717
718698071
790498497
366000244
634522500
402515566
159267023
480378903
652161764
889043699
780370419
782476360
726603629
520510912
151935967
213104068
781044524
511902721
486105158
717227601
451897653
941711853
609455322
156232516
714202209
430587237
101382628
585243295
875067056
943393383
990851183
478825365
164898157
418083058
794761479
118295810
183659618
143089048
113346060
553158114
720239504
577527802
679916445
290717753
188729864
598801631
442471945
523105347
460943284
797237199
174630470
895723624
776068979
917118511
334295879
277013740
614251854
240772232
832958941
899102122
657861932
869482460
324811808
406023239
223203207
794150412
781470544
191967837
372646130
774529943
966484852
290245936
259109215
606369535
120138802
461320699
258991031
116907004
798856232
983860935
967645915
576543911
600158629
589371327
668415573
696541335
494973106
841306580
306289688
467305288
466698977
173356334
707800451
842030957
657639260
785289874
216252637
763847187
348374424
569674801
377712633
311985245
703827876
552388423
142698315
243156704
214914052
265916527
671895397
242802601
859105971
394131328
607895503
124089502
458944654
782049437
880396517
828948150
195172459
469230726
411875578
776863364
408500546
109249130
879784928
396318188
513859538
731267577
354083531
359416165
826320789
239118680
872967378
475591858
518502438
350543091
894958782
111325092
201094634
995420390
549126668
308286980
944170487
798657126
462060888
644509233
233315357
568439250
642737602
209253125
223400795
476306524
855308890
951101320
724701056
190941224
213850487
859524834
434000355
938616617
454862565
865198546
718034937
560085686
827781078
160166253
743593316
915978462
814513996
693058857
736637743
235859241
297073576
419024362
240675104
978628485
343751684
560108140
180609155
348733400
531000039
453987267
908058194
881056253
728829427
851669258
269486053
147345343
307049772
127146821
784731045
585338129
242881659
956573559
770222208
503527978
543920374
132556027
695318529
594083172
379777772
739983090
865488987
548634121
708361938
481328237
735469606
615280184
707026597
222929283
657005194
567396192
547306616
320937492
210091062
206915302
511566075
273086821
593019335
816253651
969506227
855816313
392586278
716731316
526498393
208956466
337827151
666568658
124139592
340812473
451954652
181028442
454100964
928999379
329340623
623045375
877009941
109963143
849525289
925333633
449595764
228852014
722870337
151146231
137185484
771251508
838725693
788190072
395503373
248213917
729696764
206239158
182828885
929416116
684303895
861534274
324103098
485709004
904590285
139511289
880902240
329472464
108810425
878458267
956140068
115993835
721269510
514370359
186236020
315178828
998744953
898777453
475310127
856469666
236023678
410164679
372763056
985249446
199522413
355278435
998332709
211335647
483159326
140072824
443989245
596212228
453200872
409730248
208398769
484576564
896716427
864776048
573193490
337233716
823528044
404312476
770148901
893483256
577676381
522416419
832962529
876364829
664210907
383087327
722720936
206908244
129762659
888582088
239027870
998897147
952567785
448396088
677042462
265712292
196726658
603855143
238886446
464292081
379939927
278759545
346197580
715397535
646477767
985676075
240043518
991012520
153889000
158061775
826330859
498738366
444299525
581386168
791115143
921181741
453854656
364610076
804536786
534612785
921588369
511018390
463271343
925747866
643164672
161346791
937010913
466680946
852809236
718990579
392290360
804285933
383844565
245008871
491839197
651415247
650797124
888327866
399679540
441751199
697225495
457029898
933074871
273104086
985511967
304409859
792249479
519876109
472292092
313073441
588516355
288102459
610262590
395420581
397227402
735993178
768231704
811052467
526614050
227174524
472189312
843222669
237679818
835663774
881255326
246261997
477258796
122134148
892324614
570790536
251000778
342948422
590166982
439718847
767356548
311785204
562292575
745958472
271692724
885848154
352985367
331193238
784301842
404744362
911011725
378660499
670505545
851601864
815000262
384946404
122934451
656123341
839095290
372500110
438270677
954708987
233209092
611795451
894428044
102149584
813330056
683475799
673394585
264137978
228472884
106373355
436041938
715450070
927670364
852010111
712701649
754064697
237917464
306548532
447853781
783310895
121955404
130476749
793448912
680709178
124525841
809086695
570603757
507370005
782956546
200684784
504222846
312278068
914278024
224745032
600051327
428493673
236362079
699470392
209092040
453320326
207784652
287483257
595856210
760384973
712559632
553175840
143451221
283680074
724651956
189704763
629676047
476146156
365833771
330355912
712105416
518065295
309735945
199441833
926342979
766051614
162386939
446645493
615740183
166776473
850526521
693606552
527157515
411841412
774913374
473186330
904726117
194107626
302517895
354846290
768708009
933116576
155932842
993139084
491290646
283070688
239422282
827620408
837137025
182143247
123942794
701908602
468286752
578323383
194406576
143839951
267659902
684661852
904984548
357462409
317992421
534618631
963080439
138647330
826144000
618615358
509372010
650019303
125698057
979576490
886312223
890827513
172981765
636796567
682648511
675099348
124221934
441444597
402128050
949391141
889952869
637067004
894688793
811846940
905249713
933004147
395170081
773155858
920051655
724470676
406715760
730535240
428061256
580261555
279746757
784241414
807850469
735796165
865653279
590347185
189005891
906666528
240537967
394755160
589492919
520033557
887889369
345315723
120373104
603491461
728335080
736042460
767828732
781878748
463998809
897631600
463858811
773237669
495943570
593993861
319643635
766448625
999468856
596689767
629446727
423740394
839072097
409255901
136821904
255418319
800389716
521535819
912923232
263065878
272726276
567407802
574890033
135821892
396648207
817999453
637478643
825327442
109319590
340334960
893414626
521718268
554619283
269608489
967922021
579379772
338976647
670495435
447074416
314581328
207186658
349908484
372210981
219841738
487290434
119891002
360880009
473808201
348366847
601471199
516925969
112524824
759789757
805437390
741700932
294975722
886206726
648378014
277922363
520275720
769415404
757684961
139941395
530691727
505263953
441634629
297710336
632321208
172359315
233612805
280519406
724071606
979915339
795777883
203416838
999487730
164622610
645434680
657754851
807846609
885942292
358363454
532064937
223069448
166238759
260648803
212315758
633919007
545552697
141154935
724935656
493898769
884613155
217258835
958218457
430690937
300416356
424928774
674693309
476385282
806860078
974726339
949360338
901177944
587976926
508595685
946911896
169049687
819749910
360814319
530145115
475501019
281640760
852997826
308348908
478433381
456532310
267920982
585474857
692987196
481146388
519214026
765084702
619875501
683116473
374116396
980026412
594645186
351285223
922773121
154017087
892556352
762537206
318323297
583920544
377542775
961132816
488249382
260738230
454922845
603416605
358059806
760875799
285293951
686113405
106658795
299132370
413569191
479226094
419232289
785626515
595657033
902154353
725198430
799639288
201069516
360944326
915612356
815359237
418141415
786431574
528238781
356463934
175680110
332529284
403502241
878065217
883950566
139016187
732192441
512391081
784063894
623666335
142133256
927800241
473344260
141312546
142359407
990526398
475472332
549578004
641194801
416272521
291092276
284518392
551187870
986094218
582671728
733489129
745835210
127050533
572646847
613365931
471020342
796348968
717181389
681223741
146386164
149780787
613287277
749628870
990182723
572875156
883862952
506608095
288501833
439944916
232121998
530244016
157175923
892410170
883569121
583237392
354138665
456270089
426494949
299534795
517459059
519671305
865768135
414595317
653415472
597486629
395657198
656490551
705203190
949851773
747441611
766953728
699443673
872527896
303857273
555027532
526521751
249753063
353401076
187622337
991402366
371632934
271271499
860145251
711053676
670577804
656291304
538808404
961114060
285975128
534575531
543221841
607031326
429800747
223288805
250708963
171618908
518228387
999386572
935508276
320482274
103880017
576152872
896975798
533833046
513799381
287468370
749790558
961042081
393189317
522065672
733539017
900247332
917197586
610541872
589002138
135293702
331218289
298906819
205557460
264940428
726736140
294932325
563407787
763174654
201698082
325544401
167290494
357363474
347763123
953927459
767215888
606702718
779105275
404038835
433787968
194141937
224880693
968815837
742516429
764718099
609583894
731060184
971180911
171841484
523810596
762007567
841933973
326447809
601998493
856828761
667104356
147632107
167901545
967754234
137943909
424834612
525735814
145369498
156071833
605535886
885239919
257023238
908196204
568945729
102086130
313329057
682783837
767368478
173001820
142183375
285770942
522026025
492683430
489440102
637370795
347324497
804438125
500041431
417256428
102953749
375787556
805607916
536017772
283939487
944148842
361073787
873175070
225562394
519402974
387234709
117953187
816344895
863873531
661031180
599134616
317631848
744593799
984591393
760602947
551020828
800701386
291778400
713568139
879503789
161357995
788310712
957059453
331428210
945841577
439998046
306984691
754660387
900773518
386943999
802099300
650043696
708850491
874168495
556623220
210301978
911085928
141716085
621846101
159799557
616151701
470872831
576781225
131687935
660422815
813939414
370775171
387651856
293430796
275257897
171940452
966568752
325842253
492083930
845444876
109293145
341405464
578216990
858929118
567071731
717599671
618460310
264786610
800088983
729008982
744694723
415556397
167831295
292000587
171346838
231507484
228572247
156458760
443790213
247861795
801078866
535267858
507383620
549949735
803430476
655964581
655148786
144929401
897357058
558199138
879763914
351009109
724095436
714901113
502145544
549531501
923786987
161014183
148769599
958266685
748498598
883544976
701713909
398484890
133760253
912835583
152025350
521803498
133355236
402031680
100337038
265042812
818407579
753529570
572909000
299122753
196345582
590520453
420882579
359331902
412729192
520987945
325377566
601993192
778676139
683119442
646932663
568397701
832707559
329458651
313107915
185791790
610135300
133456229
653905889
159387896
555104566
548553022
865310545
654177396
937610614
529959602
960098172
189991760
249207501
786430709
792835467
234315454
995059987
798967164
939480260
158498434
721131834
737642838
783395389
343330116
249744301
644770632
333087620
539796307
989530213
687352722
637209246
856910035
128703774
692733692
147881822
565044511
971558280
341972460
340360945
507526725
879700216
461396224
682509442
668267994
457576827
760418633
799855971
160461488
892289708
421126780
753464233
953832433
460918936
193977317
580498868
723712204
793631997
472917266
870728577
911079366
446592410
528194527
552859584
872861082
679718217
404619254
538502680
445076829
798778965
485756936
745651136
323561123
449806443
963821701
234682156
126343680
434439134
961109514
644350427
548581860
492871393
546326161
760708038
411884268
777771299
768915371
678575032
383069088
768656957
857194610
613571871
125532848
638806668
225913845
730246082
788707237
408098753
654039164
488858696
276734993
752723653
236315983
501305248
388126944
108162323
876101723
346484591
261110924
885946048
626712349
196136396
550243057
624906692
560413830
978195259
206913115
866703981
741175433
243893560
798577982
258839939
347625295
737423000
862112399
479874689
892151537
539666871
158827014
660132212
138970200
981435409
662666916
146993849
483950358
308807595
580813147
586323179
596547120
397463845
947608714
144011811
625041301
630998549
312708039
962434326
636710673
575401745
843693562
978141065
727474999
516395085
525099127
529538682
857328154
302983236
835618684
218118735
630302024
527797549
172334261
658189840
742732441
345633461
489479191
362232778
937042333
211910080
624064865
870199181
170100831
899429973
626077697
180752779
807853429
622475318
552007872
631313648
983072878
933936793
615753918
230552537
500192434
681973626
155497159
521622539
935637879
925038525
485661027
424768959
999197814
546041242
808932872
543560241
524282215
978433318
740815910
144096595
220561601
707308912
677718578
516363780
494657936
463483889
776224378
218601520
664526481
142301882
349858885
443391361
798428137
496437924
246271284
109670304
331063522
498330787
229280030
620343370
163669919
608364065
901981865
461707491
392579195
534101783
667611753
168113849
664222663
460084695
968246290
555628241
368567481
730608076
307801440
101957624
719939342
150606458
366708894
750666391
377592519
577071795
167167550
444062646
398061726
750410166
350094525
577945755
194280789
766100160
391931436
107200312
177613592
277819168
924365753
205766878
934513727
731119538
458367972
828454780
829547192
229327640
531358802
608007007
280680561
688538495
633951018
140810669
643263237
952458287
884924519
173691236
311176232
216703019
269475184
596190534
741442747
376910966
304488643
636521690
190568207
551364241
777587762
557049322
395400199
964902722
366752898
813064414
973275729
497095424
422473254
493570009
642043043
292612075
701126688
536477622
312992139
466364489
329155926
485367378
738377918
778779486
350917621
823535357
885523442
174261293
542533359
211776817
978978678
736998835
216725766
516194165
766567461
712450079
524851975
903239772
558563061
539864363
494136904
292834384
237991297
964938465
945638541
348406854
641190651
864960027
376012321
585556204
500562023
341648155
325442783
506734596
528995897
679696823
139648537
212916620
321640720
646906156
253042109
989639285
435526398
883593311
814345835
292680614
779666267
863603254
875263175
933187885
132379064
201872468
738912720
423585675
209132986
429421506
337642057
354960474
857699064
898108502
820918639
706207131
570358500
738754604
276580700
864980068
951967628
412297721
365229297
596107704
247449725
491777034
321606961
798313307
676908544
569955276
220407879
743779338
860075871
358648321
286933948
176675862
425489166
836188291
865644864
506467604
902705052
645531016
807315930
171375644
915239907
230373361
642252315
139425904
426258615
844378305
751865845
337674533
538614405
871089956
804799606
757268910
581829982
231623025
831435735
825130775
763134347
165010215
929384530
620034530
467665751
601638595
422999216
399587187
596977193
857650873
504241896
138741554
199769254
832744301
514567410
424773484
261848856
722239580
761449312
218001108
186982350
937495033
237959602
661362906
970126571
804155278
551833060
453464732
185082179
343582800
556321087
692726888
905845932
832369117
396741648
645993715
670566147
340104212
210030529
961364795
498512647
552815584
383768629
269157463
909194325
719114890
621981572
220700266
210769537
318752808
769643491
819420419
677760388
773844865
159297933
983663757
998869703
629036418
693597521
580174468
189508370
197178088
703050390
589185531
431774672
991887568
790116908
675684535
863721427
616531032
877136615
816871732
946783418
336658755
621469190
196922467
640737557
410377402
313781868
112907330
921026682
469929172
752491806
900755486
411249802
946822180
904319336
183308641
628448658
724013065
259083897
670006435
777281278
307100653
852455431
864824229
896049890
534775083
114782862
322796521
760768851
572071762
329382962
675051027
299016325
759722827
470452412
227710594
644508806
208230054
108878050
536684629
553682860
480041071
401771973
771444142
177626897
947469873
514777012
821984360
801513790
520542735
264351633
224045721
410220452
666559612
105761321
607661030
932231604
798331606
239650728
866027775
681611401
830807978
923113853
842759305
509611013
193821218
590687110
508434353
947538042
208038686
219776598
958179615
456048799
367618619
962749161
967290193
498720979
943690467
180466321
587216764
543033856
475470689
387513030
525200076
921791910
957898701
648296581
934262725
395880937
316281722
441083758
837231455
567170794
554746503
103226334
485619218
768292591
311356532
345814712
938255566
430273212
138775974
512194875
729781266
266100528
856051973
607955651
837015746
831077691
984711752
641009933
970529342
242472334
323798369
118908215
126469959
556041278
772135806
387880900
328408249
562519527
974422024
637172476
885192793
886903197
547211521
475693610
156123448
174076110
352436542
688253338
635057646
698542752
511629610
298284013
356561217
529965068
425474580
700221676
307055863
516284788
176385454
342765337
177662624
691722284
434266413
460862741
981681366
231054787
376295240
696185576
659894315
256153283
164123535
578808817
196147336
194976478
164834215
740706628
188710755
926768300
459864338
630092719
786392813
521650636
981284904
205202160
951259358
115415241
197407618
862899956
244714733
960687655
992694194
468438809
592185413
642994309
472214899
397192595
792847110
937963349
185268457
338825110
844636667
367421126
915316866
270845533
448632362
556135493
711257736
788917942
390225829
539929699
810617841
293797233
857481210
995741218
529080726
511289307
779846048
949386241
626028989
804304369
216122212
115192235
225095778
424673430
922510085
295925574
281123768
928518514
900997419
202219490
699750475
993997562
445689037
821108771
458575599
976504275
119099279
359872438
406422705
942264095
767891848
892854463
500307974
810215220
172960085
411551622
890450669
935837845
339157133
392614877
256435054
941539221
966894337
398195195
639567279
971748028
407805898
736297542
738630886
620231257
453337281
398596417
256264168
115225951
583382608
513937959
184411279
731861274
873705662
334050088
451946582
324831752
794373289
421515570
469774444
364518304
565307656
408143659
186113491
483333755
168282833
359877351
757053265
704858554
993830479
186064118
395206913
382864045
260390255
151633012
710871389
783628245
163614883
246839813
578125060
341380789
114946230
839452154
827980059
930877975
203801218
395251602
993899614
211475535
919044797
887335389
533205394
241302211
265365632
561105865
645725424
847991276
331824170
876213518
947417202
795757650
427472000
706245329
647959429
652838473
237337701
505720406
151950081
870042706
452552666
858602689
744945753
882325529
673753971
748903700
465867341
222147947
529834555
705428411
522827348
749008039
855999818
952374333
913044360
193025753
782259793
588459522
534433532
865162652
949370800
150944586
280717010
219373219
312602228
303989986
102215749
200683644
480910230
892655187
552266741
157760494
442960692
795907548
561449408
939615848
691815163
522293066
508772084
458275957
739455763
681902828
688169279
855966564
766187378
487450661
897081157
239147451
805201406
295013972
478223017
325288945
693856414
301545803
144824482
751562897
650335808
718476252
631059172
905229795
555909493
196877200
N: 85644042
