P: 94326328
454149
711430
967611
225067
573070
744429
327093
847114
451745
648285
794430
213956
872096
997166
191514
690194
380616
177710
832432
683233
518516
729499
161856
135777
637190
280718
975452
563674
634578
881736
781908
992406
141249
703600
886039
517746
237395
781875
735410
681313
949143
910914
604105
361604
579313
771425
432650
926099
203852
549344
677271
342748
260249
108076
373543
341963
452596
625509
664561
782296
563611
430953
658803
547807
215590
333539
943937
718755
214606
963149
819262
616843
370156
370296
801361
231080
873133
773541
742601
577590
808166
413556
878559
626851
976101
603961
600778
350243
683006
517395
551358
194674
528820
526380
762376
205183
300562
156972
969674
987781
241067
977229
552223
342040
372912
936542
161645
684447
339653
732415
771819
812357
803134
455518
587600
725964
484753
457319
860521
873925
483433
590224
737102
548871
623602
788122
333840
832958
999702
110853
771411
463576
131443
893156
715444
607015
345527
384527
992338
613221
204010
477075
399056
557779
536525
602260
173532
975087
639803
663267
102965
730101
409956
509862
816741
920933
413572
107891
656408
920841
345128
991166
256070
749303
662317
776909
985124
878338
460719
683729
194802
724825
167489
586817
444391
430301
547306
492774
772131
384999
475742
748340
488770
932504
142189
794580
247615
162451
479209
817601
850913
933514
193353
413195
636950
991973
778758
643415
839879
863242
106002
934683
259601
406125
356231
465530
623379
935486
936018
802067
785582
605448
117333
953471
192994
983840
381292
729694
840877
663948
662019
145670
839145
780331
192283
450927
430196
378596
376871
352871
910145
905782
726682
801388
751946
838458
164444
335539
388209
545623
485607
718741
343071
249446
812396
643780
717735
917301
192853
671167
936393
110250
162619
871309
478279
811704
173664
269065
591821
816800
330299
754938
281908
924709
992090
235022
872950
977751
984376
534521
633842
762114
N: 03613501
