P: 573095295
315505
903813
923239
898186
693163
251957
686883
952266
685638
826688
257176
778332
250629
928735
385126
823993
161756
954791
434922
172734
553372
417291
911477
482623
730157
279371
643900
139851
643844
735146
958509
735016
250034
271328
940376
739062
366102
800522
856799
498555
276981
981680
462641
148682
893524
177010
710892
793202
878474
240038
735912
900613
633871
252430
761120
604347
243788
465367
175332
292280
508946
310853
684975
691224
356396
703426
924802
575427
363267
891542
205404
717410
273443
157218
345159
874410
394998
101324
815977
236101
122450
264144
836841
794096
994491
242101
411158
510901
675917
242542
979552
242893
206051
207322
774591
275181
913249
772275
912332
811868
184284
430175
893777
347768
819677
926849
321568
182300
566956
186680
844627
821979
264621
167468
540273
193350
656058
586520
975347
345594
976745
466457
115242
827327
412029
663493
817376
527634
779177
875584
924344
279975
290259
127061
340472
954237
574025
448949
426021
267851
770824
184269
447806
929395
941648
546683
968133
352218
525518
506185
614052
993990
730124
653099
843208
941851
554273
170548
514378
871259
918099
930884
363938
506415
824412
639255
740506
483217
161463
449154
970141
775834
342009
292150
981200
237537
347213
898823
596198
681723
349283
142541
278662
410501
565380
212071
508415
889823
523029
241549
175727
200712
121819
213395
620464
387717
175456
602917
313419
403598
630935
872472
685793
208668
854338
665383
957136
293641
331621
361733
823531
521306
903372
480691
789669
236784
218012
104837
450862
707501
971570
493476
322358
389850
985170
262322
376301
316868
161926
937022
597573
890854
283362
977639
882785
818047
304140
246631
561182
928866
807520
742488
652440
544661
369517
748060
899588
267204
904673
403369
438548
714924
242674
596945
657128
531347
273148
279937
963382
868887
830111
394585
N: 6433522
