P: 962686504
11184906
73022496
48222005
49662330
99257642
88161223
84894125
64047138
68487471
43689406
18541501
26125971
55208913
97118890
78137014
99566516
68995362
45254555
46760259
45115528
16485710
14037133
43879196
38432535
92313479
73853114
89870289
45135405
17052649
77181886
20132093
43633044
67639946
24862034
96590366
47067856
32938421
11453023
82448121
60792349
57983250
61574476
61190322
79414683
52518328
27514569
67002585
44253250
71459929
26456879
83065256
79521505
31681639
25489250
52608844
48162162
89702677
28351099
72339299
94774271
84494300
87941654
59179535
54127698
58323701
64106047
78400569
36272317
69438235
42920831
54971955
81910115
67291073
19320281
55481152
32281289
47758816
84089277
25516806
57300317
10899592
77304554
97209392
58328561
22298439
14481500
34520724
74993921
32498496
95735601
10567235
81958466
82939518
78186561
25694796
70970025
82648090
76293638
29365865
79835934
63139611
22001994
50128918
21370619
56722849
71084639
32872720
42366465
17066525
13040611
97213339
23181071
56951881
31296256
24675844
60689975
89887143
87139792
16266303
17138265
21199414
26175639
12632600
69712590
96119453
30524756
93211879
96538932
79360892
30557687
57564286
90505638
43922994
23495506
69068478
25446335
55508993
41992527
50254289
24973399
29147424
80945425
32923797
86723358
44380091
19333730
68183689
87595191
78643237
21031569
68500989
11713083
17944914
80586194
10973869
65689329
21136328
95709833
44410826
73892602
83583016
43879140
88723233
30773175
67933809
77049255
40276856
48752376
63878273
11807666
56011675
35861364
75941737
45175348
75894810
42842780
39833597
80508083
13340744
78375004
75073604
53787065
64097789
14517385
68206952
37426418
53434070
51115557
11760857
89888177
20933476
45977859
12080088
56674754
75077980
62587468
69103072
42335118
94771619
39716701
95605580
88975510
99418777
31281415
54465148
60288056
29773661
49083845
21613788
96961842
24269669
13200720
14287090
33098325
22635445
76719602
96600275
87335447
47426465
13755004
65007077
60319346
82582680
21866409
84703559
65492562
66149807
98672645
83540828
69074465
41794779
18773699
97052621
38275912
95200979
65351013
95749423
49331946
19922074
27181301
18318247
46912273
82117346
43399801
94944368
82816141
50409367
40754369
45631364
25459278
13792547
72529043
44879128
50798974
67574892
52499933
10450621
69663630
82274760
44725474
27891291
40799651
36762913
84906586
41989450
71296432
23315239
39919584
95633639
90439455
94466481
87025147
83757279
48743793
45575405
49761323
98400652
55202750
93371187
30065421
71643314
25845780
20562703
24323698
58487761
95100253
69546870
21752279
63172338
78085299
39488400
19056584
62688668
52532950
36263339
67164629
16551743
92079156
43945376
11873635
67765031
46365182
82760733
12087118
28128890
23789822
17586145
23771787
20546437
86481397
24500343
42832145
63322953
74176784
17043291
79748356
30957511
18506113
24722926
18970349
40316123
15847460
26843044
35989963
38476400
30839808
37885256
28723724
50924784
50596284
45073097
46937143
79988753
49684330
40366922
43585258
13182578
61973146
18777374
55629090
43244611
38714961
36861700
82480707
31946423
61111242
82580288
10878429
16595453
53925104
90158256
94278536
93571959
67650451
45584488
49397461
77757800
80933784
81121669
67048670
84179981
16947906
19747076
29520647
97683946
95585655
18488048
46379489
83078683
93130186
38684739
55556259
87545663
50592406
34242708
37029152
74486105
35741772
11076644
72886145
17885577
86391667
67822121
81834107
80651401
68641721
91871778
29473826
33465246
64694143
18431243
24736399
82492602
26690029
70331303
56283828
44114855
16370393
56008163
95449334
25913410
44782951
40248710
80375626
72213327
89953115
27532229
27282404
12785733
90024583
89609833
35003005
82989483
21201701
95076505
79485725
29727739
21525580
89902818
38173504
33985140
86470107
35988345
81923432
26444772
34103388
64280307
83888983
45308119
74538373
65074113
51013932
26777963
19362518
83596839
77597335
27254350
23022208
52955059
76767683
22257996
96631690
39197498
18472031
68774454
23097188
42690485
19557827
75783313
95784876
27732944
68818536
54080530
66861560
16433997
59184458
88921506
30837638
32842517
81870344
28870824
85416379
12965936
60972590
74940683
91455228
19931951
99581740
66024749
11584655
11044513
99596787
49013523
26620472
27339788
21015973
46108875
63391200
64893674
93970834
44575541
68915733
38100543
38766549
90553676
99481016
87734121
83095006
14008228
58937286
77500732
76469036
91890666
35237688
45506188
80646861
82618033
29413380
36392912
95548716
76063493
71124022
60498520
57977554
17043624
90702873
55791261
41402952
54665558
87949962
47687848
17971394
43583469
51758841
83633287
17237513
92944338
91229269
75079039
82405961
65536273
99504190
17925690
58072187
36260208
66479595
47067575
52004280
48834923
45030004
77316272
92273491
57916375
69004512
81843525
99073848
42231797
63126121
40812713
12530651
71148217
47491895
85404916
67175262
99562222
35824163
27448227
43668435
56814479
81409969
43664036
27906884
88525834
97772354
77348971
32489818
33251602
55525666
42977043
56787212
91547805
80898415
89789032
88067547
84947548
63261284
24313850
41665116
14472835
71037929
76491058
38908449
57357094
66572902
19220517
23057550
65247441
61670960
48474844
25022481
99434909
24846969
38587037
64640748
61822051
80016752
43265042
44839000
76162786
78868784
34170779
32819615
83059734
91463877
28753961
38449722
46464632
73781777
15316923
26014525
98316801
13147128
86328052
38987534
92079805
59869977
68254416
35968320
21607151
87039358
14026546
57611892
20259999
23400191
74836256
62009848
52966655
71186920
40660159
97076382
66731399
56522324
38442613
72820914
10255450
40759864
38604139
47594146
50669997
22609406
82211949
94088912
21474243
39259750
86289775
16989532
79385479
24090434
44103521
81017769
85672581
63785344
45909604
18235083
20332667
18414036
20030356
24656566
57299333
60819495
75781493
93750806
44328044
27366023
67316252
85409875
43119795
35887608
17922055
52458736
55639300
15617472
71217029
46351287
77214186
57065572
17327762
12906095
75292013
12592108
77915726
51102579
45805410
56528007
80738339
37121545
22612276
95051849
95516355
33346199
18779733
71715917
56995264
55909765
73299600
15868046
45704814
60449482
63836751
89670306
28909585
73565385
30800131
66830563
72397749
65596293
84498553
94807643
99152617
71406917
83711882
18175331
69383307
72222107
29657173
45039260
33607712
29621562
94463742
68753392
87326179
51797382
25921204
25049994
59660599
19992913
72161316
53088050
42393477
52064868
20080997
41616750
58811790
98079571
83811773
55403220
92410648
15991756
40914621
10416562
89339452
26947347
61721993
40926859
19602485
68885356
63636935
13494013
47814331
80044661
37850620
38520762
21412999
78506684
20154974
35155047
74199862
37277114
48191602
78214459
70881070
56817252
80556368
39571984
98788030
85085221
63997695
27822506
80603829
63881462
83833457
50830999
31361953
58909938
17496557
47841081
40438474
98373230
57506677
62019640
52458497
49943666
16353711
68679422
15211564
94692024
22636997
33914658
70050757
67630653
11456169
69353561
24264569
94935894
73629881
91353512
66655839
10552388
61921561
51912416
94809775
15854910
54897981
62073817
15111768
38513399
80572718
59254640
52769882
10092991
83719935
54567246
56524824
72917777
51713758
41339687
39727032
29780522
36002194
66685093
63354928
48727624
76145757
33801875
73231920
95632872
33247315
21416368
32700524
97450747
69996891
67875171
53705044
88493536
64836572
55145258
44699248
12013199
86616073
33276538
65165767
72105092
16130699
96984302
79743705
71821868
34573204
94864344
51047219
27994744
59826017
54374817
64039364
66020798
37746798
16667297
36130118
31600104
33066387
31054080
95357022
88197120
47972055
28298306
75147919
37544422
56295378
96444141
42388480
97851810
62143652
21877942
48608055
45992481
42354487
52722331
17109118
78589118
74268348
63045787
38800079
41954821
94660357
74234915
51492403
17078236
93303475
62562769
34406365
59614868
92731894
66244595
76792786
72936900
23719530
10868055
79552591
59030687
38900182
38196079
44652608
82914615
70540765
46524929
89771083
38223404
13848113
65989800
92121000
91418006
75513881
74668195
24082608
51945995
52234093
48113909
52726694
51529728
93909634
72678732
18420515
32593307
19154968
55413001
37550294
84105138
89803593
48253553
30578647
95372842
40311199
31925281
49327368
37823561
85165152
16888168
22399295
92307785
44228468
36633382
69526255
15394313
32061614
71757250
40263402
11771443
35864982
22593862
95815020
75271007
39584244
52296812
77583398
77440027
75857177
19812846
63097125
91368116
52312539
18807321
90175124
82858343
67952763
32394534
36650167
89825738
16685937
32686552
36572036
68066953
56021764
77621023
70847170
56438207
44746121
70803620
83298946
24578195
71212518
89022101
54982700
73686680
47009804
35894950
82830725
63814145
75492703
33153230
38490770
75508651
76097047
72932899
42051766
89951813
66808530
18222384
27086829
39572764
31250923
93419319
86606518
36582440
35189791
96286547
78908401
60949615
63927985
65633998
34429852
27462564
85453989
78613731
45841731
83910773
91341505
23056917
18986545
69293398
38130872
74711587
53546580
84127064
75731007
17115846
67414082
43216835
82667647
24694911
94570325
29296381
12213704
81109370
52655209
79444322
94507441
29815525
83010883
81828192
14138872
59911588
96488987
33588604
67648088
71727241
61838785
90849397
62052956
43605808
68557477
58874128
43865052
26662718
99472744
80777952
78551200
22949610
94490112
92724409
23953491
35688965
89740130
85361773
68210366
14581370
97545696
86670259
95080397
42573118
60923629
50567599
81988450
60566729
34186791
95842657
72525749
87097778
27475686
60943686
22636031
23902490
75348790
80490466
62451807
47425532
41377066
22369991
32522351
72648869
83657750
98623628
87017133
62297854
96054976
86121019
11694989
79284800
63595873
91511646
38297334
27013950
54218378
85548818
21929512
44061486
72025756
52386466
43944909
37474440
28617775
67149843
74588180
91787214
37706349
95512618
74365767
43837999
22118801
72569979
57546568
62300961
58862146
46526440
66955005
25938314
34671834
73537005
79701019
57203063
15948032
77451414
58051435
38848631
35413987
78491401
15714022
60507373
32939942
73593039
95955980
49622547
36931310
40375085
12451960
14162299
15514414
31098052
91080493
63632850
24857783
34818363
35793773
55864008
27167676
82393426
33088950
39765612
42847002
65572521
40978592
84779290
40655360
79656413
25404814
40715724
63587604
76618622
44896159
30822858
89735857
87103827
52831928
90027041
24328895
95939715
61924238
49585692
72999180
31546077
15896912
70210585
92457125
73664102
31951950
91296901
14048535
47830765
93128384
70878667
96185032
11968678
25381050
87253426
87845114
95933905
93005034
23600159
63531939
44429263
63709262
65429468
41477264
87506433
88889201
45579295
44386987
88545915
18258759
97717658
85401017
13183079
83080754
54372622
33619884
85890116
18039772
19873487
71244508
96396951
42819175
38541814
23008001
46283260
62446113
80850004
68703413
32554478
97051610
75289954
83915992
28555385
60523948
73583298
50705002
30716428
15275186
23764795
80697198
87605917
57004063
18060579
40631519
74802413
34027054
89607572
98194528
10524129
96965311
98654433
12073980
10310123
11951193
60523050
59102781
55440422
34839775
16996507
88573750
12107261
65516818
17553803
34700885
88209173
79073355
24449677
13747908
84683279
84918461
86616136
45141399
63670987
63627974
10427843
45128497
91299028
60421175
88256176
90917094
72537475
41180066
23145871
98309585
88370596
49214641
10703305
17156342
80053493
18723209
64033417
48754822
96985615
92278583
72308650
17742616
28368592
78159608
39660041
45018419
58372335
55102047
51572185
93456156
42873740
39102430
44396086
75957492
35562806
67808560
24703591
21550998
14584941
29577702
23423958
17213633
64824310
81031459
91425658
63301107
67993496
39536626
11537324
56139688
48057128
23711297
25535093
63408324
17411961
61073289
35463517
18803459
75573665
45510769
50796612
69301659
78436122
86833384
24923772
92063790
47567991
81402735
45853968
25354346
85701981
76360404
25060579
41589008
27500087
56664810
43837625
90652696
47335228
14048328
78061518
25688647
75049637
96257345
55994669
69973381
64111464
60578274
61427651
57018247
57926276
32204075
92645024
73141624
46257423
61406332
88413845
80726342
14010590
80903866
14232820
52835760
18023174
69720111
14919776
41355297
96580254
77533934
38762204
20880829
23092279
85896132
50279855
39934635
40246696
34306825
91527409
80741432
97793788
44550931
90257766
20796931
59112098
84482010
62596960
18881282
87933474
51619682
18626372
64107644
81642079
94923512
88010458
34767556
56971589
69503981
58970584
31544122
77451970
60422484
32121544
69090996
95679703
49722553
23476225
10938295
84162901
53288852
51706598
37297955
70961429
75379157
78064322
13918730
99246034
15443449
13007394
68198637
19380646
84689852
59499205
10025133
16822407
48165944
43892781
37909553
89918208
35738771
25218352
87596688
72062963
12142002
62207039
54207910
78837348
18105847
20508873
25814539
45205365
99664558
42931606
19875367
42564714
77000301
25992913
71778472
78423488
99616445
99305087
40081193
55604264
28703336
76554346
20050159
64871331
93318787
26828404
86961316
75346245
42401372
94061775
20363373
56529184
64683937
94574077
88112235
30764536
16363910
12792493
17395885
70432362
98641758
13694608
46977415
23692687
42673182
40593614
94285251
28933657
78212484
97189931
23545091
43387606
41262653
63834245
85368100
98043465
86475956
50110448
20766211
20517845
58187441
22653569
76946820
17543347
65660179
75835988
91902391
49906099
30628107
10727881
37907322
34174776
20685977
98520501
75789499
54548484
75884066
22619230
87331087
83953601
51422150
86455691
31177434
15092801
55106846
99554986
42373471
38253979
59490942
26562351
74497865
13544507
88413456
41753366
28560333
31638032
77441585
35568745
82784127
35292234
88686255
33830205
66107291
37534214
56128068
52206125
58708336
15168580
49754408
13710773
33823794
70297031
19489495
26554605
54209599
56718182
27591843
80172479
87629468
93137367
92923909
87243161
37972652
73282988
60980935
13530597
70219130
94964916
22397823
20952778
29970004
38167377
15832872
33562429
42393451
76999646
33301108
27644712
45679182
42775220
77734555
40996649
62949308
12441089
91027275
14872314
21964986
16243680
17321855
30445504
47729019
58294397
98579633
20664511
75098060
29495036
74484004
12139886
62689641
57070612
38396677
34599824
83672725
82352426
75143910
14548461
14586781
42480355
21610338
51216175
84165550
21193138
90750438
90130017
46044222
22741486
81291291
23919800
55600471
57978514
27878979
12994859
41886244
34450628
10045569
69133841
42193220
29293457
94606033
24061283
18879258
48489416
30791696
18262698
26366632
97662157
74113452
34148678
21028248
96813339
62558658
92730062
48185066
87449184
95694148
81975831
44407967
86713839
76733595
42842245
48287166
48628697
39563371
15073700
60793367
63493916
63675047
81168838
23704152
14072758
29822680
25229191
30840213
28321132
95941647
49599422
80788721
86184232
64553891
76677248
27299966
28969157
97508447
50784696
94398688
82034908
72267857
35360892
53121314
95018618
31072837
34771188
93972167
87232345
93406942
24236243
95261617
84348111
24906032
95416456
83597666
20323106
75755626
80397853
90526975
40394451
79733723
71281549
73747353
11746119
94883044
72427029
74594044
22399764
39641880
57422553
13050513
52088899
37529854
32480485
84719367
22818702
62716958
36998119
13701313
29665529
87845822
26912199
84779838
51672198
11122634
68879626
18478767
77557997
19106602
63860781
45080551
86947812
70778893
33227628
60678455
81590961
14382294
47765951
80355066
91147115
36898059
38129917
11352946
27515760
53959445
42779085
62974557
47839962
85087448
56565846
43248822
88930926
21331225
56597418
41063740
76912577
71985302
16240062
86105192
12844894
95270042
98700666
53659370
21232684
13052524
89644366
37038491
26415633
21769159
61686606
37729803
45301737
N: 62805716
