P: 661323904
698138186
661418469
780529876
841363920
184008615
246756037
313956827
247130296
476972808
427817930
176526298
549864917
755114514
324543958
908085728
223082405
709506551
144730927
983168758
508907027
555309435
722957117
596729708
815025025
228329799
634471057
744744796
754405323
393782555
279645717
994468506
907106372
392923236
626087221
209602699
676967025
920936029
955098725
637330659
622940336
247053339
118143803
366486696
696500601
712848601
255680140
866567673
378408388
720634700
939600671
624767607
806036893
781388103
665901582
976494192
265626628
367982686
456333232
730201725
528701754
876409593
561029629
748470349
202900876
373312555
531851149
138144741
440053691
866576479
782883435
724440605
145295161
998012294
409013538
456726055
864692330
976961433
269206779
467070719
540897673
585252242
851862842
826736662
747589055
781634159
639486003
361364376
230509061
469640907
533841965
793161653
384458477
350099616
481971969
827549281
534386721
459921406
615190212
981497757
587209635
270306575
357553544
756118828
283570853
133508590
838168476
459441927
484798468
997969972
502380924
790150864
508300022
890334353
811332151
725274624
968377077
108997405
508777437
540825884
103360507
512366433
596854548
614921377
724071460
883097030
346647739
856554607
273128694
546193495
135486254
668376477
606847422
890603068
582754834
455836505
715241168
241278668
611628562
305957736
502208147
264529870
382267465
506442989
603871958
796825328
401344060
117718121
184526113
829523665
589597732
365798800
572490588
965860238
218162619
668252515
895308371
743033447
574195389
499389341
456684036
956225566
459630497
778791670
768896189
882221412
193112784
148761362
932286643
489644149
472301248
577283262
172397939
680024086
769869072
608341384
265001834
304605520
747648989
640195132
803976252
908686634
660569795
340035311
824325226
323701573
997003985
142749767
611578152
647281938
242480663
480431824
235167779
672527594
789146166
837259183
613838393
902159153
602251884
768671688
513133258
284282813
970560647
976071009
826932844
987157850
513129169
827434273
672172847
478492671
995524985
832562173
975861861
491055209
100227579
714556851
670425650
164938846
730860010
648296706
617433547
265050249
878739501
610159960
312260687
247542030
221763326
215706259
377485266
316583732
169722300
861857814
978716404
322194475
691455264
232524716
224036960
386091901
660098405
868755010
212935578
562869159
635486853
299550516
947340238
634352360
340749512
539055245
291878122
928678819
369355320
384254753
982065225
468441429
179959095
975080504
844989202
511830218
950650862
904436713
228433336
443628309
715251243
112505154
252201631
615254231
574232576
421882926
768281232
736065039
589826434
710457253
620159831
601200763
733574827
233882703
388559553
806866619
191891343
973701029
198297153
567864550
732655690
448275946
292692031
345228450
312171580
564335258
295173547
165124909
242284170
999056667
659844748
238185542
176101108
811596581
223273245
223836989
524903226
739343414
385415390
524568898
639608924
137609067
417082558
531931066
751581970
464655677
687560036
781693740
453380987
752649965
315096209
844119054
956907770
417666144
890977263
850435071
323974125
143302537
607048809
196729598
622788290
121615926
178242485
934840873
523110124
735602577
437599159
727012312
880695047
375466095
443825460
255500469
772987127
227087584
729525797
890139366
813849563
548000264
969172611
308313785
501198024
872646112
370337494
729170106
437674572
543700402
743031853
818359006
720462187
697657261
476335446
480267003
757334654
914133303
361079556
370214849
192702303
410227633
455603495
737201829
174672047
730029126
968148094
536671431
132513065
337789880
618199861
429530326
596278814
496442397
418752519
427558886
503355886
208257582
695408761
951703487
661991486
587795074
886932079
829014490
206937945
753719570
764938140
373819165
276584097
190142859
473599486
611102763
111959164
767179312
131959312
134981547
184608974
700482288
145954338
240067803
339368276
138456575
978656216
797095780
950955296
707845197
792396504
296519642
817105807
289520161
940956667
534377768
259879985
502721297
798576694
122471532
535863302
229461819
314545563
127128964
502625406
432735207
981635882
162960177
801143844
459224302
739938861
384175614
208028519
299123980
496767334
809319656
538437491
956376992
672514262
681085794
166834588
718328513
768436514
239996000
828916323
600989113
200686192
475236920
654346924
395513197
633904676
686552615
118663947
187317994
946480798
660007310
912344204
178918592
558099078
395960830
732685704
415949890
860572702
679833238
829005521
700939403
240380215
211761128
792733830
375015010
643061091
674439891
503227091
977274852
619790380
811522552
202205934
900099488
617308003
708961549
570574044
372139408
801918546
722067292
643654935
183818976
978867267
889614223
418042797
726550314
467531127
577625664
340196346
753554241
578784105
436459982
479198242
632668145
457311055
779551110
729350481
733937910
957601219
306650023
927255466
148699246
810066986
452178264
449787864
169829690
485865546
812620085
702774227
203760234
545721939
739800836
492310498
961029971
497189497
839435627
599607122
374704854
698412512
997185627
794768327
314206692
732937625
796185197
352751889
662683601
844247016
885926428
616568591
187195872
449692599
907222004
646726749
275804825
941758302
136909631
475173608
699793673
216080962
486950480
685657078
132516794
219160341
613100377
265511359
206447196
535986747
198978350
365663102
641654596
823806192
854617758
736450917
747771270
677117377
183041042
192664270
717498350
106655611
303854192
931243989
645031631
472418282
726481566
919047599
684572316
135672229
286535686
236967214
923974706
861741071
842238289
765838644
139023671
417893241
465723118
456382546
481730407
622713843
719986773
218470870
999826633
396319136
980884932
310518695
766003001
104532101
852405418
391119749
955127171
424659201
248805177
899626885
939116787
628532212
134522698
755292305
324394531
701271351
521345762
660490799
991881929
273916142
444506063
645744117
625027442
350222348
809042593
835723566
877135125
676660402
789512352
177615611
895514073
313205303
392695081
166845552
821516644
674686482
521609442
665485713
393538407
889536009
717133736
497884054
970170821
397876250
557558894
979599133
263399946
523482728
192304533
694849735
441060068
637626458
947839396
414210768
820689339
582079525
691227859
467312990
442942366
883026637
215781939
953865876
465537038
511359866
563232279
213907139
550618268
814855079
541831136
864269593
921078332
494689014
394345732
481816856
348149670
680852273
496951621
994726956
480831060
379673134
531540895
459670581
325172503
232170579
955291774
226283156
676665666
322070536
800148420
790392978
203961019
698709128
462798115
853926809
639327094
730645523
453146647
979067565
728297381
883641902
826533239
940210909
797272029
526958565
481508786
589528046
578949406
310308973
292854194
851187462
787343561
445141624
943323981
211892082
396313522
439246395
842919777
434973125
458423154
137066841
157541842
731852413
104738998
328403758
316474119
895461850
218925458
419663132
462308216
928672943
643373749
861759259
447306532
763237109
821132943
753033026
873574393
906069022
231227488
644720808
455101782
124589779
795980358
723870718
168013965
190564139
795833596
285482940
541032473
716339758
764909719
145495759
914290682
517810099
451432802
972442759
533854752
442837212
742892899
722276135
144017195
203962773
480758229
539409256
480788511
426272553
925368268
358037929
266739810
612368422
377990953
965566365
505262437
648987858
490983791
344229703
303330402
215758108
554844002
925538261
884593764
659057193
480383798
327123181
182184293
989570935
475367441
449822835
156864514
849798805
748803256
131294474
833687434
941896007
626429942
229805124
850685942
770293930
645282615
220540953
305656487
637894186
501711280
952299982
323628676
632058964
165037544
141730642
703898364
928686718
337113618
416862434
265815504
454368875
714274837
733677894
867851596
883405400
301145614
816103890
511309636
733615115
497495218
100720870
550038089
360613502
866139612
807540456
195747599
928691770
780840410
166808860
101132264
902933881
804168335
854255444
481605655
739657341
306730094
782587828
927533469
929037578
379244461
139824033
118969892
550989266
336541123
660666721
910073496
127867656
705167877
820233332
156794190
921640747
532418116
272272049
973045712
359523583
233318660
394604250
847218491
732959367
611443710
115559540
918655992
382318688
953775183
724899342
685106081
641317078
431713960
160689673
127822031
375091294
785720615
761890683
322755062
319793976
699979198
609186415
720967396
217059260
737906417
237484139
511955684
705858727
873131645
272549147
853818503
309469397
804961112
515350374
740129338
490580191
488202515
158203382
895706397
730839054
365454555
652142092
649699016
931683621
244202837
574610220
555301069
626945439
447227409
750770468
818143876
803935617
701433301
455923872
687335803
922012577
257723778
171845671
944100013
132678688
219770994
485869325
140632652
419951042
240037268
171507438
908351556
997407942
912002546
312329167
174158940
385065846
996005090
213507948
971006661
182944165
982374973
251139943
221370192
336178282
891551787
220806851
346238577
503523480
586562800
985133569
809041223
696635950
987079979
340450585
830416832
289384450
352078491
658569433
319553539
177775535
567481772
430427896
348662321
862902701
894439659
447542934
392278778
645898532
525654607
729096402
897923701
408164093
852615126
982457016
462951301
247877822
612527065
886394188
434935408
175341357
704245243
988242577
842244045
149294678
300612455
638891901
357204784
541974007
863152886
135734464
557873381
761669560
642790275
694821183
360510903
816939264
148183617
566527373
331953783
478592802
623834374
981508760
445694817
174123018
101864369
455080993
148392750
324101274
561035475
673978875
535355705
691812990
511242420
428134112
756278588
678957307
240056444
806811366
249360293
691918994
315183224
934590107
894776346
235351725
867226630
353029696
331175977
956327000
875472167
397346176
323388119
885973665
572329613
522010826
758561146
974914176
378597715
475062264
596305819
106464008
191745677
849154776
176618795
895741024
509650371
741965891
864651549
105396862
300946006
422642883
833205916
494990597
562997258
174129558
329699851
988042829
731977036
526421194
340864875
447245312
262668793
550284357
549068934
473136613
234132544
149040260
958433821
687728669
958763958
503308693
606407535
663842014
155936088
876270634
768027865
829134350
651373059
207363622
353378051
115800019
519012127
981096028
422847872
894033583
306149774
596231477
659082889
566410954
131949261
259511888
988563420
744375289
472656998
574235547
788560546
271583922
132013494
893820397
728929506
259756785
589689442
377910110
654434555
111262918
224952259
378536692
646900242
667849035
334727455
301448666
983103168
585001433
731515518
832352471
614541621
618625250
436837856
517881964
442837096
891429475
388109978
854756467
680215525
662652122
204697127
978740698
136388440
417313110
629037251
821971844
821074882
103793123
300984366
400113572
892781432
148688781
303776404
620469671
182925248
333625856
450174362
799340270
757708317
696623973
522037749
862913963
366290400
330082075
450530728
399971929
264035129
763390151
612307790
220496780
116869864
703419314
921868373
758154159
868853920
897345882
571738513
757352700
769794197
858761842
239313561
541782734
549943503
734715417
504350285
811259355
698637713
765586602
346905137
481638929
997459406
107049026
229589173
598803640
923103127
685167848
638991186
849531074
719931323
959264984
606990213
924121997
385241270
484262731
623469067
361558113
760272991
616122162
491126061
766094629
308521521
308974737
536793413
204933153
767693934
278420640
833889594
820451023
126728374
498211295
689148540
948056347
127413973
625946970
905337766
633322257
327763209
594688044
315046826
615650278
908381365
302487768
691461668
201962043
313831016
296265498
674306348
454503431
262660849
412274834
805356065
958598165
921953127
662749294
897159079
613935206
855505302
310456575
483391494
765770390
332796642
761935930
460823844
411661483
972836276
653425855
394740390
980568367
962412139
939122182
405571044
472767563
782740384
107307000
899108909
234876394
228680082
682038315
323595436
526988225
881204389
181744369
625626201
313737678
747001313
376724089
620145232
183302323
795740031
490197930
275230382
619203018
576208140
862258713
207989140
594534680
128872070
488880531
529154420
651397043
734153670
865576471
584935107
850675627
723287451
209862236
445710449
508847450
781384639
239815277
428371068
569884068
673710134
302094214
380251901
963736434
312420667
615436865
708867471
193640601
197087060
205559167
384169776
797446385
911680016
795211301
414185704
988645397
155733065
998918640
735631130
869977247
868644744
467205116
567890838
256969966
227892856
804280680
990624372
813811071
638392047
982412992
321744639
444515834
355091532
423307574
336131547
253539602
808035943
727780614
386719936
500808153
539707872
518363313
428180164
148665100
314723969
879098955
191921825
733681288
627361855
654670248
166172027
749696787
325351006
738158166
457133135
374004068
108072921
504554437
503018393
648481059
911267947
374267955
367777060
886927912
287597844
285126033
666949394
303876260
743139884
903788993
995207537
443299542
434397997
523866958
742228272
603981010
874287696
605766247
360003593
381299149
898458349
946861734
580040444
885610944
307103024
791247329
737617886
135075087
258517288
274950060
757953537
748757671
935491484
887158482
818138676
584917057
772315328
752235350
420365419
186092367
252097853
307636536
573149072
641956000
295675121
946475989
744077454
833952347
603915912
422114695
280312950
129764214
866553902
489169368
259730431
988904029
435858553
288172075
257988741
385178919
299729701
432100129
662313955
125159249
422858515
799168033
918453036
892933734
250709861
902085783
712095256
241318611
292397532
640295954
329680119
851705078
281137301
853323421
254115986
167403208
883842495
698503370
281090221
581542335
754369852
364610237
195957888
533779713
571816578
703620116
224902216
640740548
743705649
187585790
937431904
797949202
402688189
964954210
990157944
973435830
541288071
212376846
962661971
621634751
731758777
252347295
181310906
593344516
471687241
233512787
443264568
650072077
671247511
143495078
280128858
918253279
602165394
197099929
909813940
592465035
216097942
395553255
266470712
783789525
900597532
520149344
797637075
770051260
252906361
745930641
544415402
251167537
401942724
724548441
384602369
466256311
796108654
686936387
295530437
174445129
333540045
411321501
458527816
307281384
552142864
252381791
543542514
804869202
877984877
471169271
352177366
206343207
302206795
184188929
700027077
790645962
434026365
252340489
895673289
621571973
618905456
341441862
688832454
507578101
703254626
378956236
718096126
572471617
760962478
326903479
859784142
134248108
315678873
866711729
456323294
156523304
236873943
635165984
258219529
151537776
513227951
421619228
162969783
177242804
518874688
186901159
727638225
847986513
308730568
273127434
730771769
787570259
675621445
938547642
251927652
661698527
371093408
899702945
736716447
275172412
441842940
983104484
285811461
653221388
388146277
862476738
303797922
134120120
425448967
280619168
902076432
794980588
719387406
566443860
581119323
251252167
250636879
410387556
405741599
326766923
970070251
971447537
164511433
234168919
674715619
939436868
455052684
379735081
150729107
474800543
556135047
378004700
319966657
391169192
634002252
228148977
478893579
648971144
165729469
397836507
166132181
327711142
916018126
856909201
608038092
569458083
172425167
117022380
252642160
490017267
549264711
740975473
712596175
886059819
423425784
996680334
536322813
492715334
471049248
871044863
395046405
371203881
100671626
358198392
102387483
837898791
474310945
898772338
214458962
634725347
918608120
951826370
278692382
723842583
343956636
913484602
627448090
321479664
277835129
368091776
645299099
678708178
681215231
874685327
673626114
874766416
571077981
597568280
141744107
509460311
876796588
332184563
777120752
965767493
674595767
146049702
371949538
441055368
514894972
261837504
111072147
848340775
499359163
882473796
842980287
375050205
830604113
996817618
639001023
883317785
175104234
591802157
532222433
597251063
319843585
433753126
565036152
766888205
263440506
226832626
555777696
189867558
647331268
355617772
625643464
144760642
533502148
401473638
644748444
275773274
998159292
708881767
568221426
936012006
779050473
757573090
787130879
590557835
861914357
803062734
101819528
350472966
357136716
605539539
692227654
950434774
438945967
432482792
347686791
913139317
176951856
624044375
941691348
246176262
319711830
376566113
520261666
443493238
184277889
446601759
908794542
278012906
812921928
625000414
905596763
230676367
596589956
790395391
737987467
848983995
380114646
716708975
634265986
784335427
160250409
238832743
975830153
422659736
125883114
434965087
605447486
817425820
990190192
829733594
456778825
434927940
249761387
880697724
888660612
370878944
112415526
825944673
504763162
493934025
647695907
649933155
365250508
275538761
687423029
908922628
448351451
784037142
239083719
597240549
157202614
561762513
490429585
985476668
752673634
416622694
625620133
780060904
590516541
476980321
780239547
120429364
998170922
450827773
184045400
722797216
729261217
183731056
802785653
882370331
444875106
835213349
477135675
555068301
721007295
572490664
124857210
606772494
912498847
713553178
219922282
506177912
771537365
498030509
560926774
967948582
526828553
960007446
699741024
440689994
527793958
746078377
736166874
567863521
700469164
702065772
473189775
511792916
544634181
685241487
813848943
736936172
931269544
934762338
667217500
747113759
891662451
898154239
927724152
110755569
818725715
292992800
489838399
895250372
516346165
561421282
233533456
620131371
624324329
255865164
553742556
872185447
452304809
195213244
543616034
592693446
743220849
569386868
745784890
299665775
308901883
301957425
416992359
944114491
300171967
244449311
638261653
722859413
188235354
433715003
891447408
516730830
576120822
626922914
352005766
887885728
506229077
994582405
451368869
791625908
306330260
704896022
653276969
778023898
308212425
981565462
849624512
464382139
927758774
128999623
958059730
415861255
543086248
351608410
869891923
949036416
666559818
185783464
239339120
593459408
259378177
808787337
900713782
894065350
984310503
368353238
289712801
895122030
993915668
338811712
441603650
990587588
243339151
256948125
171947901
324696292
899791856
768094323
794403459
898379120
774780416
686854044
515027779
118881611
504443330
808832803
449084800
710614291
938975247
352610704
735832831
892906857
121207156
504626884
778063292
297468338
308266639
874177465
161760968
904932568
361344243
977318004
739932623
760340705
764758622
758149806
165972555
652438455
794391464
807208885
403726397
368389571
887834159
753968407
392614433
749983658
909973705
949277176
678397523
507158376
834364958
496546165
643300911
179381174
373548766
877450813
756126543
186179376
350045445
390472791
251432965
231008404
268016006
777670236
832504318
881865336
761846066
592035758
952852512
926978353
346386710
153669467
529981562
484682908
450507787
485157017
292426220
168079455
486408883
588627776
745273576
845378268
737468536
950793993
260040697
362253349
259282302
672364709
772911212
415408899
425054241
347933647
728390532
601952382
391232816
236468209
925973633
651277156
757495009
255332544
288909340
270297475
127916543
580577644
477221762
291831509
192194660
972792140
916453359
987044114
839772003
520072631
925265230
560163334
540083565
147736642
952798141
493148592
112028280
572128354
322792628
587825720
848613962
406526354
819436215
847322987
840855562
840982539
673009468
427788701
754132578
984324346
791522364
694607147
990503955
643159543
984620758
750632686
548715915
191933059
655693432
802687196
732945468
994126808
358489493
341375409
623604836
191500781
750673165
767176620
703649625
519148338
947647009
212892372
190900302
486108709
965656433
367343819
367341753
782037205
640033042
585243659
625759718
943180998
886667986
414120786
195176394
730418800
147833273
677072141
906179266
619401123
342262849
442534910
882585195
603239137
755574434
807947949
554326149
163708885
579193314
170026043
565771172
455290995
623546039
901647042
994131601
412825558
537007622
381218897
312582767
426301660
528662527
727808719
580128794
431275305
942901907
275951463
191794231
472763963
180472977
370649218
860550648
114932137
680215802
879632732
917495504
639801342
237370800
653903138
796483405
779307925
444223948
477590040
382050062
108186898
701916016
223696329
883568031
535943297
207732148
488726463
526868306
762978362
468596029
237801550
565791680
896342881
511028558
899980337
706384888
212023718
111364960
936863277
524705682
676164415
331295560
165330647
443939376
359825074
204962098
297832510
473469064
393870791
322206532
782667375
176585267
347429891
835641461
854872664
979221974
570980027
319900685
407124288
690514827
270730719
913420603
832022888
199609534
281898149
578695920
907995605
352682849
833404463
739523271
570800077
938026835
119002596
792927548
319076270
829401956
413739682
870399838
513635532
827641467
149216731
539339888
646230055
923619526
681925518
150135455
548270952
880102665
829214896
947361922
815811134
323120883
760098023
948562146
839691732
419482395
676518344
442438887
598245241
818259793
126483927
485174257
618081885
762407383
188253823
566752906
683181885
118962676
260029046
788110095
798565255
684782406
899780069
120272578
213188818
977647304
656650489
761277230
453500705
368518437
718706250
402514991
396602604
681418082
417043352
239732042
837394029
900928620
470949252
211577257
922349378
144289595
255509213
631524791
605034844
802642560
469646265
882015587
392100315
823546626
920237498
766336355
893834431
146823976
398273646
697211068
321518557
349693189
417671666
195485888
337221011
667245226
762414293
233435960
202926767
302278996
296910784
546865075
774416027
412402338
517941260
437652574
555010237
357226404
863061596
237943149
669195721
749240877
342740267
968839717
643925257
394264045
479619819
538361232
434678756
294850376
995003519
510707951
688184940
700136992
593532903
862451988
880938540
126483442
715766292
475869772
855783285
388079974
716251726
442521689
714791366
473242741
145241780
876261821
870568011
463068603
273314217
845877043
945999077
176328996
642744296
344330040
194184852
943009354
576247884
118803463
941675894
119865691
337508306
186855580
988850812
968105986
507905735
261760273
652952650
230130803
158286584
989060838
962925183
747458087
915415152
600083563
873614980
858289393
223610431
585791128
170155981
277118705
386386113
931051202
588603493
890148162
877029367
643154634
185826911
663861070
249727182
909754510
110603188
448742041
601048128
478044675
243834857
699640496
229137738
962846723
503015922
668146438
597935460
882260973
944461441
392924883
373263478
703585328
203902170
380557702
740874541
130059940
280903194
821548492
266260034
581176579
681230586
426534942
711470062
232803818
598443471
589148545
300573233
659127081
605824293
762191493
386109708
133285583
602046016
719079189
883187968
195550777
281020651
442937706
173218128
159218546
475789383
879433501
300932788
869482957
852387020
384799715
341431534
104545931
887059596
249841308
511224535
813185110
543767245
172138269
586609037
537059823
176349216
666930591
821517065
639440258
805790598
852858127
573803575
147792726
299460742
871238113
975418498
979685674
892390344
248463874
432631002
508294244
986031691
644697402
267736849
205075142
718368740
527790422
435784073
244606057
806349912
502015325
465897086
637237646
774867700
518845020
392036959
171404666
150377643
627800674
610013474
733474027
755805485
468335695
333242866
867097900
178633774
792372201
458507482
945819725
753245043
992637257
885931167
876598484
148037375
467057586
989639016
339876083
345460362
961381725
368635311
202537347
141230685
381315826
377131661
798748594
185118240
120595828
849172181
312190195
182036500
424630773
684876000
634379622
925334535
918447749
507994460
425504376
628302425
352526123
912015203
254014704
904473089
511697035
207855910
701819698
571206491
609263441
131630252
482617815
857116403
889768059
881556110
392368073
542461212
484044554
276164026
714887793
473445585
930403060
545444771
613522338
823767373
116239149
177273974
407959708
422958480
952436379
583403566
746051783
207280650
296577131
637455532
923045449
685159061
823497385
503944892
938942487
938985777
367272332
877450146
594355521
307819186
700765837
873657133
938156693
329721015
784599028
279561429
739452352
283438949
527659723
795996032
892432903
384413462
238460466
478815405
580814950
113393105
206058256
424142771
465264840
859411683
308262335
538184135
246183156
537545215
999138272
140200280
447997417
788722843
793144206
543941150
237677739
495549184
557454547
581948111
142346891
759683250
884966547
114763120
538364489
522505492
984998061
199686132
640113602
293459342
405906121
420518934
362510149
145300889
642542308
992497244
694111617
166914683
572859661
295448663
151587917
299868318
423106354
121065627
341778460
393453837
697353049
853053843
164345403
837942700
398490315
262718116
229727334
876656750
356611648
943324366
618775500
491000097
935752368
747575342
619600987
504843066
144058934
476864121
716371373
964810578
575128093
486954418
600690233
885419891
909879354
509160767
552884059
841943706
700355648
997280766
480426609
460390556
422115945
116024705
381316990
428445403
546767997
710248187
382497469
154901680
147041794
754603236
426011862
439085394
113690466
354621410
172361057
466857707
502784654
691243998
221418317
228811641
147698538
787297593
276090159
387697699
381154074
669103008
667156766
692305507
293087660
110656749
375117460
159945463
709797782
747889624
905952898
928986075
270433109
256604416
917795684
905037216
306716342
182703756
876909781
926037214
761113985
627440379
364615616
682042881
593076026
786349169
259215223
198984568
970130321
609544334
223360918
435800337
865486457
838796470
352257510
260055339
302926906
949925295
169735674
564415162
402644323
959536312
929581997
168770073
880583158
672289890
531261034
246123080
187370470
900824325
676118494
816476773
336349514
486909409
604658960
380168852
516489441
167937836
212913035
602568610
414018564
712569389
210505014
801827777
293256266
838171928
529601182
680012315
560320418
661476038
294206661
388330934
218954734
578059407
157011475
534296027
587372502
219012582
203194365
598197597
496645645
952846328
550991312
682060058
705296300
202474736
544785181
606445545
388785959
898688020
781693582
199060575
653309619
863400554
680877098
187641237
853128447
883840632
449944167
471153682
959145447
342179342
493442518
798514891
131435490
142555744
679310857
274666506
134772137
920278095
411602310
737158626
924669432
530923198
111739848
608445331
437864507
699812413
644415937
672160910
429041233
301195626
363710943
105258089
914489664
553569809
683520445
367191194
640375702
264496034
270379043
244223061
331659470
898429560
301230988
980570954
790233545
915670154
356955058
435523338
507914585
101362907
516359591
100127666
927927961
947261042
134453947
704673554
319453163
973584125
665013699
313617548
624151311
481504424
866454481
556914608
348448824
315938228
521679268
169248565
513763995
779122197
188820642
607011097
530715439
370390415
704248064
177475727
878156404
977983014
777099120
112259324
587251745
880463470
723700230
945645599
645702268
972693729
482463421
371406154
516658713
989343550
491330529
808402567
188548224
737399259
866802811
918382631
600221798
716549031
257704570
253281291
306526475
304437457
870300951
497535087
549603688
564482219
205008547
833213308
605781297
855319722
928301577
610366899
803310913
684325770
529649032
793056501
267758027
453966751
654683514
770413723
599729569
915468509
685380585
178190556
787669889
647914465
902950200
747166083
555492740
309247906
321897487
488487271
815766121
431591256
179418315
587323987
983268302
951672280
585435711
608308384
539780771
393945131
702979887
468090270
244341398
647241047
662544125
271954296
979484161
824307590
328004487
497920580
846648272
712953772
805611827
146150614
379723323
538659928
792379863
104837690
992630713
824463506
376340226
460770103
660995671
353975233
435731372
813240515
397999980
495961695
411750345
730491232
138256263
658052521
806091254
122461899
677146038
192338353
545319565
289673973
959341014
295116937
928566405
307216666
364323392
987304224
337632691
216220161
281614271
200611227
576312540
738347265
894753031
718443469
392850898
629432273
137515995
793947286
258792010
741241073
148028620
713456361
858750825
205548623
713933442
319418736
242357657
394127306
808830241
576785425
415420242
885359713
468882712
438516244
221575977
374211162
808521386
852400758
562082149
902303326
584542384
135350713
137197046
528709410
907888792
154697567
598212796
367339843
250112918
882666621
502593262
445202962
726034293
865624311
547861871
606200709
408341230
463022348
237667664
737527746
127314737
228548470
864959674
302695573
822520434
628468429
767150656
180179560
229825184
457339905
990592317
438294222
123036090
482074176
118874671
848870499
187482999
386453834
556566572
554225667
129720941
689818223
538489937
911739031
319921220
955396489
976113438
683568179
233434514
962855473
172919006
785924264
255296865
934900786
906136747
231218322
170269840
199267621
219287050
217153016
788252258
860647524
272277467
806295374
940977921
246532769
157175679
565422716
135250198
514386503
930506648
674717551
190495195
803550846
732637628
932389034
781585988
577336885
961051973
754876405
990912283
908992239
476412763
801818777
394987183
479609233
575975697
103908976
619680156
526191585
348741040
512861629
313994871
782668143
545588969
121804780
347281109
791395868
656227772
547281672
856674630
718333583
779682253
791421889
116649432
118006175
841373990
531364234
357167987
781705443
139096039
941343898
990630507
901036335
118674375
749179335
585387232
364930107
772257608
401762731
573099344
682879220
734413362
526681989
420860208
958010868
665824248
523274007
244634917
527159544
564519625
837834844
975465511
205547162
973871800
312438571
473250971
349328095
555303937
418783566
411907623
615301951
660953064
365106948
780162406
456782970
914969539
170432650
117246205
893785183
485993048
574702729
149030590
725595815
702947053
653364890
272930205
884374579
330530830
200048149
230291346
553924707
333346475
345883980
567250453
733174339
977614948
297951228
367161933
338747394
821916608
510102996
991298194
434179851
156949872
831987075
797541070
563745217
973216928
535780697
340224591
729478367
865994618
176836221
463332947
599057792
519283057
127084850
295485655
467041764
234311308
808363704
135073921
821433315
276344531
355195919
477185148
378581740
738347914
923285014
282897963
955331789
650567841
576833162
884824504
883453766
491347603
355770662
604868771
536418988
756507632
986953232
360484093
146072942
297821679
461554639
895813620
293313589
664912969
192068341
108573157
302821261
385319547
291748452
713381113
855050469
226150662
655554427
946801045
807239474
649375326
444987620
907777040
317668114
595103420
100418631
740057585
971065251
458425609
885837177
842079286
655479006
299134077
118981026
285498675
377051559
223268300
612479257
878215137
595132549
777519835
972237911
774567093
540064829
534870798
601346477
668733150
563466014
864916228
951941824
276370876
568225225
676833013
486788274
193881489
439801421
553296010
185994899
831093255
749396376
405164892
299239997
529863996
707952299
738396614
581895915
371344696
253285663
486601029
959929316
251905126
676964654
463286722
825790486
676225504
603100902
616964874
332963710
431874257
809221756
277920350
481720234
451897386
267195007
618645179
320033002
662913896
366618682
248905857
402611212
458492568
925485070
745531980
830313672
503772590
524620739
494777614
322963061
948907122
583763444
685112773
374573707
553669468
255834677
764914448
165814788
739964616
296222262
444350651
703283170
808241315
283354331
240527814
161597257
639426255
204890188
397734009
875496818
528849795
182186401
987837020
750202938
566166237
369342373
640784608
410130974
432818820
235438999
421458563
671218624
308001373
853619385
426236069
742262762
816608294
335178701
967105701
343368430
880512255
630447067
353305474
760513670
616624710
504794838
537537312
354016932
843568224
254785892
359359801
950700045
905327895
510441910
250819890
191879515
916659511
404856649
205886672
951555247
440555858
556234854
752754751
528086939
238977412
504345621
789980804
714928122
417533652
810282040
663980517
198922752
581413675
675117148
598919028
262876043
895273015
247633971
592084884
531979538
711448333
813040352
277432864
598909186
422399640
363043822
999271304
543170138
847215790
762290168
855154596
370484487
180029968
787717926
497735428
827788636
769825674
614541707
776074826
458762924
655091498
798547997
843556812
118916462
859617861
483391731
814322347
625919183
360701779
449958655
844231752
265448666
331530163
226222015
862257256
261241518
235456585
296555169
378706408
368431581
252798731
138655584
543057614
128174156
123602031
707805508
543782798
670011282
224614057
808054932
504136237
725768434
236865067
535368922
903791004
359894913
351623472
430560491
751064595
410974345
904627473
295510848
630465681
673049499
333598222
621734919
680200159
822318788
509495523
902983536
311215522
564569667
930875268
712130311
906567399
428759359
456503273
817553168
823513912
111096012
442144853
244036998
762629615
604877803
914651385
658976213
992252139
116594448
216538215
398266038
930920679
965095512
242894513
983370230
284445860
295293170
366411317
818140943
747022925
773115972
242103503
458706280
676759386
117328511
768306996
751160879
733171100
300168897
571252159
413537553
556148543
851431610
148175346
564090020
424564693
854282145
436480278
133941793
585720666
377185545
783837588
645405103
366320405
992055012
494196839
852927345
326624786
574330784
257580668
799169385
681431179
610559836
278570852
386110489
344083462
609642210
162083161
896516632
861906369
499673441
764359627
184387862
477975984
519806272
147763164
561236528
690517139
583431575
902674988
645712003
999186885
599225350
824835195
935036710
565933075
515484489
203634819
125806408
929513206
146101230
959453548
823299601
366839084
136073271
804169535
316194990
912758397
860883539
746047570
676485893
310897505
534682890
185227977
372519774
921478417
713634363
694748166
552479510
362043617
375161939
593204060
353525780
317188295
649305610
297999427
251883073
565607539
620000930
899113247
959046885
770970176
997639142
882715079
751340415
950971846
701360437
145411830
507244602
725720791
755676117
775333403
724763963
935280279
405268034
707558413
235677436
305050536
368113757
479030286
400262989
720231739
431237035
716628395
491454011
536579192
906992560
774551241
942334954
589970659
143890403
449608993
323018982
966348388
193213511
267235106
298472954
287096831
991151193
284741728
297440354
121151890
275550069
700760740
825403877
488434238
630260073
300246311
354713890
712829958
713947631
974816765
459835825
859179371
993436490
287570796
656976965
119254413
273953152
634192536
712673187
364574632
691348795
952005862
622278124
611570251
800805649
419675316
671049409
138666844
162145481
389919212
949896789
232112609
546074865
287593655
278246349
800582274
978568771
256126119
575238339
698504375
210548903
505887751
796700753
842279537
200734804
880508277
900892042
279849220
640782186
639961911
489976126
352438803
581024799
941955180
263290949
713497117
836728514
474628251
179694933
392322555
626470012
256803366
228357901
314838883
563845483
891809694
622533800
611982173
910964758
933537043
336896354
607100641
657410151
845758452
447799734
940692742
348867925
327911730
511602180
127434208
960828468
845959471
109825824
857198628
132736461
220642655
791846349
484239340
809342338
152948329
781290225
919962661
247513698
224142340
492813918
402349573
482634144
251734788
477949053
786468140
674615815
811418495
773274794
402386614
359256701
576762891
660596219
507946871
993008746
729446132
862127889
888654802
987667659
824917498
195155170
980949276
266458403
547763877
380975244
775930618
479254599
110128107
822620777
501126201
315754733
790333665
443404154
691936296
404230581
151458984
412139003
555781144
805358465
269010006
315906477
862285445
494773405
898609286
464906607
650441386
736789081
542848958
674879489
474689730
394205184
903571946
934617388
588340188
627644368
450751833
583910232
714173672
516380644
855690028
419532630
270533720
632278141
367387679
923561055
444718228
140678089
865677308
449276088
931688050
593044105
206168908
896470148
783665842
472880089
469010953
794169430
570485563
187176890
517493819
785514002
801646172
620432515
742052312
570278394
891848695
246248842
974273526
204273075
559834597
909650233
882500074
864735403
165642458
192904912
940257611
291664253
263496905
996891500
879345963
984153478
706134627
517724906
938541364
526682654
283771343
208786278
134540223
559973752
816188519
201442111
956260021
216021678
315293907
763914729
718340370
893564519
592817959
963529648
236508214
819389182
874336207
248043505
609733924
949493711
977326320
256202459
561385861
210636613
430103461
635948601
350887675
515494183
666235550
332832200
619000342
497560364
409552112
360670713
860115300
225362850
367615265
137273438
410817340
829386244
205826798
464199449
732433309
918713248
837865960
982554163
896365308
591536650
572547762
535040914
547101715
981930152
828788709
625655062
786029325
811632574
901222173
589051403
708577277
818371730
619509186
379947889
188848014
943869175
361879339
310074015
483451865
958153412
798726201
921518964
700170257
873390246
537668940
559838497
428087720
318662940
404796618
623390191
876946200
233222417
334242117
690167831
682261655
121744419
832076112
828681463
397371129
174862698
592759896
721014591
895037214
923910039
209078962
239370272
102075829
678268941
634332069
196865712
368709341
638931566
783469114
734512652
215573032
352683286
798810368
724957338
552640429
421007694
662544539
106248889
674602547
901220293
473951897
934446078
588095529
188437521
936333374
411099964
305446451
802323298
716820334
741251078
433087326
524319610
850106016
343491407
467456095
796988992
210625464
701626005
392821082
908876415
314021599
239092745
489504634
408090433
524363062
608910737
461745942
424651987
158718605
759037029
293813351
620569214
774756367
245089837
668242545
290289084
349699669
481183567
735350094
308404359
322965936
599379168
788162334
629027166
189246177
392066627
250212408
493900665
236931911
967735564
526554886
986307560
864047000
727737602
348880990
667021216
491382240
506814789
466277355
447716970
769245325
358197409
773646580
783061369
307367168
383151623
791443075
747276684
494641913
294545645
345431804
762614882
836997995
277500383
582256414
961875824
743407373
823486461
327187339
907335949
143629916
941216686
640011377
911942207
592430678
488793360
995241526
264366278
608464636
524037167
588956958
344570518
230755313
665206864
977890778
724836888
203731110
409010824
640892961
843593470
224868927
358420846
922392465
984083389
854367629
860961958
828473065
559135089
176572311
934168238
923742688
926233093
681834226
894302191
768829568
697923583
893900171
429133806
385714683
218647877
220857052
667340896
528801933
527963340
846286891
633214840
876955685
690251225
815782264
311537255
608878974
578204952
361820752
819748450
861721005
466281078
262493638
674203131
649080095
721466513
829412894
787068456
563207607
834074118
962452212
862202091
303118421
770287901
173806734
486501136
679498628
308421130
555459580
805350732
145627609
792066018
894724470
881431578
889545687
174006498
497443129
892872805
434591010
714651235
669904801
656114929
292984582
604261356
532939382
819766969
809624830
961154608
481062123
353067336
301797231
191625544
835683845
865893954
977460542
180180433
746631025
600698348
990622541
608319278
832054571
926014442
468056355
735542779
211474497
148541051
598608707
553778391
469388243
826795372
447320997
224631514
678086914
879030225
465677658
107307159
939187948
340290779
604570829
650302837
716849021
391391445
695134455
653582193
284981177
152602261
926589160
227835471
743145538
830789427
252841581
212220484
951027525
881256211
497994710
489876821
208617800
947857982
409438693
564993170
585987402
721317041
429164279
421971162
576056597
380242737
814654233
496322573
233802646
990030995
502292147
124029832
144607192
110680869
400346871
301513597
968643739
147985916
401419247
475931930
653409655
407408763
845075799
636998907
349167047
223320885
747877602
733228350
666269864
113011310
804429596
483158548
457887355
280453400
883712457
845586528
304831101
927317683
672505504
416807904
823728433
427173063
190254334
504508563
922520125
508743707
279200886
528213068
465443522
842195145
942154538
716338664
737190450
250879862
475442113
107665150
501522317
814483197
234725073
751447380
449970298
266678730
272948331
348428575
286643261
642713504
229396359
945978869
626941553
254143810
200243463
429443327
888782915
443045225
767406856
881915983
716053719
664332638
511057300
652541875
813201015
534933218
696709564
663710896
149971216
360196125
449137842
858835618
130585238
226575761
782302158
965653699
930635959
391835267
241774297
584311015
562682337
395016171
408932400
619371670
869941619
598723450
834839916
881180373
959627450
594062142
919988160
862014381
516748233
369146785
696757309
488381601
742555447
328892817
386954759
427365191
787681384
825109529
211006322
698551749
832609721
645924566
393266374
599504574
454791608
948866482
560900121
826026381
552123495
929786129
869038457
585496422
661046825
439814389
904469563
417423636
192198558
559180794
965026739
823770132
850296849
118785524
152326161
916559643
225518400
425841364
434395042
541447242
878164369
671534922
853189888
226233370
521895760
690394613
700805426
401655295
765604635
326198539
175065589
644270629
227955167
734245331
615526383
224658582
949778122
769349562
463627735
723698316
195759021
420679724
633760005
402622681
767131646
834501304
643653864
759806301
977296492
475499516
993616078
334250047
299187808
476226728
186672618
403582142
514524900
729815221
876727073
429879781
997452584
977789917
686058138
125391207
198340544
399637174
924061526
145394773
305192198
874689691
880783311
999007783
796685878
324732014
767052609
739575495
674090332
297763051
835450343
566708610
600760468
328005075
818673020
593333169
397150445
985555073
863681937
241852500
887102199
991845453
957599811
670575321
948908538
432772368
463747307
888840253
315809738
759463610
150436998
791749405
646721284
839468526
775704223
145472723
391860541
112189802
888732403
900364581
630011571
222209987
877726629
980210105
431766392
787167754
404319962
307604683
115669962
798076391
453033704
335535081
613409546
103498801
183402110
300720195
776322739
293894930
999017410
470598445
694332655
163041984
388331163
439482271
384945060
338870964
189878974
969314706
145616553
980055953
183906806
423658021
986543765
922252676
100935835
534643147
376652487
425689628
784252002
403934563
229026294
287990752
306834114
497939909
279802479
895986404
524488971
120256805
438605814
369705414
215286014
393516199
131966763
745385107
671535255
980409208
670234569
611040468
617598928
974094185
125607059
132765180
772846184
716825573
914543300
191699859
221258186
784357888
946574049
782989337
218886818
333168405
125881466
996996340
888119532
622408297
106027590
719007797
165685509
112160790
969586483
490552027
633632135
128648996
546938134
157397533
582693631
391782403
630171067
271144300
300376031
928372752
496218130
186187147
252262978
291177864
256288431
189217987
901082188
357697424
484269095
515007202
153327588
484310424
641249263
885736827
799802322
475037542
465238656
258367816
744142623
604023236
853104963
788289673
245799091
655270884
770185609
798826231
114873984
340886961
954241224
344649528
204480135
643226818
629385940
856340457
375311055
797873343
489363402
166700480
300043976
579076543
312991223
524446805
159068153
341388029
651816713
417391380
208935303
832075218
539164703
644710958
859366402
304753953
653037528
614829217
513339899
446167253
348322743
622109034
509298747
413431397
880208783
166223695
841220064
307480162
856058031
161291161
373087486
159784540
688700097
519629287
673350487
230846510
512209410
726099837
515722535
876668205
447745973
362819987
990397107
529013855
208897905
654018646
814199290
371576683
830314787
568451080
300642854
282034619
905446105
597103605
473437985
317349328
757413315
341575753
661962605
447355066
654674403
679014791
456114642
266553015
567218731
945186045
999093696
221630492
289360180
277392735
112638985
579900667
745782316
235900372
635533645
761854371
833601059
634576795
293522569
208965390
907966647
847461859
723406426
780038693
359240993
918819048
157402864
446521483
498039962
828967547
996224742
523809410
774495340
589034891
168279743
528783915
699521159
353300592
673892838
688045792
114499489
958446154
146820020
514245093
740024265
863014416
967182954
944014595
762547823
119834229
606457972
621010752
214624561
510846890
761690050
369253233
193093446
868957200
740954224
177050900
177930148
376096052
533499127
695566461
368820761
192496218
892746288
947998363
628644098
771154065
202962847
685643364
577175968
278989767
121937826
591210663
501183458
729646215
380832780
143531506
689892773
995602250
422361392
962868977
216620967
270752010
321282534
574243408
182400039
747220433
425059154
476306677
414201964
830157739
350318928
335470768
850530951
760633079
404133659
561397473
739015136
115144749
462500424
963039396
425870567
812211572
317958478
893924489
282510690
127508306
390097575
676844873
312326386
317445246
355540046
688085732
998888135
329865984
473322605
698020556
394912138
553206307
797400876
504719401
999391417
461820003
175573167
852363258
624200064
186536513
770386322
401641174
350699687
962492411
876484938
539502181
521805922
302452566
456360415
398716895
570059381
331292338
944711942
833909024
547162203
143529546
200635585
595367091
755476181
589943962
151015502
722088265
731110583
373066769
406831677
709123416
541805334
622857438
116075338
785816766
668407978
505418202
536992398
576162047
201099418
930469133
591116089
547198738
317956246
838811007
437340424
427631984
833878664
916599632
545380321
668174458
309568229
197658012
894542943
111407752
160716085
672215980
674368034
432058131
921504493
166703494
350366310
123816244
413580365
547465220
997577502
127711678
880603101
232326134
248640891
925366894
116399979
444715489
115678415
388125966
972315059
906286473
282036957
729348309
960452652
314812919
625867428
359766664
681224003
218773903
200692746
351487303
116645712
337882199
668596873
421675297
292447422
724338862
717130993
628374509
686326914
510170833
106485560
892503044
900203441
139420226
489328113
378087853
786223437
590937410
330355125
560179505
840432566
523371753
464083384
603927425
390832719
592318489
371630686
453136925
767730532
203404782
477071008
665786356
469938975
531268133
355130999
608827719
528171044
359780472
867590443
206781006
880724218
972292200
328349054
431632012
651199453
273823216
540260749
525869378
513979930
861374277
293056839
149181499
374310382
353840907
508064996
522970744
111557315
626730091
928912280
982037336
912904269
863665087
157851134
570903606
104413516
969231822
463075880
736263657
673790444
645600304
448920678
434516788
759712031
332689445
681239919
706132305
604410122
464326517
158896106
149501847
896849484
356966573
761260276
245466712
740608636
964863201
489561460
495622161
365071673
503768393
904479775
227066989
598581275
725218577
502556037
622602212
437576966
140762220
131922651
786403955
940547891
738331571
442897580
651374202
720291055
298263265
418315003
151965440
292151526
708777937
128219244
522566686
983026766
469671080
248102678
267053310
578722698
879890376
859976086
510027034
337655638
916268001
848083870
150730672
691292016
926204482
380907544
939268142
317394077
244201531
727092332
770289234
707027084
421485655
789499180
317698935
908169601
139180305
450547060
141368850
289850039
543140833
828483769
228041985
294823236
362327878
647210354
347567891
138307374
552548676
478392606
375314256
778148646
730115168
594126290
676794967
269169173
391366812
405522474
804931587
470210407
827531991
982220198
818744956
120981547
915298353
316018944
611194676
334694740
140027783
919292543
265469957
905865089
107106005
605864219
226084602
481192908
852566388
206983446
162346864
925654668
336995792
432492283
870537485
328238874
411045064
157867375
781685438
917826267
660052165
552780505
893361804
769780328
895293976
498069907
908269775
915527800
477581803
503376041
978944180
591089860
252844338
932379093
173205982
937501196
697212081
599771071
701131133
924845612
406706371
340072894
103751933
901852704
201814324
300711103
308959441
246987623
419210671
568028887
488560063
767741624
840066116
557776469
159519392
755439111
292371946
649797209
787222914
492964301
828742973
136078826
745795731
168605882
949083188
220382093
439240778
697559334
138268592
135950973
345523214
391439552
859534261
239932209
814828105
414348870
555707131
945715907
787836594
730830465
193319348
875509560
682236120
763341886
889851499
353438411
842163466
238344259
442710886
321382169
564017736
488470759
756947824
935956357
701224957
786034628
907742473
687025183
781820305
861434004
630025753
673350886
753308473
969816338
980409849
299798687
716436653
531760055
793841564
480375651
574996631
834290749
634310474
888952742
828773167
187192072
772264221
928129107
418040125
233131695
920626295
643776945
104303044
747606676
861985969
186789365
504944098
893956838
974764280
618747263
982141980
360071962
322655422
652917906
180989871
333682672
919129165
141452732
938577265
716920141
184790751
130950254
905979302
140876421
689357094
490474675
289292133
939360470
N: 0045353275
