P: 1073736023
8772881
7708771
4491878
3388963
6991243
1061098
9022474
6380456
7108199
6870914
1873001
9493681
4647341
8086386
5547749
6564267
5969604
5176664
1526064
6652219
2139285
8886345
7976950
8688827
2154653
6694072
6203245
7664853
2441478
7325196
8531295
7387030
3920466
5754289
4023946
6205512
7935191
1918730
9389580
1148817
3378650
8995980
7152004
9030805
3393769
4017783
3886425
5046364
2175043
4930276
7776907
7178435
1150414
1730329
1878261
2404877
5700852
1222073
5992635
6106486
6003337
5153370
8537521
1168360
2677351
1142659
7865114
8696653
3583660
4912294
6489160
1794984
7428790
6203476
6123873
3920651
5849883
3684120
6778956
8986262
5708824
7561694
9915878
5670374
5280280
6419740
3784615
5560035
7010768
1029697
4511689
2380207
2708532
2303583
7354959
1871732
4895587
1460899
6582300
5052713
8952813
7838421
3327441
1759877
9384340
5901032
8598165
9679575
1165039
7987665
7629134
7909341
1074948
9844802
5984623
9179126
9136732
6404530
4754677
9954693
9949280
3913656
7509585
9275127
3821930
6806184
4665403
9848129
5155469
7268778
2091065
5064652
4381213
3475690
1543326
7302012
9534819
4616924
9462497
8129050
9725692
3120894
2227243
5319885
5045576
5891395
9156909
5998208
7889957
2337541
6789180
4787490
4368490
4647520
9036586
2563721
3147384
4944405
7078525
1196167
2651753
7869170
6370837
4455088
8400908
8480860
9180788
3098560
7397802
3935737
3992650
7329976
9515110
6780106
4825906
8280766
3773117
5901198
4909002
9664689
2262427
2648827
2491829
1612421
3146137
5341717
2615331
6701779
5550599
4513267
9550674
5647223
9900933
3614237
8132848
8044573
7391553
8335270
2391403
5164086
3302031
5242142
2961963
1105162
9962235
1802229
8483037
5120639
5133425
7009239
1985260
1278531
6799695
3317048
2215724
7927012
1513962
4129838
2117423
9363337
3848529
1697710
2831836
6707786
8959276
7083013
7762258
9908799
8468081
8636898
6183034
8749331
5846811
5452528
1913418
2362743
6628422
4649382
7367640
7437681
7852939
5657342
4440298
5654675
2682255
5847242
8296414
6779127
1704162
9145567
3317459
3603954
3103750
9038047
2219879
5635260
4635273
7376430
6699267
9004347
7932538
4812230
5821260
1687452
8802041
5223835
8993394
8825727
3616424
6822762
9867690
8831862
3467060
4016659
3660166
6522352
4696898
2777648
2646146
2196726
6653357
2835708
4398834
6199525
8815621
1459012
4371963
3193416
8245973
6842380
3001751
8175063
8450486
6060414
2025364
6807745
3627046
7118277
5194030
8008076
9155087
5301003
5406978
8845613
5705735
4732189
9541751
8450484
2729548
3135308
8944037
9866090
5261258
8838922
8573368
1708820
6181043
8279229
7307723
9309795
9258683
8637960
8504664
3270932
8947653
9401977
9966296
8894432
4607450
6199952
9730837
5348739
8608982
2112445
6126763
7809889
5568017
2440815
3211396
3279902
8309605
7378715
3621144
3044333
N: 90461081
