P: 0
371958182
686787106
820220422
604571259
724076189
464786380
232338872
506736058
398434636
475723463
782409224
227625520
507072719
631833125
556149680
447808722
662351738
486258160
290128176
228870173
367097617
777461814
677424216
591552503
719260957
831271129
476080351
419670986
684639419
271054656
487228762
587996150
126603794
817628375
603152267
656394499
473786686
571249009
558362815
749352959
599245867
585917518
796494862
409003078
776544957
914021942
962704727
523047102
156852252
886537581
890010973
359850797
440409959
253159620
111696880
320123230
331172631
133076811
159827891
195935922
519917027
239598070
166081823
524531617
120156440
998582630
681245304
365646516
105080441
259821582
767764871
712104550
320450643
500953771
571420318
242410158
629363389
471341049
625684498
578247619
759322643
944875591
256819424
685972074
496999960
245203661
166460083
826470714
497969482
905975964
275199285
304481424
178805974
520172514
771881729
179720293
908930784
744572346
223700670
208558148
502286860
660715857
227465518
966945999
811084322
126494563
258919450
675879279
835723246
347435293
290023249
957443441
573533854
959546871
803163978
517234300
953588656
992171152
139456246
256133093
193994565
662582858
370731126
691695162
524175465
564601376
809997412
624758483
740540808
514051199
548410073
115466774
805929058
587236609
866989918
102776092
112150252
944814091
446962036
837127127
349605062
417874434
117746899
575370881
559397733
912671504
448938270
404556484
901385823
619264734
196036424
302066720
536243299
843505412
132579634
473539826
523388551
673887192
107490943
264578341
654844694
151483187
140260275
436807384
829714908
964916294
297573845
295422568
749549344
899493839
907781179
923338537
318178692
440640452
604585058
580131321
530593438
295957163
748191150
978453300
601005221
887090000
434098645
577610039
890087111
866330391
397933240
161756809
990347900
613194819
522823989
452513841
641908207
504638457
730031017
146802089
334161010
965691867
282149686
760978151
460951415
681520952
717983318
497207982
541969160
895164205
122790913
749755320
159133566
267485894
781316329
752562421
118834060
569897273
724838449
724511811
256041426
270003018
942496426
610620125
228335565
473522709
185000129
332959693
216955892
137346873
479768843
347699196
108135649
997832237
291576696
294346453
657247070
237503074
728837462
362501014
333106095
732019901
313953411
317966002
819924489
803523726
473553334
454573568
486548544
356994967
227454226
645704754
720025108
179244980
805613171
963479039
762558364
212053102
316000180
350531663
575350343
186685525
674927863
582852158
690689835
699464101
546958375
996838702
711593851
893387753
805573323
969512175
132990363
946079354
188618089
385020250
586263303
980202644
261719237
101486662
447567943
507684902
486284750
675324630
983383098
377873409
250742099
579179393
850611883
597265367
716211964
839664717
802442928
334002501
239316762
624577053
325508445
558908976
414942992
457238909
647874367
261932028
324035630
294364194
606909746
272390415
916475947
292780063
530381361
148048683
544250955
703703794
507898188
970667206
436080703
829099781
826544013
106143252
436059394
100313393
428769040
221809646
136262639
918614089
370816763
860657037
236192335
429947773
856976970
431935231
900830082
204601822
221519709
150076814
901445772
456537833
580826961
240169362
880530787
387610806
919445845
230917505
310175760
353866824
288638266
684669341
365313113
458191818
283340522
552679062
607195869
755544635
777392910
514358485
804628461
534741148
798309224
366327906
135137827
436922039
352179828
990606579
184100236
542778588
397417462
405430942
518886039
785418428
421168423
574943645
499907992
881862492
741297394
360333195
346690475
355591406
539317785
166371081
467136863
698781882
606744508
460897325
968451308
526325576
751313340
978770140
297392629
931598860
586073771
383020872
541335964
651234811
817771431
552725864
561786119
133177670
980003160
319396604
416615479
345192295
835036779
650550950
696555118
841706437
607192321
261805287
534585718
137504898
146587406
171001764
242335373
948250733
647271364
712610491
805141647
592940399
363840246
517775267
105426001
268701844
691910690
489102626
841943551
197122035
779546648
280249526
492667459
848392870
450964659
620639741
734398957
250571732
793258493
701526052
372533747
311828582
921311120
470952170
396463990
189326417
801202524
738415407
150572174
475721815
968600229
317466065
162607742
910779749
160311826
364425408
662362369
193766333
367159979
136462411
546459004
279482713
462341103
252979625
593622217
438676151
322731696
663118540
589030249
515481862
628950429
973938872
388246469
519479269
666125727
107199291
936512369
716537039
736351643
427283325
369418360
446045665
555930492
858253916
248633917
117409664
521965520
464706151
186096588
863794447
228137440
902472882
379966057
186676687
152005902
508389720
165117587
475595527
984960419
107301008
771096240
144690543
650354125
374429465
345279626
427604899
891993698
149373070
406273500
596760581
714843113
140498863
890816275
583411134
148118574
654159731
690046859
653560320
789452985
126796472
969178340
764173053
183558695
995609695
345751195
712778668
985358030
594870382
873618404
332555332
895789043
837487004
202696806
872302184
613774160
983348461
897971598
317647546
897433615
975325160
473828968
984287747
349360438
757525683
764520592
139241352
479527547
326294940
587387302
259224602
619544204
758630417
632960709
264897915
870962169
704074998
664674548
556300924
172542376
536013052
991206991
317117881
454876681
921002128
678249129
242436396
639917389
215268292
300075176
786624353
937396798
420127047
796619177
394308368
299725006
259917633
585904920
748083332
930454207
714538401
206369233
983261025
151921387
146859560
929101705
112360724
225717494
840022763
566062818
378497475
894935326
450780110
245851736
179220969
217394721
966787033
408673249
854262571
908393168
271919268
650477882
992796488
131817908
951037944
490653062
884145648
813846535
956335824
234171596
972931255
585770622
695491786
670571286
413606485
374237232
339069879
590315039
853548606
847113809
844703579
923202736
128298169
116802586
740229968
738197465
691247505
779409606
986584449
498517192
544384012
895281245
566618916
828221383
953156598
995369879
136070662
921954982
191116201
272665942
490479487
247820819
928502343
411360336
369924996
248662038
432428282
291930506
270397370
364343791
980859105
887106093
653743664
308329184
739743464
284927789
440834033
234128191
338405654
471505708
542947739
259084440
450480304
276487347
991003106
470776769
109959994
556026303
777850206
731196878
259091604
316265987
765590737
391563290
735349394
936482259
946920919
465648817
125229852
401989614
456201352
462232743
525336201
842613445
239544894
785250381
681074374
944336153
460315867
826906194
322253396
423046575
161542984
452649509
729280440
484944770
514327446
708315928
695970492
519923011
612774317
471824212
855615894
998777178
231604297
432302022
896805725
507604735
864613859
204397442
101711363
177885856
402716856
426941591
267606248
217125711
277190096
417541067
366738029
815833587
577114104
944807314
703523443
542501139
688522786
840351429
923762451
233126926
465257909
516632742
928965824
627058371
642834883
814073526
986824808
647745586
983842793
143012999
292862162
306213645
582573547
437889035
658341338
973445935
383130445
119448636
762998627
266500958
333890678
293388104
861820903
594717853
115422120
298679754
705500467
463209640
642642270
687432273
558690438
210368179
834513583
866616834
158260642
836742568
761902104
256290099
402144387
519320150
388953067
210336712
476231826
344666888
942821448
551069175
626001487
263198052
833001688
144230338
592683165
969225957
692525430
103959763
403446390
299060682
924274267
697666914
568042277
215378344
256331469
708379007
512231771
909501246
728996259
876547432
770233869
808605587
715257950
385747334
737234644
755445746
756694496
337672321
813996107
360049782
276302370
243493637
317604179
891680527
450259910
718288944
583658873
966307055
891835055
455323130
467264817
108820073
562412763
734974495
256641850
825365790
499113563
146786697
761284992
508275286
637800961
185547962
341559933
746436507
787649375
406543228
959799509
591226640
948312344
454364716
745321721
691123125
129179866
506309294
696130125
833254567
131723592
170884055
911857751
719198280
733144124
968069172
849870395
481369087
592612180
543634166
546456253
615701393
243295532
662655028
137617861
621440298
347327350
797261785
974012381
769871235
871489054
697765195
650587028
455727718
898204723
661312421
460169093
660014917
216568112
124277645
498064787
123302527
501061326
535529967
420730010
985084747
670939081
130515685
127422647
994801559
596990242
336328141
877047966
794343750
842447781
207821652
283281179
276061010
561297880
464841042
757630426
483262581
188576122
750246126
417486081
131339804
984833442
937904314
881939579
194223451
902903145
755355489
583750018
439327766
967238621
967367691
175643439
229745382
702001288
717839399
154054659
144223547
719653926
303305594
430944943
172917291
678755918
382132475
804159343
490523671
143690274
544505630
432885872
821366824
169312810
487608719
737653426
344197884
384354212
958034823
934781445
438918416
202315095
275659152
939431628
543823463
615883676
866875918
303908006
424225968
405208777
151794302
291234262
748176604
691843763
797190993
633470416
160457604
369171092
573977865
215187199
970066234
959543901
558581689
522485443
122640342
123081522
458261915
801873273
199288711
117807223
183064905
844649068
687722184
444502564
225084756
922799580
982316144
489652406
607571488
542052020
868784444
241560492
724099703
382056593
206244453
161453032
553099639
820963962
771558975
268894713
548117364
193788475
719614886
927045574
667505643
513754641
481912471
200988903
711611993
638223333
483635582
739041674
730881256
409245828
914183615
351291222
600934807
922647826
850531145
270789901
372287848
804449861
689231913
939452371
375832901
634452035
685340339
903521831
905784990
620972934
261340036
867698151
406146743
454657665
904696138
644581958
534143013
182965274
483069046
323927615
878787496
281627348
700103689
462053456
981514853
519079986
314230087
917261504
227149022
154074879
189409730
493172513
194723859
515543307
268175902
945092442
276782590
426403662
119129723
461270701
946320242
100501414
904986056
167661406
945189256
174158822
589996731
936303983
194443108
212927162
128567305
479500160
548099867
460552912
505321390
319884377
157649414
996164090
911520016
379537504
470388410
905322377
180252699
404278167
265579838
688682627
285768852
702427169
328841185
809771365
486046065
255093052
818178317
879879903
960441435
430359080
386352389
317539467
648129105
722887953
868788619
706742205
887915997
160295639
161857421
689373166
606553442
651134789
340597225
862620253
658877266
766098514
510279679
773399459
954356807
859047457
811748055
260765701
104446548
829161257
639763237
741879878
135291011
594821560
140015057
845337609
854635097
612416283
267387761
740038452
489979890
661406995
300208704
870756346
491626543
512357347
116820131
960468806
441404690
363113101
317126818
512695225
939447307
733591588
870971754
393361208
875241597
655126826
661830801
464269403
485431699
602469903
703999252
617929165
844600251
650423378
328489674
100689451
868191431
836153083
505727006
850280038
854514656
191973941
704818173
361715187
747907027
326745373
143544402
479885461
446564615
392084103
306737488
277611533
753147147
911581331
479003508
601721059
989700111
388336307
623428134
671651715
903617240
634923973
168485606
207982138
468837826
241028901
356715161
462174026
581560120
802753565
516320010
636568463
308467000
642960780
835233487
103047113
716279834
981478590
334268229
841152345
827648190
343643194
379087055
655642995
129944456
390089992
387907043
681703028
593128158
401312258
190479402
568371189
122439409
886252700
143133769
841703529
562755559
110629043
797304105
986361239
130514293
751546235
723136547
596211017
390241345
554727433
838761601
816508526
539737714
942365717
575852476
279083889
578355163
781298189
182209215
677819156
502223128
891864511
830470854
132761654
360241213
577628225
759075295
120828589
763070259
461867871
668375946
143485208
874794107
689266326
885550166
204915629
608763149
885627249
173838254
866227888
767484947
812864095
232547374
964340122
193662258
130389106
979645649
114930610
773090517
279149172
854954597
383478419
421597886
638135308
988763441
684971507
587430412
225118476
356888663
495493966
187479567
402995309
621022051
739747381
668227658
455567550
858029709
603252131
379088628
486861700
204352919
624699859
423734143
325952030
408838451
605611114
269729635
221248921
311602853
517024381
786381960
509351066
478466552
487627445
235733514
464956747
619524338
248239217
142758144
942843137
451728906
889881323
867376255
771286598
956133210
317867087
775394567
866272677
651268545
899970760
344782052
622927031
982139534
923896976
146963909
707165104
715793817
368451773
941699953
578827938
741043357
659382572
844422946
247343259
408166793
409154606
459057299
575084683
121568668
736456611
965024048
517437288
278607901
766110514
168976591
905047856
550956768
811514304
988566201
521647447
550699950
599809547
181884268
389370855
874687103
460459250
864446058
783310057
581718295
746205306
689020153
987059855
910149550
653926111
534476030
107300086
956524894
639789547
890976192
637848810
823098130
997754130
623867741
412790797
908094452
982183942
592764142
188110283
458498412
976234910
453372058
486922490
538876497
574647209
699989472
547676302
610591044
139318491
958140775
713585879
176108486
632890363
899871252
128115530
120537819
759811403
952647610
329645567
139272563
275842035
561087390
877634501
195423866
843200109
791069757
462046295
415581599
535747929
383050102
588089430
466061668
526646515
464584276
468709203
373905561
630569807
280124994
780570834
814497797
505597687
410561583
514575533
243672384
374363963
547648476
651234697
229860860
476791027
257728245
115964941
146384754
980455312
694882931
692829397
759639114
360606503
656439761
954107640
938850738
625108762
910585326
665703956
403886833
263437269
900367865
297458805
137303372
918441115
380707986
912693966
168358839
381918335
216164699
893510301
811757009
650725999
592639497
542030111
692727401
956174426
871340546
500823595
511064502
975539495
989049771
722869742
746946013
510901698
770275577
464016554
664190455
156782983
972051132
873950249
524583750
252305672
677718236
850946797
590429043
550867915
521757142
733275185
598930914
597653991
606519990
569209918
350701681
836986824
300658594
161981608
651094878
984903201
934362319
885662295
258167909
216972439
978155614
339797700
789803908
577671513
245782735
143770557
473211817
373327611
966062745
335569469
722051209
184129953
742541224
547224612
982225361
518209876
489091602
766515635
879445240
670360577
678335166
419268511
967317617
959245350
668673027
168481790
831326951
379349376
994025859
989378583
297723854
991805162
771615554
347218725
313057560
843693986
602697632
998843926
308087302
201942683
391952048
756411589
815202390
733781038
126480216
926444289
595811359
148704658
142604142
610455701
965038827
677408641
941447028
684189152
973427517
608639725
969771192
702792923
375575044
478459896
984647074
148305145
658805101
831371288
869191181
726793381
161919631
512940060
886552213
694153415
183141491
239637394
792992699
165329916
769246822
526525615
438272142
626464305
184589287
920090685
682177808
835803214
748471508
627729187
251496989
503917322
746535570
572807561
756356633
655113180
218650765
631639548
223220495
302215170
875227704
825475593
569637198
189643040
452353198
396353148
342648701
883032734
468080648
918453689
152255693
470782435
461667380
599515711
533251225
216429116
698129149
873922214
914201028
450388559
463675709
814940268
269798897
292617703
464937905
261769797
350702629
698025953
592287506
174226485
712294519
809463412
731852970
714414417
198906046
221419173
312244583
905977280
392063721
916561256
109504023
620559467
789543546
793411422
345884800
213108081
681377297
107858765
101021381
177131596
952501558
625591941
117938258
578803523
579704530
656306283
816468235
572372620
302480193
473901963
857678911
500220774
208588881
241253335
633554273
474517407
361651165
831093664
744526148
524336071
306584418
404838293
515483896
994600405
161215676
644533459
877138812
312783944
302886117
198503992
545431835
233577256
199779180
311483776
521123206
137752357
970078970
183331365
638632720
175556526
907596326
895394081
773750585
887016331
347589374
443878682
564677317
286177010
453796605
183594398
912775955
999147388
385637656
577421648
818976658
808374321
610031189
375575559
236280058
711333187
571567098
980250406
377289761
165086643
581684209
916585960
564903829
444832461
816435672
845286372
592363799
819753656
889824982
320452071
774082212
902329621
330481812
596429844
590548701
767602554
730492137
662031402
428301774
966700637
905633159
543195464
646389011
886334857
822909871
908903349
804115287
143574572
606270966
509641558
612094680
483780545
140295374
142898996
974992868
758810138
495688391
628032952
534481013
267375149
815352208
926360759
840540898
795417647
628531782
190034181
644921289
894953588
987156535
847056959
790958566
708713921
618027523
963939037
792346837
823628466
230343629
142346228
133839755
367069896
425742693
326128113
670704309
929327601
372761867
299957070
957199326
913655331
325928833
742115412
167058729
419274645
920980296
878718458
831159203
351912030
913914452
260477594
426186426
183470766
228541057
351895137
278096835
447576329
283533456
575357069
785658028
321044598
979670020
113800817
160949691
668763181
969247965
800068065
815709985
272619104
729437931
533686707
609213728
512234618
104173251
309738102
109258976
123027147
489511547
966574155
641405461
666325759
223365358
210719341
472193107
751943539
245060544
793873318
950256050
213216850
787627499
287705336
758446963
362445282
605632331
372646830
467281429
403640820
775228284
943317249
957595371
374254320
825258522
904311224
574719244
581533279
419063330
739428799
618838917
138669125
276094832
270554267
757716158
696781279
155410938
352884720
876514228
652135537
746690213
214248846
855824680
515651826
588343716
734276487
886672292
454845162
173000616
860966730
869557573
607607973
419757387
382668422
107859382
291936974
907502618
423911442
331628638
580466640
807968183
487515354
898098194
220302964
466330578
323785476
370585864
403466985
165223210
924523560
665974193
200416659
187066788
385678340
625295148
630335119
265073193
198344871
344590509
253961376
295774510
283893746
509149248
779770191
782295101
522092076
969752370
838962963
246027752
416089397
326900291
361335293
295899450
118324364
174797042
265991127
364381453
479956148
369950168
829237633
473504918
406232685
263662500
867223933
618905949
999455092
578623683
972858069
695638593
333412124
831648381
437273708
217450171
985867006
812641084
949250066
796500470
306442440
436408965
683049767
888239648
703692697
390368048
692480151
537341456
203125421
422812576
924680278
493196961
809482804
504338089
655948987
663696640
906470302
697187610
551483710
929820934
287905648
923334102
218452476
631076837
455641942
343118544
567966535
282775979
102847539
492117481
784637978
601896683
297448794
694580162
800662270
377931383
664717058
156286061
580573167
919738372
683033490
590522139
309286585
881206109
218755739
368789111
572419790
456950340
273306616
269445148
941530499
551065546
400442388
204527258
759831499
707158878
211219485
660032901
455390448
848917673
963145603
916270699
151831110
167730265
735951977
179052133
828290712
232972145
890020599
466696457
659164838
933490439
786673841
962494677
129408945
570048826
415193622
816307268
463027343
217568455
451501017
536592746
424325818
396464734
178363726
757770755
891294785
905468452
253677392
971388180
869438401
615295617
699668885
530616948
764267518
716719355
156796271
816387238
667855534
369945076
658388509
959381163
816408003
523748115
628076725
246284682
500051659
363422761
736453855
399942100
189656552
883079385
439951419
268494343
436783332
533987716
237751906
468788550
853045264
690301410
323536745
567723825
985676652
830422882
856851626
979502556
991096780
263149104
591372403
725939256
541989747
663392314
728358104
925277960
869628967
726369126
491567543
376848473
178888600
481317425
802492768
492336821
880356985
445571159
886999098
692067414
824780641
578570507
271569463
401151882
688458939
505906195
329421141
708088226
911711091
600354103
386509836
960768782
134113970
180035038
208181021
809196681
252903825
305323451
603798508
144392947
702820900
574517586
225251548
215753770
398047280
662778592
941444374
167048979
333059026
767660892
665808211
705886464
118641310
740417559
930968682
527463783
125208726
506792665
541116516
312659335
539360763
786977017
552471284
333541400
100983259
358783409
247967178
878539855
686618345
685297171
912101926
373555790
759075754
767639753
810442914
175732262
983616940
497482997
741498294
588750897
512736184
342104993
294679703
844462764
834768275
635802063
920964314
665919961
652796194
987604633
132461873
618230631
936001025
841523979
781299573
409450274
545735138
515406907
931380546
166992254
858534126
685673375
725425475
552376036
119074875
274155273
100049888
341974613
394162802
644675966
492832378
780857011
346429820
755157172
176334372
968149260
798101389
308608941
487752452
442400347
816438855
913998691
746545293
474570325
332432473
722894132
857204376
518066852
204052949
955227605
672922231
153648829
892733887
858714777
513072264
874263404
320459389
883508470
807637201
892860910
550720331
648815042
837094905
964289161
615763364
257384404
392015422
956993424
310361505
539830041
759472200
218770877
232657628
636734738
639272647
709028598
969013070
406005522
292847380
541959361
804475199
919998614
600183546
821015581
393505011
960607858
303726053
363412426
767684563
466519964
740214811
639523701
333752727
717202362
924744342
231573428
817297792
716108043
138430148
864931901
844309232
628055508
234921728
223318858
891826205
383900773
554979010
327891954
446361105
403539989
567092096
136758617
407391783
650875910
581289140
884378580
712753709
564976018
559476256
224976721
512167816
818773496
272514289
953969826
945478351
611499522
104196048
861697919
638147396
261210421
104369395
263240186
688638863
606908557
951655844
837124444
341047588
230865578
510416136
240323154
761486002
729584234
662572104
993918554
531989728
219056696
392175137
668468399
552443683
757554028
781918693
289063263
545421919
281502999
753397580
270159613
553951103
548374587
857738051
424959908
440578102
165209483
941828831
188023524
494110791
488067189
520885717
315909378
841973142
532570834
816930312
231578470
829127688
680033735
947251121
937815038
602695824
425833107
185338473
243811007
925244956
706961158
384568025
722426136
574761872
860796026
993022690
814884339
260058435
234038303
247982516
732498324
964900362
788125803
399021416
851565479
382964407
994913179
444010709
517745082
255340210
373629229
722184485
652562138
990890833
661244053
645382519
444339533
569445846
990205761
249150780
384700091
834034266
765058009
470364612
479871754
224654490
328947471
520744226
198557858
153142504
146485603
235832765
727313011
342578813
521343276
407099999
464312012
896479121
936463647
665040949
609642311
998574352
394449015
851464937
901631601
577491331
710149124
715371933
923348766
515728171
465766869
418274962
992598789
688410777
853502930
132140462
711015072
632279220
895326621
905888534
596680114
829981596
187565844
689307198
666488143
344853514
320253347
193510412
129542317
835083490
226302409
789095407
293276904
289118844
562664876
958116198
765863322
997024432
963013999
364337810
317523205
398553545
384996777
811019855
730040054
634215153
785645210
735722589
935732628
325715079
964889619
778461178
856973778
950343099
496699561
964036252
660480171
121278883
106388128
884578558
967661753
801797565
823382848
255355089
639051319
454162611
960920444
505611768
596798361
640351474
146537013
116129742
527923703
843997428
705648341
513532992
221738460
438065673
694465155
450265849
377890841
998756462
493359378
278030356
722984851
107654307
183334390
426502256
570469960
842047268
958945005
437833098
733612526
144381215
134844794
253404661
223251616
460900903
679500228
419487333
177497697
770373579
988897172
154022444
291542858
802954910
290188441
727668981
989584995
775269528
223889606
605809408
447691771
729767863
351439991
262564796
681608271
401886046
601849933
896794636
528495915
140753072
600774778
277210999
373418894
380969287
211569794
892328535
765023572
685498110
104425420
922414259
435578050
739467653
923821448
805793631
748465932
891980517
951567260
860640789
132782450
612880614
415685548
534652934
517042180
464590869
436037823
688220028
158442140
980156291
739011069
592296421
318745791
915086604
254080880
495813479
718805617
635121309
517304552
199182973
959503555
567157671
669550251
550938616
667065885
681811447
378790372
605100727
129909543
510723348
338013951
597635368
838552335
928187913
612355869
101539523
303803991
783919825
919502161
212670155
481984127
782000592
608596343
705569262
705176165
957480467
325543822
743845554
974406093
442272144
996649863
496169663
700003654
212815848
640173413
263460620
879984854
588801198
292187642
242581359
370482153
993997383
115279390
671559395
697913716
169684840
438615983
937178759
412058981
220053121
195753624
919372299
913180777
135983874
187662572
375708490
529026486
795753763
643634817
386145759
586757607
638989369
156437643
990852928
847323195
295293408
753069295
155753626
586532889
180775877
349456718
881169483
746050045
638480860
121300050
865000469
988671437
987498171
421204011
571386568
222630674
885970634
987088087
260977789
639126930
644756044
850593314
382040226
367456641
840080737
470741739
249381772
487510628
507456814
369336619
299898090
663099595
627916245
582039715
496687550
714111144
889428198
148769471
177398199
910583166
587404229
432353199
514144744
762787300
936109059
411081465
560601601
921635021
401554691
211364262
339019917
878162085
981515951
389154520
374140980
851553347
420370546
850853369
986666763
856864065
594701761
664367965
605196985
981323367
302155451
886343152
766355512
912720284
607120891
680537024
316057653
278870188
556372125
695668903
922291999
496548052
576634751
716064110
146850333
884300643
497751133
730447543
422339799
695330823
513694686
843363584
107063565
834695210
614181556
532346443
445596433
553707977
547801967
134152552
288466783
330596916
125054565
357485735
424482606
949024110
580368127
863230527
649242225
367369345
115377897
193617445
851202869
992569335
739223731
453321056
161524458
180500478
589595355
429058490
948988123
550515389
330181742
852320979
760242241
805763928
557761000
307106814
659866833
625800952
710602769
677388179
154495335
543671588
961907504
526328911
471363256
271167475
911910493
894813869
512620693
673855676
417585768
420437589
906366222
725876711
571506435
889468668
484411672
775757409
107887506
501637380
751838454
150776928
740092340
786480703
421198975
823764090
740219542
223310260
200629360
376647980
785525103
812714053
126104971
486406154
659125014
911010020
328044523
373083596
220653617
259199286
769274637
138894380
348422503
869092236
324646947
267724082
903828733
431292966
146861540
880777301
656245538
900345540
451955053
151407409
926692356
711054952
560860097
104595163
456580810
955530834
498991616
304453431
829152348
278382745
828625132
662166517
333859385
519215104
497871853
290911503
587202633
228972529
369166039
540283603
601688471
285811062
465996044
425861144
808732432
632562487
576431911
563862122
111834493
107489232
535075401
598098113
339142266
343215812
776013829
772248066
700898090
596149541
534699776
966124007
142331501
210203610
919811957
915645995
461502891
128509595
795658621
136619906
905628010
641795901
458142381
723130455
725209864
645563494
251960605
320504686
299913272
829563097
161658131
128541675
184294419
442177790
292789357
761992939
546388323
547044416
988543546
322668352
408752852
437243804
673046825
897944013
123940125
452129872
817685395
421751503
422108886
772937601
180062423
142795478
693407649
595547153
361827900
840134346
937596846
160107756
796767695
889473363
952622164
891029149
954809875
578309698
796332264
163717704
933331832
444163853
668698010
917191248
443991468
950189739
456372177
856679185
798984891
231519349
895640982
953589025
654541901
427100888
799223084
817446414
329497673
469507287
341001493
107529742
878286548
809099678
918125659
140211473
230265983
269649537
318460556
121409485
828619964
107437793
984147903
323539180
439673512
450561826
759094882
104443527
410318484
317162480
292238135
750311665
541570882
400970364
335224429
720728547
748560594
354953772
587383033
183341925
333023003
303403050
202647784
790693226
605906196
327175798
965700191
499901042
995502733
581909069
388751265
110847587
540163321
750981557
525095628
210681492
896232694
716252329
895282285
928838331
966757786
702739032
195120360
664551619
917838570
811689854
964048191
479712146
437856830
563082959
263440769
401833345
211328336
502168808
815476312
510537276
127338459
343625771
546746788
350309065
685504997
197619670
496904592
120330832
202955044
654782299
324153897
402505063
107133042
996188049
602869153
473816071
262699035
961241328
499643345
641137991
495312912
197846610
393604522
679519402
716565554
520011882
583310488
908286032
630973153
806096238
487662976
931959945
655028944
759198308
228016405
195196069
305971474
722721954
728260912
720971857
569250841
871852452
896930782
396175820
276392137
372528660
172271779
518987976
874470387
194566298
618372659
554411929
862727150
466167085
171923143
921210988
242618341
300342739
466099305
593739444
591337371
769324170
462968002
478524819
183419902
870535277
818704998
640175838
625454880
609746030
649284737
826712236
473087136
434725273
724774420
166568246
501717605
949234091
228490121
158532118
418402422
577326819
202170349
869269477
861473151
995675877
249420816
991825266
259973078
703230562
628664431
117716756
245859006
396032919
149327436
556771401
705682286
506952116
612359224
132269452
889725285
578763798
535596882
501071503
116514038
668946796
561155460
821406072
345223400
308315799
218314188
507612716
857056908
535488866
490723074
391554059
591397350
213901809
277368268
343895134
830954937
190450298
177338608
355282630
348378331
728059944
876543503
700301218
330147360
187326736
962193659
408945500
394043295
101552448
209582761
232139340
200935925
552111475
892071960
250412177
548913229
816483071
482409171
680156363
507252217
536890749
668962976
336588050
662183877
924111719
519984686
810315796
673568237
551406770
180755285
601588857
846281581
462694167
835511362
336719624
804354901
663312271
792580548
882744876
222671776
920766045
387018279
545841731
271516745
890725392
427926441
435348910
820691615
507146140
632052730
593705233
922223891
273384746
531980445
850004870
830735355
885819299
711542047
887397572
255787786
265485843
808532324
452921090
403945026
866097282
364805751
115286804
793510423
868385273
451173243
441944648
509357673
141365413
228570919
267456670
952912163
864447617
217566193
827998772
619827942
921832863
239791965
713555821
625186346
782765016
556108226
372092863
308725055
532011320
236905607
374871220
952802639
720843002
837852678
732728201
212968169
531002729
523549992
305637306
843766075
505893860
518303559
309678804
692429596
191102480
448617351
914043195
958186210
927343745
479901065
467468783
695877928
413165658
304720257
185405586
724008138
272113358
915582324
197881758
486523725
769509572
874549467
570162754
604506191
944636646
794280449
687601937
512793612
608062523
861473643
882941425
678371087
576667007
928700217
122406227
441659064
781261688
963113167
948958444
881298579
701406367
920932238
425153682
238427417
320674185
761962478
215444729
841269745
828065505
150045842
208851963
195806146
936010473
239294631
578833049
113446512
213664869
464545681
223674227
183791278
840324750
637898583
995956831
162614988
446019051
567524918
206088444
682943523
732737999
789274217
320801450
377045388
464428217
684747024
171464581
762817736
789299290
356675189
172810524
955139385
213333143
514589672
436446527
383568104
988863622
653509667
287670851
174826079
470654337
147935104
512941219
491148839
252639821
320367414
533207046
720343195
350865220
565775346
785904150
724301967
829263729
655661881
549076158
905797394
348819208
107096229
868450467
309689914
504154030
176393222
568828010
659572601
290951236
861578545
979886163
976640556
882213304
259698319
910236524
444013995
977037069
369955804
902301173
338574111
643137123
639453550
427704503
908317346
227978629
838844330
886775674
290237228
335009549
382897726
534387069
262812106
539802913
283931015
971523397
977710969
450709116
667530418
953133147
487314600
633145917
276118479
438434854
392717262
647216051
937341460
335844608
292363366
425727913
373015065
217050866
589268346
630943105
687256029
552950599
394626029
651470307
352535425
305073387
418042490
189973503
183285153
830995979
154724347
669981802
778863334
417943658
229332917
820524678
368792623
289990378
988462981
574221942
171167966
573202221
331603777
592827058
587229785
238675639
843344944
385976131
672273990
864334884
533507124
381883910
498484104
956596958
212575082
870546426
474449943
130276823
346959196
756009758
178888050
726051914
148599667
910569259
580124460
609156979
669199375
405763313
262630931
903683175
847032192
411520737
838597054
120961541
335241724
902598776
988776155
694747526
833715585
191539744
835449874
973608654
927001445
238169721
509066972
321973643
970142584
882880028
762092890
869770606
666690069
409456251
279074168
903654870
791118914
206713067
515051548
616594088
212362920
225611148
265842396
922564937
891672350
883531562
769659242
915157833
796244766
783713256
224490148
991298207
497891018
818511547
416449763
954425852
336211168
899357373
809675139
776190117
586776451
145357566
582661452
255523361
768519927
946544771
894450742
837677864
868334718
807675997
945761705
612746725
716630196
783987737
605138128
641114052
827597049
956414799
876694556
839619133
854612519
929339937
661191902
775681177
582916123
603927957
960923168
753452106
704712536
639275369
215359579
560192727
265852652
395619929
120744877
777781620
209146651
212472808
277096738
807277461
669086586
688391372
530859997
291118004
351319452
536162689
381715406
875115048
914363382
275517290
475446109
485282434
360952797
803134603
169504727
299788207
602686733
321153376
790514105
657049662
756237315
889647314
234332210
796271005
360075039
462285789
565586719
852328490
147322048
171621126
332363251
810782240
545150545
222765032
179626095
483613186
411087371
398430737
162920898
658171906
730882800
694711598
467087241
358646273
850898105
632404505
555083666
402675544
958028464
552124103
755899025
802843739
759164681
333078970
837220686
943258114
658710697
164241349
910203276
426958310
926227805
285377568
459750017
364075494
695981579
292444619
984464646
833302581
239658296
903964456
322124329
933873155
891868366
870849153
622869049
189624941
991336951
285246438
183930581
418032097
833123146
262862821
202245308
606187367
924092637
119026102
703006144
857312769
953243677
412130957
709420673
826157731
868827599
484717803
959426183
794015050
812562744
112193047
185705613
483003627
317323120
729974830
781162455
576781382
604320838
489666184
694375626
708429244
709093493
547267306
629957705
988275621
763737260
603746552
575044553
112008566
815534544
152340468
768658603
453901612
573891426
203969884
304063589
435970151
581313876
920283949
499087847
810781119
553739102
449376792
475908405
198372177
316573622
588925195
956198649
440183774
938340187
311955253
134305213
372372179
263342361
998881179
584353033
344553383
622514475
962517011
615326368
668075389
102354496
757466512
710655942
211957393
172982737
759605510
843417595
157099531
697949845
841780990
663620412
856382916
929444754
747662625
318708975
295026204
591671690
653229124
435183321
812764584
407509584
478377626
521128861
483524278
762816708
489966703
405977619
435025531
681757026
914422624
870517043
689335745
524594349
750898923
855833136
286961951
108180186
409755571
505075343
904149777
607071203
614368415
347788578
798738437
290734891
354302195
226769310
982769783
964463513
330563297
895136458
519216343
458887543
347955051
448903020
565544337
762504764
164127789
320910064
286127557
832497700
634624341
173991748
502673746
589757283
750198935
969552653
600670728
347526342
543108228
430062784
620738055
635848052
796924100
222843971
595513826
674504795
692279587
349185195
717405244
389363811
761201574
206051315
464948303
240648748
809341625
140459903
315210888
426385421
112193591
680571730
300114156
204869138
594261384
319781827
988731679
391582963
259336504
628917207
566016204
836779894
724533520
405406119
581529415
295617744
323339962
184404030
661710234
669730694
786364966
306365136
448060648
188952467
618154088
743645700
171772405
924926371
286926414
345798542
449610573
958781650
216857639
724052406
875869222
874384376
852773984
895476605
983249442
842347725
486103292
288717545
740398366
976128001
314797288
641281849
275120392
334361916
390533902
884187807
553098054
125359186
712085926
312836392
226534993
554914403
906121952
725692688
522701861
492643899
359124349
104116775
842189233
514817118
584073579
949530205
502433776
816774983
625612361
223653165
857336389
409301593
534463135
160789829
349425829
684646042
995836429
296403325
720366504
806426828
486778017
757075727
160859529
452492074
167090746
156550966
465866457
359897466
853139009
262704210
859107776
498721064
295944719
180915728
643535024
640759178
785503526
945795047
891380503
845264998
370500449
575631434
153611663
632877678
660414913
945108986
194492820
437465121
294003729
864345669
519947044
742751390
531390900
420836627
213175668
924655116
465694041
559828235
961235595
249885935
804833502
847351186
412949790
180586917
743183251
925823529
919768189
892625821
408882336
661840935
973977058
910148848
230089285
470175439
163972065
633636971
367153031
636207639
746370104
645151197
851932420
494384558
811874400
246135436
718621882
834777196
513647557
177485038
887859927
207696970
906753592
498777189
916376220
865909708
842606499
261255430
255440983
377553365
991481482
385471091
963897465
922674155
299178104
418014547
191493636
318810881
870319518
582994393
117872097
551793685
120545887
404789912
188425347
633442614
258356196
933123177
771683175
289952940
471829285
404338550
688403296
125341938
868003001
448622007
552624927
806592875
426855294
633812082
322293299
273081643
631129263
579423579
900935437
425408197
448934856
664821334
655323329
209589379
453940306
388874591
243303470
841323511
678786588
376111362
616181941
563655712
643555228
441931731
279155854
140817089
818099409
496415544
102311056
223295968
154799587
892368650
952347253
284706969
274270923
725644606
941602606
646143365
170124969
266864943
450995877
280069525
932484816
404419802
154533742
890825158
310743600
444060926
224289984
200107452
972464354
958800832
793001604
216212877
231973285
256126254
331410995
150721681
430164125
234980306
413156110
548361063
400951281
110052545
851010817
149795528
755268501
550581534
134057832
542421565
233401559
975376024
469583627
798261193
879074855
702519675
615560646
819798118
505344601
118796871
788065799
471575292
997134458
184586834
266021392
660845648
466922111
552760579
155525074
113815114
464609928
653692846
899577091
749639843
191948575
421603309
436500861
671457816
198103959
188032537
225775619
506867550
809173915
733240916
393521321
323198921
206566705
395982385
111410614
457884722
374746178
340551659
481715958
310252366
763057022
979122571
401074049
422160537
691942125
911312219
267583779
942972218
938796155
716252213
748345890
162392165
709549214
920162738
584062259
566098965
743611781
239356802
925542668
663209013
447467795
962993527
441535735
262800438
304816019
233652084
882657830
159677324
974438809
670539594
194571338
504888793
612459841
763514995
571887513
986369280
136251013
780910891
669101012
266499382
429503135
439138579
514066435
585933534
737361266
585546540
446663529
179501947
792268917
632059085
562744455
622297704
287669765
602328917
195783431
515117376
597222599
170829395
569510020
784282593
375781916
140429970
370190434
580821418
926009608
162202501
900543222
941495737
698775736
683860458
161664827
862864262
224389881
408584838
760988330
504855047
990132039
383801193
188509410
393298685
719885085
629074210
910019131
695658941
480133342
504689873
496203976
216732418
388410951
906884599
909403971
500070081
618090413
631926724
232566812
532200078
148250044
558470579
712415410
288929640
421143523
143384829
102267128
442947815
110102097
892045276
201148988
911523782
807563417
384424128
924780700
565185890
607233760
587081229
182234868
409474976
198269870
760380201
411622484
163434747
606237838
836230781
423185512
242080219
592049580
235149214
432614686
747811356
720024086
910170475
997148470
714324153
593424959
973176289
526132166
606915646
135930982
447119386
802153283
327088700
589480774
917592081
880674506
413121076
147892052
481737988
403999881
273598186
982967262
593231520
684237717
811249888
420296890
828799268
389216511
767452047
993910887
481466825
264623410
167879162
929171320
913990439
107430067
481041729
415848542
661335466
531303982
923664012
172307595
149730883
210781442
320972176
868012879
822902730
223337343
196951197
961447898
588681192
956065634
274431072
641064525
194047393
373467559
605904247
860394444
922406578
187586889
374390082
147162448
920019337
484031509
863037167
803425425
781399934
235832544
410122117
698873855
462582330
285899883
661480153
833036081
788609283
712661597
971066041
413833766
123564557
688369772
374937344
550953575
852138294
328773409
970917120
807177537
922042317
596551718
457732586
898661978
969509059
243643954
862901350
134105338
203422480
368109984
995361922
315880054
785479406
322168683
563011843
489285505
277686901
129621163
714930263
303003080
502846292
235302814
464938442
249155430
661472406
221095534
338426177
638176410
263161248
947125676
164943829
528489292
347743494
204127585
686302773
352784880
528980258
503521507
203335136
559344974
784828154
762167273
356957139
799801303
451416600
533801553
185275874
133345774
408775470
906672210
107150995
284597575
969959742
902237769
579796924
992827741
626425653
725978979
394012001
601412039
160930729
408448207
416461923
472923066
740382802
436851585
799478961
883186038
897243795
755416055
983670349
502154925
558238357
907432530
598784026
812915262
672412239
955063436
962852439
122152218
816069541
248252425
284154211
106804727
167376459
708202836
337766356
896569371
451603579
552179098
944280877
239079710
643419819
969278643
532874158
511975297
611828827
820433873
542563064
654898305
759565551
656044031
188101793
431739414
670592829
752065313
799140109
724539837
918144598
936602210
498870776
738346032
197468275
683451197
225247214
982871951
403971693
977415497
301562987
787427588
117289978
561859769
371371020
946978053
378422896
858231440
927032296
346259526
141311384
194563658
182309336
415441994
790128869
552482028
553824987
835956021
826738579
713582496
523808740
713786822
109653139
747743274
729118049
400578151
735111465
395395623
214803866
541059414
326626863
421691182
512561517
353136057
296825302
278462655
957087116
406895987
477526971
580267846
419029379
745035331
760192503
257425138
961896068
101589563
653824202
632048660
268296803
302571817
547279442
930846565
916011854
728011788
668009061
459017380
740340717
788600979
507080618
647169593
609199626
255879559
133169814
111614497
559511862
180441212
563494003
222054256
720554960
805310737
359233339
719892857
778965364
213232269
172424929
217337123
489505737
101515566
384631989
112758332
979705687
754732980
324171601
578042954
621437443
767693515
475384786
120531654
777325239
549712797
194838294
313518902
755211602
397571345
194715731
667440458
285840311
502204248
304229236
506262282
863710580
733857880
108037044
730653299
826556499
213646172
223559901
662223112
222465982
951928496
949829632
704048766
424961301
772610155
215776703
121997773
991066754
475888949
314295556
845180353
469306919
643441115
989358515
538764095
287227156
497443891
771094639
246304740
687270088
435905203
165979746
596611256
703630919
400788807
619563189
347404880
948094944
884504519
527755377
986775296
262193462
367208280
789589933
343194678
739387782
210980395
266247536
787658165
443788916
567135735
104746461
154702624
255963946
865993547
913843758
149509417
850474066
384761842
158623380
716168941
511143888
916213188
863909265
155238540
592632386
391456434
698670364
700215680
734496412
271040697
456466333
169665192
872563953
366129388
409832911
723945752
959336993
196991137
672862595
697927162
795118904
656367719
302557486
766086197
201082201
664575705
896856579
431235508
490829341
305539099
122480516
534234795
494659254
387235798
257614545
564792954
994629845
909942954
863104844
584885071
342227572
619269859
921219473
527081142
459968366
576869080
997314665
710316264
917049756
187825797
470006016
434290376
989085191
536342229
665305610
142321943
219955387
655392781
132546418
855753861
777813039
670318025
299374779
943364058
189003575
282927308
134675067
647451536
479742588
762965624
169002843
964716711
573644207
238819940
706754187
938370118
785094084
793675120
561710970
187512251
916170174
480083173
176265009
470522528
870530134
841904350
760557345
781906080
233750577
318965552
461477484
889873735
407798806
319176403
169580690
992711080
423024310
863264446
896325847
739239619
448555737
440512608
523782710
342799209
847925468
377821427
887497838
554120901
304891195
978199274
967553323
493304890
554516308
472739603
279959905
131787609
557643360
401913904
553190966
843181456
480293617
145571013
967399176
544135110
805923413
690872654
737900647
528465236
308975553
459587515
328713648
852075515
886585989
899136592
378023114
835675613
368854947
602605162
825361629
574411767
558153072
879431598
143161738
858422178
646694609
810634845
836134616
745433031
907695185
651730234
349375021
802188022
427053458
414522927
271702887
714788191
430474000
518026953
796641773
730129211
831384394
870584500
461934068
253413438
785584797
839980321
641513477
658479817
659041342
113190999
119050642
636098671
971185054
193701244
313741559
482598544
213399499
431376970
266458283
736480053
392610550
662776083
905977604
842474203
835494165
525675014
632667405
309427317
888389913
267494656
459347175
875190163
804920282
702650399
427237071
283103596
512208929
922510756
350837646
282006881
284316465
123393598
821082871
792225505
685723550
327720973
793920623
238502564
729697983
613010914
759149220
582584618
467831139
572095990
812585513
381043805
367950207
292948090
556460506
927284208
786353830
171889370
147306116
432275168
125999572
434124147
403710434
203292519
322125434
105646270
502938558
964793377
851738333
709789592
445043363
819188895
970959364
979707163
911414376
700564514
410450574
147662883
190873255
432186669
307122623
891528863
233443323
779934553
530330900
595099390
672329280
579447997
785026289
446918970
564835409
883900746
358480338
663295312
414547216
170104645
113742790
993198101
553501146
186396688
274993948
877033353
289146762
329633995
715583009
432873829
469037130
378121553
514703486
335002203
900160407
980932857
859220377
360790911
663209609
683948104
159950447
915522789
722455270
422518599
722064613
411714449
349544292
177192966
472867796
242106325
597317577
228346889
918204553
280762353
294576285
353579832
464836351
924951509
484686308
892678479
611892589
526411099
305640552
710114541
194486333
121908640
788504106
301240066
434768022
590863938
959504108
392048026
553375219
575875428
136151234
686698830
607364299
710443744
170256914
775468884
215378284
496436728
868832719
624637376
183477848
581805475
390142770
225663514
785934619
442238991
845428025
180295167
266142832
938740577
992290870
579033090
684256085
840795244
336035188
275233661
988297076
438362359
572007785
372671225
842246930
294008823
717871907
998561469
971777804
371886401
139348349
164415964
401300119
274016490
918814579
981495622
471662843
480232788
436298329
204488784
713987181
961040697
497536260
611976538
580367556
732882117
566709293
627205680
486290158
110084053
878241262
937654292
873478728
491357169
420469646
498826978
730064533
166768241
934949663
627764871
904962761
836485573
962890016
298993258
269090311
598821190
314581603
897418226
253957640
815202237
437418970
227063246
215587980
272049261
743020095
603723898
211326326
864424480
887406466
283639225
436809142
624609487
124724273
487576694
385971564
996516303
903846613
449247166
991477525
162322377
447621124
628875934
187842870
279379075
219884849
102961533
297463127
404831792
174213349
125094752
956409246
390450332
563649527
756871943
421044464
120947000
447165130
683232643
793489848
339114069
209642069
143821632
549120488
135212550
263007312
582779293
804459189
833770041
800335058
905140924
191768918
126008989
644782247
144350802
337873425
351578952
714525735
185652154
222160115
420645469
550126199
125360756
798420214
679633397
381896790
520686603
606431350
909260442
496293232
136692676
582550113
266765085
255458498
201134906
311781429
571207295
775473893
120107197
244109749
242533229
395937350
434726353
106805029
757098793
259033717
604502118
878017840
632889051
344240784
801584455
434791863
281303926
715095494
181882830
310582658
647073298
988567680
792962323
443641645
308246884
388057087
449408451
169817068
666253829
308226352
189890786
296607716
169251047
393621032
151849502
538340471
294178014
731411299
603361005
458399288
450008845
489874894
246841969
958694148
679274327
401928467
824624902
445073107
894891416
808946567
661289907
870505278
783501770
252104410
172810083
952680966
290792920
617366206
743101998
739800097
754966252
562463836
414581802
512923634
203921986
125456751
723235407
160186560
412126695
525782778
842184350
634789168
215674531
423753076
591179239
N: 95244066
