P: 278882817
823067
759686
411386
951267
695591
597486
221995
258712
603577
104334
808278
622904
509137
850204
602303
556019
761408
716619
420259
366746
434352
472842
268026
429461
314422
206142
708981
452088
179772
231598
330166
839198
436215
109290
454491
301200
838662
850034
894731
127913
354507
390845
466293
211314
143464
953411
473130
835737
719232
370274
254476
266877
791770
437154
777102
246717
606243
395924
225642
778857
450352
704983
126830
705474
914443
986159
524756
867453
612348
741688
959938
473875
685070
469109
758114
807375
964745
848399
875636
494554
306112
161935
522253
894242
217839
890348
489804
132113
238176
522175
865183
346504
174997
783527
204942
715963
259465
927281
899841
488756
879940
779175
259595
906615
917352
625438
417294
819773
354786
805419
745506
531580
519998
578659
111769
151456
583683
187695
558582
541803
980012
263997
868784
629469
528113
655816
288670
646200
138089
773211
758925
581398
133251
195942
418964
290133
146500
343068
428701
463358
762195
878747
860768
411739
746002
302485
473776
904645
773990
533547
311312
882685
125244
939407
988179
505811
411112
594296
692049
555453
509985
743920
293184
155375
699728
320994
756585
347526
324809
769337
545637
585226
139306
890733
229184
148195
373031
562738
281406
772020
857230
515407
178059
806080
438131
392356
846785
532791
894748
272290
265013
667979
897260
185410
512841
873519
556693
994846
745471
701384
520807
621660
891375
488213
387165
342260
842375
818676
638549
138296
885292
846374
161265
245767
298616
985281
953586
521407
513937
323716
853516
197769
775492
832085
904966
894078
874684
346305
379329
368570
788981
841383
659749
970042
342059
864333
598200
101458
545878
595447
426624
115099
605501
520139
213464
999371
958873
118902
925477
219036
706291
360032
692018
965254
322125
572028
762401
988303
N: 11133326
