P: 582755905
5620906
8578330
8924174
4174851
6158694
4003477
2739204
7851986
8377509
7752670
1387134
9418112
6954858
6211799
2073721
2835572
3398947
9847369
1116506
6962259
4267492
6124175
7636257
4478336
4820642
5015369
3282878
9744218
2907845
3724963
6118116
5074423
5547480
7849056
7050344
6726180
5274855
1064881
9058278
9317863
6713004
9551028
6179934
9848052
3408563
5973747
2012969
4008414
5797457
6750306
1845529
7017602
5779222
6647413
6980766
7413848
2930736
8214314
1573920
1776141
8671087
7911392
9424475
8443051
9961774
6271981
1097326
2009252
5971475
2175601
8632832
6506924
3323917
1926654
6593115
1674178
3425525
3526386
3324182
1613146
2637040
2735944
8510099
9180734
4436643
5584069
3737174
2471028
6523495
5678311
3140787
8367042
5318077
7089771
5376422
5255023
5961971
7606773
3033710
9720800
9643406
5406740
7444665
5887462
3572701
5162421
6170084
8077633
8888797
1100279
8579311
1968489
9052279
5199493
3496974
5349038
4071610
8722232
3239884
1967612
8064714
9568337
8567489
7511556
5621979
5601777
1605815
2386030
5825469
4144527
3464869
4711430
8801217
5522821
8723189
2340445
2360798
8727055
3693136
8128126
4175167
2468141
1584274
6698282
2362492
3714936
3473891
2512215
7558888
4881884
5757545
7144217
6562664
2944863
6797724
8265176
7900043
4069549
9042347
5514507
3812364
6133771
9020493
6530939
4282335
1883904
8806350
1886057
5741625
1102409
2268631
1180454
2995400
4000370
6361279
7096561
1140953
7788348
7144880
4093617
8279875
4844852
3308568
6928321
8348920
6160922
2640430
3448766
2115422
8301671
3321434
7080918
1739106
7894991
5375984
6016237
4859980
5122503
6945727
6587770
5299039
9918162
1494401
7341000
4217496
2967461
6407633
9352212
5412579
7938150
5529378
6297439
7231004
8074405
3450524
6088028
9383868
8707518
1513494
8299151
3675606
2177158
4401667
1415975
8389028
1221687
3500773
4728332
7459156
8441800
1237537
1211968
8333927
7524307
4035126
6150268
1527989
2193732
1782479
2818521
2705271
9918357
6601577
4528903
2195728
4501895
4459252
8066735
8283791
8941470
1052601
5731517
1535382
1772385
6502002
8807667
8282572
8255532
8187231
1598671
9933524
6491303
3729414
2204653
3294946
7437916
6860658
5479525
7421253
7144415
8699227
9883734
8405244
1572089
5500991
7118680
1536396
4118107
8265032
3013242
2422976
9894020
4412235
3069298
3747568
6505836
9900586
4074341
5202242
4995613
1585009
3804286
2217058
4149651
7231675
9146850
5028935
6980405
8207112
4141295
3693652
7133563
2534589
8492175
5529911
3778695
9551210
1360210
8200297
5358701
2630737
6943997
4639172
3164969
3036445
2552596
6168432
5019560
5226336
5948663
2247242
4551604
5870112
4233276
5471596
6052770
7588335
4376462
2574288
5514226
2044313
6403627
7627582
5817948
5771943
7898295
4689984
3559663
1536697
4656147
3928638
7725209
2081943
3856278
9912349
7106938
2005565
6233567
2058912
4213989
1866687
4909820
9669505
4638451
5790857
6174110
2513421
5109268
6779993
2361682
7126983
8894819
2792641
1555681
4109953
2820190
7612915
2228509
1698089
8474882
8643928
2285505
5349421
3169447
3556883
N: 96651153
