P: 110437600
591060316
122089269
219069077
504818476
298762745
157493680
415508781
305534797
370684282
560659041
390025154
181165368
554847547
940669920
787147427
528370729
281620550
304185076
214988646
240799651
523935957
329878757
964553242
722616196
861198815
643458628
144146710
278278741
733230841
376696621
587373389
520994372
763072135
398830187
764063290
217178126
334425786
340386220
602612571
824241401
220289516
947766317
644819768
803769832
865796260
212047287
930718545
360268583
360585380
462859686
359826345
243072524
677612860
397309100
704008206
526345407
847167984
508655471
733039032
265156978
684744837
646959818
644574145
736330799
331579695
689310523
641439335
918157866
508918613
521452199
221739520
477569156
473914340
819793010
999929524
238009380
850353196
272669864
203375962
699372294
641172732
218936061
283200486
678120861
332566800
544276898
547556867
708200595
325452649
889849528
467606953
630648038
669656102
329839927
601522692
741008639
211249737
752231469
133750450
187570786
488202079
467091543
578062907
635369799
466644215
418621297
581201164
834224258
816965545
841198140
181371850
469816399
293582815
141881217
994265975
919472204
745418315
708323997
304911819
959241122
392889018
785359750
262681961
440868237
815539096
594539970
267248546
820652046
357921575
956724092
662729030
541744617
898001780
857647397
343160884
793088067
482294028
410153286
913373138
867668598
288746260
536980934
727637067
174518832
937187903
806764167
418157995
477485622
316342793
251279033
612309475
483746069
504696731
328254151
150401052
780870542
108950641
914956372
203194851
351614930
245752245
421439262
977264539
352716695
349381884
911444466
771013221
447104676
124903239
221738202
967640209
372154728
600885845
504689555
678622955
209403842
447750667
950105720
305698887
226627067
138241429
337196265
786226851
367858676
121251254
773413497
901675670
727348087
705549257
588578096
787508471
947145900
685360868
689014924
290140336
928126225
364752431
358957338
900597999
851802050
932105920
248764221
961126520
348541433
189646901
782002224
109244832
203124222
342391857
732569725
792762985
665345728
404077061
295086248
723837931
560416408
805694613
411051178
335667965
660997141
489860970
866296613
288411246
175083932
287645843
624780975
563971559
399687281
745685878
499590867
270742836
453367038
318367129
456222220
459326036
541577820
578657107
160968742
394125377
379602337
881150714
890960762
407894361
263237534
755028958
670872200
205501935
475950125
514123897
691220554
843126845
418713116
137494027
737156413
815606645
597728787
446681965
984155395
487944326
148987805
595167472
842689154
550163037
701228073
625358171
475456395
665452887
572811076
345342256
115406975
547705673
372269367
217882154
278291919
172282564
619153828
658932619
255288569
590167584
131882736
180766906
639785841
463346717
510759268
274505748
563671915
603619689
168053990
536088031
399223253
284710642
295082937
491882301
706408668
312798213
430617682
842332288
108317967
563191152
684327904
875153420
594829492
635580146
692334917
476534994
238105256
796306891
635726123
470867525
855596150
439006461
505421040
820849202
704868355
506633188
548391419
689989784
136939824
124095470
984584559
697637735
945669243
220859475
361793832
516853874
435426208
406080596
955234114
992126932
259719945
634759282
791213177
184539469
380943002
538241473
765702569
672580067
803900013
806898025
764746139
404884145
816058054
881102698
348527939
666323529
833049314
178049566
132447601
880553512
910652356
545132786
268394850
707298037
327460537
590224300
268155483
461888621
808395145
940793839
582714866
927221291
269573105
238283968
607989403
873140301
337898581
731094443
663886520
980339177
728572936
980342252
633641653
621773443
847718253
281321308
322331034
375818533
373621235
584463561
567782426
429959174
228544642
307950409
604448600
322494940
580960171
544474477
503834588
875325033
110771267
598641702
916195202
620366810
929724456
601522877
543351919
486200098
861745209
952629297
460503403
919099151
726913067
549904945
567621709
549189680
892946406
138459619
584282940
434662163
777436843
519899270
511256782
622493018
758273836
752374523
504394139
238527156
558596496
178396869
516405407
218468041
106767169
526491075
373511370
114632742
305607919
953400310
278637631
505992377
686147936
778008630
499609926
236176776
768414189
171028439
709194586
146904686
350516173
459804081
849640816
318679029
255352246
307389777
199963431
768703022
703652559
112956183
997280024
592440085
212569474
909266953
694795172
845298419
743626374
568233578
855541622
518123817
902994958
747791615
166905540
502492906
825980859
501053143
373195427
732024595
573274970
812429247
773706969
322409465
963335025
405288676
307423170
309185037
399645332
714954745
796470796
962469663
793273055
397614500
617094826
212518827
320121344
180838567
392328513
246055109
386367585
184704716
302900724
109758631
172416280
980353021
391865900
101137194
897409319
986040321
433427596
638576228
702108789
871279326
382715144
850754963
784816708
159920308
955506545
642731417
549633198
784729510
672540195
204076276
578119314
377934765
976216798
644536104
396294071
292256603
320263029
143735981
352423462
518603586
903739860
367902360
785411809
263789098
168191947
785254235
644196436
810322826
206915367
786553359
228816186
955753019
918966224
913684560
200685786
569013297
106781998
930135372
287850932
129748935
653478666
919923650
311920865
243631212
451503297
999115062
269569839
955541373
429166080
726885830
439926672
683834796
445788655
379367929
513827213
746045042
529081223
836828246
587783584
138427571
843064476
103385139
913676015
123532785
581626014
747562286
288677417
633430395
173004830
236642721
278825411
385079628
748979551
982661617
857595232
910060000
850692065
861347313
794961471
976791750
610767241
952584957
533407294
283928349
993691889
810863641
903877410
899458805
922373588
503712883
491914054
918846406
625973970
586903009
554339118
998734606
908139098
445419600
970494705
208352328
995423872
160474619
605461151
939651807
888811734
221354428
381659431
666311981
431666595
256079114
499107691
702175001
560884072
193166445
509470949
511292944
779383112
982223496
260025626
905488750
607716415
296837047
559370536
987258690
989740056
261635728
333238977
849499325
164080918
258783918
691786212
754649199
277531753
973584606
795615948
332676661
365228434
433933690
141862980
387039366
556000365
126679871
329982987
427036734
342967304
561004327
557805448
995382860
559290319
109094344
430989498
916060625
177263397
149916529
521992470
347797736
188170914
548383053
157136635
926898647
109776183
162432361
456701629
230619598
832719005
618144008
112468372
393113435
183085598
400070934
217061580
640349103
261430284
400607681
690153828
373686539
553950903
979855937
435484816
616068075
860486644
264988490
979905317
608747413
707756793
715934289
205047219
808370293
292537231
878849976
811760793
478551999
889839694
935616618
403518979
660927373
941981747
435269628
584581646
462101108
241249766
820062454
602342908
107079228
959539088
918503040
637876071
244732791
724118214
244724959
607961189
594962707
707763159
344290627
329588482
600702503
967651732
324772837
697324262
873931893
849911908
304505961
966850745
621880119
323952336
557701178
219813664
655591906
207254527
632307785
863831092
432202532
390499484
586141853
849987218
607691593
148860567
524250811
213803528
273422372
853155397
798322097
677878071
330279633
403510256
992755258
840666106
768686799
537798819
151351596
970075357
481532549
781642652
612523647
228561804
186256450
911941444
587286665
739525293
386016507
203563967
679562902
503928282
755753638
198146572
400851312
271243623
843370615
846694629
140479576
338368741
774524445
676927468
103661685
765089136
203444487
590608675
143813525
699142163
741786874
379828134
583622807
899590179
390364023
618935294
757770458
928031609
915252130
483182982
167780538
108498395
546669603
639727122
801944776
192531720
670088540
998741194
249591812
537201808
373355097
852703003
102503078
153507905
286192084
151768824
149163869
633251228
720352908
215879113
928848724
552362906
459387095
110906265
621987027
419723371
372978008
702856015
926788409
948897024
977748317
296088971
465432023
278150303
217769271
997331715
767331973
880075388
886386613
404378506
984484030
991301110
964629520
846851984
145562609
640422444
854015206
173668162
954077056
450898163
648793605
642871126
729189804
366346110
827061006
993400489
715200552
173296527
181955462
796305673
643243196
248368540
506305309
984755330
410820633
580268745
729926431
663067863
105480829
596801851
782783770
467683707
376877014
438854325
694098793
645630263
945284661
442564388
148003631
242867336
510492636
326742994
808207767
319940894
206370146
121933104
380053956
341364351
357764023
332411964
294585246
419040966
799714053
998234795
354798794
529375886
912364603
383186561
751859075
948500928
207720673
386889233
981333824
516428774
124310105
729195923
474519285
617604906
508949711
653414808
345250901
158006104
611643219
914652841
900990803
592546323
727930078
260569229
462201606
701904074
322144511
861830802
815598713
744395785
583444745
200671212
600147255
802184432
349906795
838582799
466173175
207804161
845688144
557632367
909028194
225202720
304953819
816764758
998576612
535123760
729464724
474026664
359494319
472495265
652068818
520714644
208518213
729130629
448595545
454605301
505718248
976928679
259237544
751919281
632983066
586781291
607344138
339423038
824159179
536532455
176547330
170248869
474992270
672002903
831072204
311922512
644667113
544434733
450967862
956004804
139831310
691432085
443432448
434667576
144139039
435136596
890252930
343839025
868527302
705408627
318031111
538151322
215796569
386284006
869159015
399307877
878474833
342431468
609379940
238125671
331175559
331772094
636042948
225672022
583987654
363011833
541866212
833913498
717415397
195997032
260443822
220346837
424103437
706593024
686960852
166289046
877652044
306046497
896201841
402905593
108151904
598395824
652086381
120838666
736635695
505781348
163987015
371255420
527660336
914108385
810120912
219580029
793239447
744444995
455639884
361604185
737957439
323651398
490197434
508126901
657522759
927413359
298229175
871825202
579730971
386617629
624408317
436072884
171276130
919527667
200410542
518347639
522400491
256559911
760641850
430185268
577322166
815036492
669281246
643498356
965284120
950577457
123891736
356498707
338957426
752788380
675596758
655479421
542382852
349317479
810984202
227786748
115273189
519618392
182123046
692691732
543800470
149317564
430302054
143106527
175675950
731909333
928944701
336700863
655333798
882303136
841288357
844416386
697810334
343118551
127850041
629522252
801440352
357354281
574318803
446650429
818592668
669681167
421457633
123401751
572163413
397495681
524563679
366860592
979883367
378201192
653899279
808006874
362954790
873166234
709668140
370212640
884868867
370499460
647793867
980143669
237527549
558028140
822589250
561285957
350285640
795810906
616424639
539874664
980088989
811112279
628172320
571117984
713285616
880287444
493058032
825196045
785383502
860292675
950541119
156156395
949657256
495433114
118930006
140814780
265602061
875285169
526797712
212880509
130960356
970582204
833678472
246711277
935322172
719363558
777101806
710390973
730021540
274442948
691382747
529132183
900743131
295761425
448919544
908805194
874610780
311925524
445460819
515659643
742623583
708108034
541287480
278038603
290093868
320685199
856349829
956750681
708736528
504183469
894482290
732283938
179568607
822827317
540644313
573815519
987869347
557683818
994637891
272615662
462431460
945535776
384964128
838431875
953229097
401264911
535980886
771537117
187229249
166901631
979760264
698327346
574084450
464956403
639084191
745305368
851126117
338108147
886483543
534783078
122971939
596321028
898044097
437363610
772374969
890712423
193985176
397199169
862325434
761820133
966615311
218585052
295313737
164202651
557344914
332435428
973500691
148151871
201866588
664653619
865275129
534321379
367378559
254046886
380176151
949513065
514712981
667388792
119771652
879426417
620977143
911865979
289736788
163059437
235714072
104053184
952937613
679498758
763733929
193328272
350426188
667586281
774747287
115145475
505525618
284136282
783292395
303028814
510195752
446339692
323749354
198747008
720962207
595836052
125815301
278690356
363407885
676953125
691168039
208959443
329834302
673528729
559171805
739609728
668883198
796587994
183671325
578388965
754754664
962445583
199271012
209328194
375701571
317070726
269448754
275464720
470858133
203484809
139823514
539444749
278684372
510558432
794149426
189381157
108627665
991306185
982893467
518091108
693366428
652045611
407938351
462808482
647835003
968790564
590697162
380979122
127286843
162584935
940983696
370314283
333850005
221409321
219867613
685552448
434769598
538897431
383607704
988706113
596059848
963879143
583101635
416911297
473960798
915452675
456190402
910272138
597264964
141125612
506445793
200941220
515081025
717700954
354428388
637340398
302475093
451201850
477992699
709831454
552795614
531006149
525632395
688147004
749333811
916009684
252105284
949443093
618704507
795455731
565669527
327336368
949067021
980342133
341053419
694926732
579338147
637632776
493698520
319424199
855225572
303241392
502169585
581103343
887953883
777619243
638628337
348575461
542265317
455880794
163395045
710720096
804129744
581217009
357948335
967407461
205650392
728777295
369172736
150597999
564639548
397052386
830037323
341966639
577146294
638152383
282989525
199471083
452511145
814348816
811773124
448699297
679701778
660887365
268598844
474705822
505441602
454634355
327837292
217156673
562590590
658065375
214049584
191192616
515472219
861976908
810833600
974011154
343213987
349956750
816654117
966023699
638113357
554008107
415351556
496079005
435479229
989105503
209767048
647378296
826190699
245143619
810242352
848491894
409306937
992844059
190908614
853339527
164236419
402593271
489442139
551347119
858554778
489910416
765800746
934467245
283093506
310155929
586854874
842567008
411692579
856318452
816804282
417055773
696117186
531752851
960080553
496728923
320880681
314211915
680840158
430660155
442985987
149901636
256812339
490431075
207092278
463419567
556286155
596204177
650692531
174299827
281084713
441705036
938180668
979751406
262945844
433686435
298037175
682801458
768969734
625904846
779318295
529623936
492827561
805419363
510476193
959976209
769737175
762750145
563862437
869376294
400174032
786734412
265123486
161132574
216324967
813293258
530202255
196533958
823909105
145418659
887216045
451493834
150220453
163068135
805282088
800029859
431213848
516613216
275883212
482980141
136758534
620404294
798855816
714426209
288243167
997944348
137245331
242190258
350406257
878697404
880903826
919003464
716617889
834123833
812658784
302326723
780615563
363599697
208105406
515134290
848723294
165501811
675832162
985443758
216698790
984067996
532750413
394704008
211680150
145446941
507261838
258331303
938655434
991162568
151470808
456210834
786303860
598165005
449806156
729322305
873068192
504891278
399728998
421538404
594972256
257422852
597395848
936574033
475700942
454614354
524910770
736126957
274478347
752286597
350706253
988376472
255580547
745736258
534730616
206022820
941016438
347948772
920730751
286201372
464074869
438546809
520223987
121781737
402983405
742783170
396317882
689857780
831770703
454182591
305621817
391296276
734105100
167329927
754859030
185594114
491888193
698160259
284625547
276448421
180391055
738101682
490506072
389221444
626127762
348438722
913360453
706690637
900174764
795538696
816799950
440847489
280597254
448293062
169037404
976540252
744285618
873043472
923367014
526817283
203146209
653820434
289869747
975917120
330594564
556960612
658310829
950788722
145331104
557174044
192165059
140295998
223407613
570830209
132473099
500248980
172909071
515728107
815752566
908526101
452370575
513318982
175680084
613855431
921507874
645764416
918473830
294941509
106746343
141392629
781757116
444832768
605875350
832888959
268493494
739305384
345953105
962780532
105235584
795322341
547157053
381595886
895919739
644417914
144324006
861459015
576180937
416048956
728279276
705767981
952727158
602933006
303315466
212482512
823839064
864732012
804812517
467040049
714477175
114382058
406109173
384602120
434442270
962699617
322920447
517875834
715717851
912319723
136665423
682741345
368868102
460078533
594254426
660864239
422227044
783053072
684486934
308502424
259207695
330399905
441970019
604595337
839239169
715914995
719796960
295423237
830545965
352944817
131194641
539224488
165419211
122628619
937032109
134867423
240510357
194088334
152381460
246930770
570560740
865731248
613154022
508908673
409940850
307119782
584937149
663026709
526484463
641323426
110081782
327482681
479424038
684641875
882572108
364716724
396894382
992311452
944254941
648637711
643348889
957956594
491624965
748279155
208184593
955065648
173166120
498554119
726761636
825118494
582770202
735579069
284190652
707659906
203398074
407123195
658530131
616579128
887372189
354616876
925284385
921930373
259637749
641543990
914372488
112069652
892194644
952013833
849244433
633302710
320397317
385217910
745466797
640880225
882750984
599515449
433171592
965244547
400181631
385411045
909199766
585506877
942034547
193213647
725456342
150011899
272762514
476450444
605434267
134614772
909401783
926882729
387468929
691703122
845683078
574026904
376811204
579577612
134311495
383657259
590680299
700195756
358135445
757444535
763001936
803187788
961779719
359516553
974540793
600683627
608355852
940881497
396467675
884617474
412692837
313073057
594860983
886358822
334141124
476984938
609518233
913200442
975599647
535792857
427918292
737095333
506185010
295413740
709686618
264336928
383134295
828284275
916100283
873452184
142391161
944942234
441850355
552398685
936498365
677049662
292414878
588133519
754920634
653327105
750972735
530260687
151664661
327699412
180766032
729853381
227859426
673724582
184938733
312421555
760017811
375319249
563235962
395997338
678528984
598442380
407261455
841817125
884978673
812205498
824925310
545332113
737833388
294819270
978579072
689495284
581733972
537441779
727191148
455834294
629301115
513321971
317038964
884639823
311609505
481278740
941038317
256309308
438650048
627644861
683742705
203582188
938338992
402565232
591124835
402748845
267889773
119914493
376323280
304567582
644795587
979680108
835176988
993395240
255310352
983139416
661933806
128850167
968096898
918961596
938250127
419166714
911882610
919627592
562616062
176855332
653948963
598767283
725051549
337692834
164513583
912562259
353807095
266007635
196084450
261072349
500654696
819768452
826602979
920406757
856257803
389140673
765301503
900128570
368021983
417864709
756908957
515806970
681739343
470059781
119414821
145254717
489970645
106923675
839081824
834016517
851397006
280253332
515464770
635687825
908774997
313992084
849505395
495790942
546810075
630082557
385487546
640294892
536333694
716558032
300197752
553233481
429936431
278043426
473270902
933923031
251480588
797455164
398468954
834445356
838150931
267968048
718170606
844731732
777992386
157677748
963159016
570085353
257258742
283070908
801393507
792379239
604163666
455432969
307421723
288627667
917939704
899288799
575150834
428546246
358791801
648382389
249777207
380516934
949561774
941032957
127205457
566239231
529240421
678845071
826058332
130176657
532992022
282903294
257583024
484430672
162827301
244914893
872685796
155635334
532523093
935505188
560393247
272026770
465420645
357768438
724966767
809048594
312852966
592261271
931487157
182556031
593836052
331694971
476524873
725400646
259500577
270071682
263437345
239080043
557750652
818423328
930842241
126965416
981787230
711912670
340134204
859065877
309984625
689326389
338945751
402385744
782769400
971651594
393354926
392465242
282477638
312947423
476136667
430125954
222460299
371154714
988421907
273392436
875652433
870163072
728828796
554688199
317888852
760205441
207512075
831723709
532419660
459823926
542682627
865696586
219703529
942408652
229135973
915776212
197438412
674882391
173630210
236268779
151337666
843181662
312755957
261298490
766317483
396585399
589442052
586557195
517846464
905552872
108847773
613288892
759318478
395328123
184303891
838800029
205526674
727812874
631072095
489229242
472258810
527311242
489032818
112694696
669250455
112670379
879672674
600666897
769574015
164116067
770623246
362109757
894962144
346992175
658003219
878850160
724927398
150678437
133330225
742274079
117106054
781955492
392200309
758601436
357825889
191394089
328863278
578760012
695103725
200015106
106642375
133954670
195970164
219058544
631928841
166482772
786979499
860003035
396693424
970984698
374775205
233078254
925363028
538154292
231312477
534260720
999670839
108640487
439809309
384600522
225419588
454328301
580948223
733913439
362302752
763690702
361289205
157572439
678412587
282517901
679816926
266181653
393946239
331005371
443242777
102824745
983236643
286434803
102727769
875305257
521198319
747818967
481454417
216450116
155240879
645236223
814735556
297658217
216400949
787841351
132858134
679042013
394742505
847721954
149351075
321467966
790043381
452285491
913689873
729387969
225110691
343453051
230520138
156279599
747277349
271234294
578091558
178571018
843722129
202623243
669087770
188327485
875535390
228640074
788341205
379151262
563896730
417812285
582406326
416840329
572618426
139937619
933176237
205371911
362026376
611199837
865112359
949663215
591649326
823111218
481423458
967497266
152383931
551152816
159325077
659278815
535715816
734015977
517620024
554637816
253702821
431902036
114566819
788938141
276643513
133192223
608157307
257151734
221046153
155090656
181002331
637849216
731484529
993889808
327740053
181400723
254063527
804435801
804990899
441569746
644048423
115261418
292665525
119069593
606194616
689720724
230176271
937574171
134056800
504466636
735432473
928252906
679690481
995770072
430088026
585907218
261808162
173200334
193653079
393502296
195809639
916365690
488318784
889834529
152960553
677677126
670825828
219265606
419771895
348590321
940937786
734230707
799182146
845998602
458493420
519773297
195638258
303305983
120270245
238685655
575258216
148535839
729284730
248727282
142285051
624278340
151055904
529384188
430018132
451322987
935359064
149620113
374990711
635088012
313157137
198448375
839767982
899362714
306289673
612096324
553507660
964895143
688929139
493487630
116146474
739788438
249381333
189423502
707886185
870376947
913530821
451051337
525272157
505622020
116510741
709185148
537538636
780253916
635322768
704643366
127966575
409589220
565971636
315680766
502538392
814612441
660598743
400638242
932096510
588133827
101861315
537372028
349260540
940714550
388655473
899659048
477824000
825454420
676449465
757714448
412675497
447855274
905912088
219028999
933973708
873643275
387508244
909876870
870698542
618088409
343415207
525177002
607272533
881846154
204052168
639257793
909027120
598513214
871801194
106147925
231425327
615977777
973093297
843306594
417180407
960901897
547732006
917619196
187486825
185875208
566305411
248074447
355922683
622317003
764169994
874761887
855638776
511074125
517941156
695316724
751514441
495772010
967315961
372163915
172789442
766585796
908539630
758655683
820709577
505289031
116470947
567781394
827031292
483085401
643775618
929444730
729820727
633044180
803813950
377936635
880015730
927696870
129641532
563943062
362671591
765157502
369869147
887391753
667696680
755589793
857389379
316340124
737052355
211411820
643324062
397554850
885342815
542219702
727617432
881195428
100033647
133756369
688689870
244947242
107966454
900485297
365159413
666288708
748229415
308222529
480386252
747416900
303506560
184728703
228049302
911512531
522059679
390860607
563454258
676905467
439094868
224241385
284458339
339466522
807293583
461228229
288672666
545368872
446422095
187853290
782112448
885037594
265530713
861695930
429706574
434371405
627477135
607920628
102073195
546658959
159658158
988879409
661695700
292527947
589748207
397401967
204340743
317451063
697703318
401263119
965035524
734359347
285550794
183278369
765185380
303990765
888151772
667241893
999942053
662180268
580653990
617331070
972838898
549189146
562393322
430758456
171016917
312019490
800764861
301174265
868053815
584338475
559251756
469881204
895776481
703987251
117863814
735122880
195239822
810635514
922278600
106550635
697298479
726220010
470334352
376677673
856240192
246715548
559089416
728830579
951805335
463445810
414128458
617715551
104855627
285244161
409230012
676584769
715418061
762531277
582734191
760321888
530908470
690756976
671192608
628291464
713511099
434260661
610869522
283456879
177636958
117461103
544113531
689056175
775188160
463122014
288795217
352704282
896257970
767669722
198950254
798632968
922543730
553616638
232630847
690549613
325925062
516954625
823262220
313912779
854170466
303353623
860018960
593139662
522467848
210073882
415984214
530563389
895805377
502072854
882919067
230545139
336922410
407203311
190581960
390727391
621845798
152153647
476518130
276003159
853282645
375581885
287014663
509926622
553931323
822346620
134377087
931872422
426741968
395230223
489795087
345159881
891340957
361773725
135654660
764321467
633075326
912690472
594644619
684432432
709140581
726354332
386537195
160233406
916179799
805859312
866646935
281399275
862031413
847865000
301459857
289461102
401200906
148278613
245993768
180373084
516114282
361640045
518998597
253044599
986666164
721136097
376789949
592261115
193608638
283677727
180733490
709145013
126298543
652265510
374969753
625310783
947475019
910658768
285081979
131151102
378952286
111262453
765972828
312799757
560914873
819397442
868809281
613027033
603927939
563869024
270234985
288142901
994592216
695359805
487651938
481966598
119528625
610703977
836750879
763926740
506389238
925939620
170047006
203247863
552962637
644104460
477586581
745192530
824849956
984278546
179047843
378616126
581045955
108669732
425773317
100636145
443614583
218711903
609878954
536730554
131931595
485282637
275297502
594799319
849512097
922581345
444401942
428726541
340037980
894049071
735517852
741805974
242209625
556348861
317214608
768583893
758521363
823084016
528754305
830669323
527620094
633175240
313318963
552709373
495898943
146314186
889045026
826481791
225244266
964372844
568127008
213995055
899928503
958961375
441576315
871160920
389022110
621071473
436103122
795075891
754785967
514852581
545060430
807397021
846152547
502065866
912971270
829635812
860793357
317955304
838917679
364203330
161793108
157617020
465239937
603835816
656123180
895579691
774297092
515577763
447298397
800712773
117099006
486928036
383587176
274835736
762967629
380560991
917239795
383800440
446884121
261008798
991810108
204400956
810145554
167231755
816436397
623754565
650895223
685105958
572787342
416637347
570850849
722925962
455274874
158495529
890599887
128628078
131984561
123487580
247625898
779895462
802710263
325821362
198518308
783768694
642501032
527823206
907719743
777478536
697889569
176976630
984693619
391290629
496554652
236278669
317129439
676948290
968910037
951829615
993634855
256538037
277813050
677526031
239862427
687788105
878581165
673844169
351644363
179891030
513102683
872815486
738645785
126221995
463287722
654554216
451443412
883357022
139054964
633426512
775897764
310863371
521689332
678883533
637655517
993215450
762000972
847136207
544537331
117783401
447026535
143681377
168752821
309291922
371639014
654455762
553276382
438825957
289304738
511587906
589748171
782351259
718984845
101958095
575820970
300790726
538003360
644222882
191608861
516316984
457192471
971453091
272918724
960527054
734377607
336174589
684454771
613235257
242936839
406867472
657322655
355721478
848509934
509244342
976270935
783573972
185865258
586525816
343160022
348260930
474488780
794198599
208812403
191884123
984995948
341832792
656133945
457060570
324340222
533609012
522644473
558659600
606202034
217233927
739847097
397440341
502836597
944612862
137725090
511005445
379001522
882212874
516983419
746777886
930748165
522865559
640164439
330398179
388138069
782902431
115289783
250966201
650067137
745714233
644597506
760709336
892472446
303928603
947858123
787773492
584072172
983830563
893031020
736061023
989160782
736706446
304241269
475558157
684604323
969895164
909908596
265279488
448374211
838631850
612383303
994865800
848346750
347093912
697028397
639005791
876252333
647337827
692208131
513095183
222524657
337207655
511173157
640668301
265779648
174916971
843283758
799030342
136062080
980900018
295689193
902620473
432827288
525007612
165551283
782847970
117832707
647889659
422385934
409458596
462280883
375828162
138741455
964949751
743782848
492188244
504030394
528404566
672679048
767258709
580117779
283598049
935404111
502335423
451462982
779228238
495578247
836906859
616669509
897057870
804862759
900835058
312449510
966394663
531911654
614395703
346239564
951170794
612205902
548440797
237522441
886459778
696741036
399731957
678960911
840192689
749958694
550292014
181601024
664427528
171065177
672347589
764951559
141253002
585685567
261145885
402215430
897921445
844558357
207938194
196465108
820357802
237197331
664851001
207002265
837678838
680011465
738897240
471896058
551355414
609783144
755142998
107003138
871557256
654897766
320128053
822725278
737426692
275514275
165317859
805475142
326874289
534391960
909266315
675296089
725739703
952413153
782891238
129548646
105252163
849069582
909000977
959202188
259070037
945218710
784750635
271676169
822331428
464975126
865200681
121216894
905971938
716951621
635807263
252353233
823787369
795394408
888898707
743831917
635331007
541419753
727568135
423091807
621502793
429529844
583798709
816932548
736975999
135015451
905802310
449306344
388403780
205206722
348340441
877959954
407849305
777040948
547670783
727223563
477064521
291798196
974972785
801974521
870505734
898433033
723590911
755462809
845278219
413350032
753517445
736285610
118258061
694157483
702583725
977290114
246072322
972182909
916903777
661264606
296094390
459728396
138165573
519331245
358030516
293882319
759529629
105885341
549095282
854892260
581850860
944765636
284169422
577088211
468639438
749572737
795350873
378283152
377523368
561585614
975567823
328093620
585015318
281742772
951187918
341093828
203201661
712056828
792712096
497247986
104858672
739648538
200159144
309097471
240135453
554374678
744830457
676885884
481537861
238252958
431125663
617719899
414536138
818489562
775974140
519895008
297762529
503646929
605545686
174597320
805611524
827425498
786826413
526287320
453359171
190166591
667279676
599235850
844198780
372255829
735189093
875372413
650704929
886422993
921686223
899731970
275608380
376068304
458012844
234450662
154766417
935422519
353764620
753372333
765820651
356233297
900001070
621475414
416724360
679238437
247079071
849624368
407187416
285976701
874688973
271855965
712349964
580810368
813064798
838871135
926340451
633630633
642957982
754638118
252683230
773932521
441422018
818369950
282684862
194323016
450966681
702727985
504218081
474010001
758790663
959707368
467701124
249600874
661397658
490829539
303092157
927446670
163984507
153311648
122249868
128133275
315849268
999504265
723665985
432494335
905774475
964454355
862487175
432645548
109539212
527925582
394506961
686058452
865880232
920961944
272483380
511225844
829538305
758374674
305390102
248240709
890811544
354007720
788971301
681277351
905530223
337409594
174293868
400269670
311788710
701193806
771176349
275591994
424428268
371627468
349120239
785773935
899310929
428419781
409322292
638210869
287319250
369697932
760011721
911981696
772580096
471062109
889893937
703783723
577375021
877218663
573100004
767146970
110046401
473793728
765605068
497700063
577781287
520534974
910612403
975022149
324472619
775512426
634949413
901833228
464669498
597144497
660906337
944105953
984500606
252288342
655704517
672045991
829745575
497829872
872106237
866240703
911081732
433812120
871726767
392102686
773987072
291023249
627349129
765032104
177678308
989288969
775817519
676360162
484651078
523755267
439019361
386790644
991081057
990950215
533631736
630028429
109731063
263463353
564197117
250990759
596941356
648005649
765400742
816844825
612751290
727785350
364883884
141900020
713247248
704436818
589688003
445532586
521984332
415573889
655907263
126092841
915344459
416282218
859045266
907262937
352791380
943350048
367127020
761362235
413369696
652825554
472205452
569270309
895867723
430632840
805803360
559418280
648522667
635758939
636271087
625237653
176222373
532907431
828587806
806626107
943016142
536317044
668029011
204353119
785010479
871009304
970852365
314013414
926410606
937629612
914123307
957522944
188779174
646767036
541308492
386231770
788991676
811497580
280547535
853143015
260597867
234159435
791437601
952780078
534732596
380803856
665825077
570256166
291900484
398916032
848831735
791526966
219805103
276774600
352082829
230791955
539293160
307917226
208321618
557767502
777080185
101269801
867077467
504302077
370615506
905296354
923205772
299269570
163494671
990938510
381557157
569543546
576453806
612330422
507421229
410247576
129908104
233480096
227308671
180737298
527466831
589487435
476241462
679840302
647107246
109417867
572113291
829715049
541104145
695762160
995918166
154051662
175978313
213686489
968562521
645686976
509299979
729436485
527906495
540841102
825322241
885337353
224771478
110566445
439134804
559621206
153980505
655260159
832571580
660775273
624596663
842940037
593515767
335131805
443909821
698485198
499074772
157490669
287351972
869324871
454337033
244083763
277464074
158501019
828174646
344092121
186961984
948783745
541616514
311206769
661690071
349387501
122324912
749197969
734897787
864478222
807667293
151113701
868501130
366140177
963549131
158487293
460994861
733467686
632379347
162912199
380215609
206970024
144331170
372593167
364570043
956328899
642232768
496209841
596762181
744970260
185404498
258493305
136731667
946202019
547977634
821168615
288819467
140584574
511134484
399169513
609217157
293416091
404435073
529669031
702241454
944928387
264340517
588401528
223469806
781644552
970381892
996722071
689284436
734409364
508608220
500724291
783529086
551886169
111336176
477358074
857568785
883923086
348294973
225069301
847563450
710470499
220971165
241836645
176207206
262738727
463462647
634691142
404367106
492286942
169059417
546897104
482396622
647760336
210543601
735337761
448752348
595655281
823414153
241065670
758459208
502978477
278397073
744191056
117042048
326962982
183753806
532316658
427944284
727250591
774009440
693970851
907200933
765608298
911496389
255651465
324361159
394802247
522438501
711770389
579950806
325029729
923814118
477080186
955530790
782996279
439877592
963605478
895405903
515779463
405540185
339956629
447312819
896530248
563289133
408054985
235206487
751910847
630087330
199837578
826122165
166327109
553210015
762942529
939317194
655904099
940498396
522912484
669314917
271431281
936735880
929794228
950389862
612237271
253588141
474431170
906725795
974228896
758945475
661864051
400186442
706224535
294406224
503081709
935965704
188499933
549403862
722628447
394858295
180864911
234902408
972094469
750521037
167226138
460654089
355845980
130192760
204151709
519064167
275712330
313815519
853242174
720900676
509649588
683665350
248448571
408015577
739078647
613647918
133752730
826748456
422670920
610577805
476216357
964766595
745077486
876440494
415267531
102849397
204771475
446754802
404866844
225485922
270639365
111220169
698984539
550204473
683117932
287161849
166191437
152543925
717376639
426640036
909704936
299653244
140364015
634434445
206586209
555054943
284833467
647105428
237038271
797413946
451508017
887596204
374889909
334599855
896138005
985738287
716352387
861040975
209745655
165137330
521413976
374349397
450067287
202461972
992906490
222350681
834585599
351375499
896974290
430187053
266145026
498508652
957343568
114970761
399678842
719345214
893769008
963445389
916672667
521304465
677451003
398223841
240298419
475160677
143100253
140527211
394766055
846301312
631955418
110373684
184996134
968267467
596408948
130151462
591515920
393885332
538683017
753405804
371384045
430124343
871878832
828950195
164882383
755521493
971854043
533249471
465471043
700717210
785038430
476266808
909471080
200478186
131005609
971432483
304430044
374902353
908765347
868384801
386988814
214373640
688622511
102534077
976208057
621289995
345924329
994383481
806373356
911876529
236170828
691434784
298950663
975806102
231720457
288673472
913769806
413096876
812783022
956436412
778773035
671061055
101043368
429673594
278594001
107459994
330899083
630501755
240283107
993766664
645157573
829987450
697642568
139414745
939942865
266692548
695038157
225381664
604608844
793922941
583559405
559319438
522711186
506203029
732474904
938279292
267188957
271738725
629842833
398110620
741255541
967852413
948170966
871424009
474135793
951836369
366501542
200421248
410860081
464706582
755239981
123036581
799804403
300941578
840039737
241129737
443264813
528649861
625253454
720451435
217153642
629652326
706660820
618076357
936819557
709495800
791612511
373659858
959954999
888464515
783415699
757125621
142481677
300984508
242611367
884364048
489825333
930992825
662187524
147419150
762831848
765217361
500721776
212649394
702573150
157560136
563640601
609095888
541545851
937867437
947765851
167147183
611105053
810526955
121562921
415073877
380182524
929715070
850083739
207477812
896184790
641560360
311301612
833372341
592174101
858943459
746757566
144301685
369028877
164750314
703854053
198729262
918032630
642514659
291792001
759710671
226803824
780845961
753917231
885764793
958198652
700746792
806461788
747438484
187971484
620241955
970142012
884278334
124033064
265332416
191070889
125633805
503039517
724164555
852863130
940276109
648450487
723042566
394548737
248147904
102381806
386651716
327599609
415089785
921787457
303522007
720757395
542469335
581811938
720307108
988037384
189865526
676863398
868803392
626244578
207030045
506198661
125249035
462712809
168607423
477571632
639188648
313042810
553886146
428188634
521215800
517163763
730801177
374116010
154119907
274106399
694369507
981436516
955412472
663622036
799501452
719811457
608615855
518408775
928110361
163377593
552490676
871683185
828059910
978166512
896114312
875300682
218168914
856982017
373122981
384465447
758304863
162396632
931821911
588564539
733082377
163750305
108685210
395999313
112382419
119864312
459742372
515953249
383272055
194857999
839620864
491009282
548892671
854137371
541847597
602315528
880897681
897353154
786027349
530053667
135268592
209250766
235662176
418971099
986459769
296941486
889645468
813150225
606850013
268682731
598542657
279186777
633970346
887743397
174397861
446598290
753242136
156134327
979493865
360082391
326802749
407128234
298604244
329955666
753249020
580500026
296027801
687714663
713297709
632988318
991348503
780401528
622417343
971673058
632928734
948403504
806838243
359152085
351881094
392446224
557418117
540719733
546705556
332733050
381476061
944573217
898978197
805791891
775265057
866420221
206656971
832207381
534341330
332154377
454441027
471821421
834920290
203876014
351533381
912930631
811814781
265068677
645969696
596908575
311605499
687981632
894124682
676933862
394332005
543117335
167439689
326753427
585544929
308241269
770647666
929078467
988895407
670659537
275020363
406925630
511926430
440562530
637649431
208812698
795214660
857417243
941815984
485736865
766827920
121304934
754268165
411002659
611848506
300430634
602595669
442024768
401538606
912716479
640569580
140546274
942551011
949168210
412180637
429190058
749827806
476497411
714138002
993698577
116031299
182126859
316546317
674288246
377345788
636919457
846251567
425280880
650068434
299130698
317551625
168025556
647289469
741577661
984526471
894783606
780495338
820626748
554540288
641036243
458379373
566085450
674671135
680478605
369995837
736446722
200027054
820531902
921167777
996251388
459028831
363807656
556087825
121534369
676751800
236833801
885598393
862066514
454547681
711581265
544762460
646422458
927771080
866243289
586763672
243670975
506522071
279052231
984984655
683380410
950418200
761544214
474290687
540146268
313749471
341812313
719394728
633319284
667938770
600535118
872656555
297895667
333562385
930975574
601615651
643471589
342757995
454615548
931201243
206181318
654666923
743591248
296429429
584497186
874833946
509656306
502826328
976629400
890519340
663722977
899061464
686102506
765815670
921448364
507423491
803678203
472134268
898416060
330030860
717507376
328848593
106427595
482386696
453769890
763423588
300449759
880588215
955672638
553073431
500163501
989536227
646187369
765479394
613135189
737028928
408285480
351377226
212404348
703839938
591600404
319928173
614148909
130426886
860093825
892105524
119291255
845096006
800778128
348647598
779562779
765983356
625130463
147915006
587384282
479105501
124052514
956684497
618216786
647688506
116706121
635619868
996354261
276911837
728242253
864705153
486237845
828203609
728800984
841259321
500846127
683396698
460700449
472832174
625637659
914348237
529544468
338266744
319184748
347413965
678765511
988980952
926232341
120643234
149894312
643707993
549055391
564050674
836627450
828385956
792856222
877121548
413738240
907125170
958941852
965743929
941056878
762415444
975323909
167430796
714814922
690785719
173298310
677835700
622350663
587185657
850260306
761022725
983808422
960617808
431311941
946490581
277720651
598257205
143276726
104741551
642544530
719881200
374372439
200788636
102329922
199989895
589895848
341508647
248454446
738333202
549583614
394106103
878562508
593368204
561382276
248534032
260682647
132468974
563809707
289814881
267316412
721968968
272603967
549945607
884556228
911648030
416992945
313835131
187559966
107498623
818139205
665756466
274049451
868585439
139107897
266332649
646713199
802901969
677970009
110226735
687723947
583018123
413661093
693616775
267917261
869764997
452947919
100338810
224784541
909943521
498702027
710456426
781317273
777441060
977073949
467394644
480583493
874318064
123580314
605147260
578223438
145715735
868178600
672862959
988340119
366239203
982237896
837947928
476397836
181007342
286171970
549101122
476261584
519463086
688228253
109272612
500308041
955832490
553267486
109010756
323368944
537729039
826948671
234418347
262901785
293545498
805280568
421346701
174453138
474401172
608886100
296907884
367707596
586097048
262194079
464324144
300236666
782247077
782446241
759569470
306814535
546116525
835162827
245267855
303834487
512352976
172130996
563256347
256425246
841700475
505831077
878014282
350742781
234813052
433720185
502082050
464584047
129729686
480426204
361834495
233809792
500013143
708756748
758555199
964518173
719384439
578193358
163430239
404510045
819767669
576899114
181206429
710291393
977618070
766424919
112716285
914982413
461528319
872881355
475534525
401201533
859793976
485561206
153308152
951820774
793919489
345463737
818777273
554771097
653660077
425014649
673227910
224405110
106915617
289649296
396459737
545265789
604243822
629614320
252626622
909083032
144783639
461533384
468801263
434904837
685849641
616868504
446812854
431997748
595016808
738241392
573046219
980609484
256630551
690180155
206862279
897723282
326308370
501490493
181656642
987531253
839569035
119869910
563333632
657574153
150924783
340939074
766194208
506438454
640248740
272425684
944410604
978832816
970179405
912143403
705696394
231703397
934631773
451796187
695477254
845087255
313865032
842867262
562071458
163820377
469049936
347850063
916263855
904745859
391538492
961154824
683049010
808271455
314637732
482508117
184527090
873599837
521817678
431938934
780350314
825464240
826835507
646321406
549295636
332860740
476819915
288858521
885680334
824567016
304450741
841511562
447216898
553699173
745632215
755980824
350840850
255723643
376345282
696760701
529707480
137144137
548827096
469391789
396126361
626211744
423814856
560416328
159766275
931373105
640267399
330154336
757732519
324662435
186068300
442651307
701657596
910212310
571011185
801580649
920446684
431447022
847058249
360970338
509159272
424127726
673626161
795862141
163681250
252354588
522975449
655298337
345801678
200446139
371215010
883644388
538908906
965948742
389131223
678700307
960884739
137257242
481196057
583848667
710084145
765126378
417898469
676744573
777178916
779882400
297837064
682333798
718307285
557809955
384532065
348973032
569061984
261894796
979610047
171028136
788641227
512980999
171772658
369404665
944762035
630125961
283204019
751602402
905203357
920880568
834181200
783133086
574088191
991572025
741603438
865403635
901222335
482061605
994852847
270875587
994190593
783546729
329456211
970675553
753887752
535639921
322098973
705524053
407513877
853222817
488953630
331497051
482077979
173343355
428653312
183303424
406100115
767607678
793150891
726664867
740682291
376992106
481615344
961866898
410226619
623875909
323704285
764519699
907204114
859653477
954723688
552543356
633290735
700267617
270024998
852305087
183260930
641082046
398798633
421721019
271457867
860114143
972502543
911080846
810309926
339455659
561160071
827142537
106171379
623671528
419055850
238631223
176538892
205902304
802828395
520244076
349732561
754375537
377436428
765812224
151979672
586576163
722342107
454292700
430960626
531721979
492208308
289374169
440248324
943194732
910244126
564690778
465792327
178622959
286585069
865021052
675831273
935314508
128117972
983302088
493309963
590180737
251476239
138282043
303735831
453263632
612294174
839835500
462327254
422184585
631065230
254472295
427942306
795413206
377810372
135667553
907389148
951057912
537182212
394974974
889484151
340346874
603543608
606904368
825754861
267472019
735197979
780789211
708915731
546766413
130779289
552689307
995769483
831237132
701874054
166278462
608480105
894776008
898350568
190514513
142242415
225338371
211837354
604438772
766597797
359026562
768733924
757894935
624464481
943443646
703322642
635846412
770459640
933042723
630551245
466087300
923249474
549932045
781630855
691762642
461487851
278326377
578726023
373366854
812723941
610706563
509913240
877993412
870968704
220683699
769609745
590631784
855670772
469761506
191995703
634781970
870733335
865139445
541894384
564941867
716637102
536098020
311986829
297558935
488216171
925946436
395593167
878270178
347199063
970049488
864657107
817629373
170118630
908922788
372261517
901729856
882307545
294092491
545329932
528141344
339537290
615793504
847485080
290719400
735802767
798603691
694151486
727120360
695267565
846556904
898982179
216074150
868418541
200054788
827386858
162998246
321807998
305620760
178292201
423242322
689250098
924545030
375434002
978182603
579714393
818441513
137832864
426058672
833416392
193814844
891569470
124512247
814355004
411843016
317590043
618966604
598732506
301807762
914507786
255138809
509715666
742003445
427031843
874394504
733103739
469672443
307271564
594754950
990047829
892840790
768718877
977227315
382444219
791853062
458572863
941551710
391267997
579210675
372685752
158082399
814082045
856601247
714063060
123046187
336063907
721693640
316056981
642963318
783600449
597861483
314009081
458765863
606104262
923474159
751146039
806462701
614987277
840051526
162499420
250252552
940481674
875145414
118854200
477318979
414352818
520669033
610067885
237632696
751174989
238929622
812292619
583264288
978094759
368827423
261534181
829149955
798088412
424872093
504586943
140468571
442261882
260197150
825202854
243989394
179463984
405533131
127153768
459583553
121735399
410652973
525323945
994322310
565325047
627145662
664276153
495442422
951095727
539325313
939598912
443182628
321841460
852018917
208288909
142459890
163561178
341131064
552537284
495806250
782888138
357802854
897699712
729609254
197571596
626973218
134628581
437326447
511144128
648903131
621199682
128969538
674272692
422640503
197077566
235935410
759064171
343403046
923628988
979816308
248418973
254290714
824762169
285071202
230426675
712952523
724628897
190419618
941072896
427623711
411750035
877142966
610009805
614122045
865155624
585617950
422507974
824442088
328543989
882817211
739068100
859329528
478678566
780754438
853512467
825895043
181548330
614837802
963736080
235906614
906175726
115130819
281624500
759830059
165458299
446573294
444090907
694154915
852692289
818769699
453821336
251970860
134658809
429726128
139315401
322392160
214222467
678654789
816826782
943664119
166851693
346256717
609328437
448544678
923867633
991322855
895109325
902601165
650864784
853074149
896049384
754007678
950922993
475433534
252468166
860720806
757007343
781649847
713887047
349228117
947753834
384689778
100984048
222417667
799145390
342239863
917283820
438245874
308441874
963789034
474058895
635001206
444023504
786286352
256816151
181590542
547786999
432342251
245609778
784373064
115882764
571660043
853302486
925883004
864600913
251551343
615378433
889572672
208223591
784315776
398041047
280187254
836021212
523034503
808554317
138847843
394691579
706182903
712562719
165354862
593893057
619886910
855166986
526891280
233764183
207135889
395574452
901463652
339479967
682713760
617856090
190137886
851367799
151136775
583905550
826468377
690581908
895391303
341197888
831010424
395983847
451111010
875956841
561001333
619646825
948362055
748192682
124682301
848578681
322411781
940516116
486515831
313469364
861073304
872209953
948780807
417737082
363051341
244132956
498159261
444524090
919409488
266571110
328353624
990210225
980128160
287443483
664711567
462819603
173195794
922734736
752345009
522336978
728576538
895213940
102451287
388823023
573987171
675138775
982996925
253243104
994023863
183496119
267797932
762557346
975857174
N: 29153469
