P: 57382026
102619764
873865528
609974251
513528099
162906246
995803346
605133147
412593716
390879594
973627143
120400982
175700876
777377390
247290834
852613163
733453436
376964365
396881189
263906980
882418199
832817019
329938509
641330909
571455841
383269172
523291648
141136176
148199167
532948731
182607435
823436764
709197049
367309795
954943762
306085830
718939473
149037759
447715221
315507520
227120991
754100056
284346186
559338687
469257924
571011399
287958512
533645175
615307990
852075709
972671508
572076288
973088641
298845792
835654081
617737922
229520246
326479964
147767874
803723658
339604160
340555467
567416441
709104346
239945047
912107981
517448187
954716906
176860710
257841902
731560069
220983961
794287348
497063258
975203622
703138351
598204969
915694483
921095599
895466830
359249828
967429289
512614181
725178593
293143997
187768372
112001242
551701942
435051262
696132664
848829834
112218340
811607150
662242189
108083109
669896095
131620286
239056073
380409035
769464909
898232505
417803891
326670711
742392976
213887997
685160061
976595663
596816263
544210320
844476295
351229627
118575388
408084252
250339380
616215175
813961365
226363126
359233807
827450281
116253328
587193523
616201504
669437980
486654699
780922826
114826793
129992075
259545431
365450745
656653587
654232672
901742230
650995285
917352663
560565049
169322928
575582640
113114239
169834228
621342839
721573336
409995852
336029028
470353594
695690980
400948168
532043755
127747168
748609654
669734324
188550502
301818610
212346415
954118775
922716198
393022605
983514378
608534652
643976795
753160852
442734200
696210742
984278006
854091941
491500795
583711034
494503216
982394203
925261289
303521612
736215170
461104967
603713362
705299090
964773547
641709007
142003333
830480055
958822548
840399095
708888844
846956370
126177294
123862385
531026157
380665555
423252391
683215368
989135074
305023514
241194200
577099377
414957074
201640434
961016192
568948389
653340775
705899920
456895901
440696313
731138984
613461503
181500259
110572408
778469368
966146505
104443396
876143383
302384916
450069310
908331632
123826485
897118623
272308756
107184292
565535971
244429770
830042210
644869446
606803304
505220343
377657615
386073004
271468265
151470276
495936285
930621620
469673937
190154604
632958752
348347630
786658237
894176239
465537462
699741963
729219739
698924715
496588652
664206501
457328022
845542145
709191261
674166620
726757230
115014844
707859269
210994995
457117655
139045525
297958403
997176208
529561094
778132356
178544994
959341915
672035020
151652145
140200022
240235890
311932588
852285063
258645969
188344820
447055875
674737796
695821623
474315519
243402181
227619688
554390001
565873161
172408910
922443752
852678002
820110658
430236003
702790468
115793518
649516078
512776373
556145419
475630534
334089589
227028981
963091005
637756998
641102866
183430910
888142747
233982663
951409192
389861269
201006258
326592962
853895490
413223296
623795658
811525742
577007812
580785487
863218157
930294889
436644837
993117653
138772384
620062493
120877340
446675471
508855678
104747072
545657907
244280996
582696753
798167716
520191277
696562804
926283035
403352320
492165011
836245504
281594199
972947118
311454271
654523015
915285021
322932387
231789823
825552078
542919405
419660660
703860120
731123393
486479738
339882074
581942718
232582275
242322590
302068497
666399120
126860245
761268770
725651369
678729439
665619396
333388181
245269079
661890812
632400266
142469197
362251688
709381182
455657775
165360511
633451933
378448313
779325608
954120538
705216225
261712305
306832845
720272667
483365663
730226740
487105103
615377176
939447409
313154113
226255751
424678452
350075752
193446565
732298868
731701805
980810023
524621100
799152642
791630073
953784831
743387036
534105204
527850786
326075332
764068487
701738500
311277533
578908227
120674377
780805290
203279343
687944672
690478100
868517998
310652563
440861874
767596608
458746524
999135266
448476646
192022032
934745823
646141760
568984300
911272268
149740951
895758056
486232133
713911480
134908824
993466685
987233260
374689180
544123074
239651252
510999688
115685551
819210820
460409506
587085255
391892686
644093391
652079739
823147234
799258506
223507509
747004691
556364397
283340458
366652956
503089390
236332933
938166277
961683117
327017295
190539686
696505131
442990770
451824967
549264950
765387579
628306298
666941226
326315251
314389241
482858578
333784809
715998134
316967864
585247343
133138049
802173569
524030439
583391164
698343348
135671146
831711886
703381353
846481619
240091258
916542212
642929669
538310524
773385349
582765952
679649569
709894957
120338129
959053810
773336376
569449286
770807949
928990461
458621161
193292277
455656884
754167661
811499541
922157985
556801362
272619057
844021874
534739367
725746009
373411686
684248459
819201762
595634732
968973965
660010184
698051573
387318807
624329619
454143843
777377471
626163871
338077839
631290784
106187679
544053984
748584946
401211412
973532268
234200671
942592602
178946862
242663957
140636475
325003260
280027878
242608236
660788354
814749367
751784641
250001942
697170574
921549114
942626276
988072813
468486925
806124702
619147642
314269980
432771632
140655752
508195100
768265659
291485908
114872369
644216657
436253409
554780090
236434882
607781162
743130774
905619984
269160358
364413285
694109141
857916538
358134383
711040793
511156852
576192864
157433110
104604717
939816277
933610967
285665305
844612247
618622604
649737860
406825253
941110709
942259419
526001268
426086342
991060738
504365466
795028699
316298758
248860537
109102090
794158184
979051290
979765765
114931692
581846101
737141007
584595544
105671346
252145404
672717677
310093386
741295867
516003360
420069275
579274866
995247498
844238343
694637730
277596829
683040777
770988008
143614242
903376140
171073653
542499308
828631188
712649398
649755162
164737619
897549333
264005996
973626156
932052838
700388730
804566457
432577457
991643645
948995766
209029703
874018990
949236026
982935514
273600843
575544694
484942195
200250603
978279338
607476671
906580473
245713389
625157037
111433819
445478296
581588934
232144867
634776185
837165600
175324755
915412749
635409343
244853801
539338912
937010027
459142395
669096890
677585017
735407865
232619605
403109742
389108973
492758026
331917586
158048213
271885757
675418320
177771343
547027943
798761658
357214747
707995347
117107809
974001884
865630040
440035447
117035283
288117372
587268405
528040894
802940605
488172595
789179592
895608212
978870955
467828404
731215005
189981109
322625816
816784782
255028038
709601525
992948499
801907085
367335457
213273478
975681170
286888329
365915398
216841184
393087142
785324819
792527848
664105759
458727884
486710347
568732142
619960578
691203680
713697896
199590038
496629125
194842030
259596212
499694213
337747215
354034826
850498495
232251239
458904070
192124682
688346611
188994897
561931738
561163740
580489717
832347027
171890034
914227099
132231447
192209326
837207251
475437845
175507587
737715900
831100558
643142234
277210200
639479588
581277919
821002670
295169869
211017522
657070582
333316614
808050105
631330450
575343222
811646075
898653806
774602153
976261898
346557001
391019124
194051583
541235743
696731132
157499781
286886895
634410294
663662148
361751668
157915885
512308446
892669829
697623997
184676200
427058682
893714430
443851704
924824740
875251205
913090588
403569777
980235531
635255054
241776196
625684194
452254743
941204596
194690867
171172368
584911302
778171105
690536734
345099589
343275172
956502539
299591006
545058663
184851732
146052973
806622805
600609026
322609325
333042401
605113770
329001851
976006960
876848497
842282718
926727870
359546361
391360051
460592895
879450677
739542882
755560404
605813426
318578190
468202263
658520892
346036781
352416721
620528660
323407369
649327543
771769715
817280032
972934412
423811395
363010776
972933019
418272903
900269610
267383419
220790019
864908894
648249927
428984203
290480549
362230518
779007873
591418170
366296750
594009255
525838903
584908022
702701492
214856043
755332039
960881153
211908860
273621460
201773881
508812057
504689964
382125793
485452316
915832634
813181530
472282936
178920470
277796531
582833535
680052739
996025312
856839145
225284863
709493043
323158042
318029185
683249861
228388980
527510431
268828178
789735689
537843797
484994162
192094854
988427425
631514790
822402403
519109515
753698743
353662005
642931114
508155147
464419769
296173668
594207787
881395261
252179496
736033175
846667845
835916030
134990365
796325902
935417133
314512279
954068748
341129642
363024830
356952201
977027349
488752130
255803469
341010159
536790757
861470019
793512037
536101272
307715597
350534274
248125863
210632720
522096257
432253408
568405828
337881477
126285374
635712737
885466750
661846020
676894627
602637553
930389457
387787556
886694138
559014615
678354446
539989427
337024622
924687260
855492914
388026294
141647338
625375552
209087661
897466053
916448304
470746780
767596312
534513774
701596974
382355309
896032284
505528090
806202460
940158591
624410915
889405630
460369949
426535166
728572139
971161236
391518380
122544837
282337892
457697208
758027476
258330800
950651260
299386973
227901281
688625011
310950563
473391649
111133502
220595625
108980441
676059854
188363644
720391282
594209708
779831716
619615102
634062834
228986033
401653048
968857542
735325495
627859754
570917038
168598701
634195902
669349099
457999993
111698803
915534578
927906358
628680741
103814323
190644230
621187345
957749765
943889652
388400954
715628693
274535011
370532041
479621670
200153763
147022075
721538290
132265752
683258658
277073293
764724258
340788003
267250739
784638463
419529229
517580295
994032314
901270891
782335450
865163363
741765314
319365300
822661941
509919044
210478509
473069798
692015576
800698634
953170114
572574161
206456530
489383576
186685723
201261286
651899887
101563711
115021214
112190524
772962539
199762738
322193988
792395045
796692692
411200970
240958209
224183053
687014512
938184670
199191189
233152396
175400793
787374805
982038934
755677320
720767611
890269587
126925222
854112024
467305269
216083722
715597141
463135552
121011832
914121709
647763912
970224680
909861061
348462568
839197090
314733729
694379284
182201098
351509732
655269543
197005574
320261409
816304507
805169143
962382796
479018686
877521499
842109224
654537497
450106312
733890605
736761292
116842931
168981803
727153098
819393381
665721458
719703806
993305636
860403272
468013569
778337951
312249382
504787542
874103288
507880725
615299188
884050175
890517465
435952038
546216397
810733377
816944501
914440132
587703794
783602578
295747159
482791195
595712674
824035468
289771894
696318762
536464451
908409573
486594435
930838572
420321962
527064250
276850090
424247750
312443925
927183965
304337856
983679758
256536322
847264722
640381673
134688608
261507222
114138873
247956603
239948201
663247403
884036621
869942102
740347432
229684907
949384904
522657940
997181528
121729116
281975723
587625938
547435503
544065296
416357528
864151241
669675615
956137562
895239032
497090313
975944701
930720682
669751861
523417510
120369548
642334824
632222129
481678236
954889194
411999812
664090992
203859154
759511808
551569960
746231236
734895867
273304337
811309617
162089947
703584866
453158366
501320424
243304919
559967281
397280123
418183039
587506048
151110953
454154601
749733651
662104697
354107662
845495641
509224012
277508788
951685736
248046240
856805454
878899262
359010485
977034666
861638934
867110478
250392722
678752545
649130188
735312505
513826327
617722358
380852396
275183265
349007442
287618646
696574180
337279601
298307614
893407788
646137327
447447817
143355697
971541008
101486424
535656622
188860135
508199720
551511920
565040526
483315728
474129454
216425350
709295843
688914426
928752889
858711863
257789298
787862204
376621502
664938082
792340566
144941276
141104164
943269274
858261245
492466743
746710368
606374977
507197569
109581920
527619310
375727105
342356901
347250834
619715760
426468809
585852506
814359673
694224216
113579504
385541275
368016836
977630110
295503209
377869429
136065013
384890910
547083342
499310914
415755997
158643646
844109829
967612405
769915768
624512467
107408939
195968455
218729597
202200063
415759924
843248270
680728215
585319041
386067845
437880338
979604284
424002078
947187107
284445536
488299247
769646582
969154355
902162550
316286760
358408207
862471053
978863959
657483868
791546623
912340695
773051116
587830589
282542070
239794830
254982019
587435129
458191947
979392836
292368775
747881488
244756685
189148744
500660744
732251053
695108606
159731211
380376096
161973877
550742659
549665162
693138065
202602828
748251389
113197882
230646000
936563197
565988936
488287637
751423213
611982224
152229874
456228371
197944319
752035847
428501638
950148863
388480791
801657770
989745544
974320679
731468054
243262492
264318351
290066893
643118997
540909764
900411246
509539099
510131363
740759516
173908362
287078092
745496483
685674615
315374954
325860679
418051486
595588354
630513846
118352542
497040599
733263160
966417654
903879087
769147549
696327041
461219316
195722338
883289258
890971586
109101266
647950855
693817205
975168359
362346316
152259748
416891680
207782220
973092683
885117273
774843608
819319979
981496888
788544736
439352264
235266790
422689943
997543471
971591966
349163369
856375681
814237367
162622024
777508550
446185378
509128261
438259811
253556019
376965977
443006944
802704598
930010714
211708649
300593061
686507290
342255540
976645467
700852144
625490427
475095561
355654437
210318813
487390530
438654336
220178309
521371315
945111457
245884765
255924096
640165348
675207553
838951452
182883746
265794991
919502991
891177575
288569939
596773273
316060409
511003570
272193504
998802429
633537110
260085788
317271370
190700217
854823279
950201182
277421935
687129119
323863996
421271238
189846403
434072175
876900765
655311637
319903911
179431541
507948009
594150001
410297034
936203915
836117742
965652652
538909954
376860424
113982080
564641406
954957057
164564067
323354592
218267038
740162969
928905414
694126133
718014197
437568826
526596870
648132060
316621775
445313218
141432472
967071546
817973155
301289346
379094123
424037902
353123678
350992076
476265971
596420768
321820559
396551879
787743634
765761136
550460822
670364388
794172285
519119944
432463475
927495172
506282933
245836057
660071262
113774601
508141851
891556557
662289916
706832725
828844068
696876262
516049599
945907176
888674961
339439847
941670262
315776799
318703619
862441081
509391885
979280208
114085193
768063036
495388505
693975760
273034227
155350453
391797063
588309494
473969384
318758195
485442872
700125026
653769895
848969223
177429304
918851353
307376965
360495251
640972392
707355282
471547882
751125624
291964045
121261623
136944397
518734911
733778629
313960325
693593588
857880451
300160371
740260278
794293824
171163771
113982105
272809122
995121408
713507350
767514981
462178518
528287944
244477639
545896536
220785701
110369021
500512903
724495432
604676539
453234860
255219901
776318315
679977431
180458102
293662878
105497783
669664911
134343982
257618758
437451292
712189776
789745182
565495269
501759130
260481359
222608478
880660303
611136516
897807662
309310895
309385133
974712526
268404029
275199523
332881024
779456724
540805392
787124877
230909618
242944447
680708508
850457457
708106185
577655904
825737549
850055664
927450186
856862825
975534340
211960413
454430874
322889684
984235901
519881043
145670821
126658968
509060671
334414845
700598359
947784202
773786801
866426496
566697827
765717043
113383079
911879541
859389725
681114882
841930199
772528585
327437431
330809698
449490722
537173909
648793346
198620060
544931735
780469453
523769830
292594090
714316104
747342657
875090340
666277796
150114222
287459955
148864880
891817220
122712471
181213682
641859345
281663073
218455842
998931809
408895764
207090619
743594988
168162886
201063847
732925873
896948162
770771720
445007787
778967630
861345752
748307736
905213876
243737246
116256246
886038002
925815958
250471438
808495924
174262816
613795218
843263766
556697434
967520936
193039400
940691346
245187753
747824320
262026969
970603862
192538888
495735349
917508844
829467071
467914356
770563868
162239038
464313611
989250751
147068938
640525458
266193151
494970454
667923771
255678054
550062173
612894076
505591196
641081812
109372035
644674565
266817303
840819705
977966781
345759464
344936583
679600148
776361247
936317999
387418241
678622147
866441966
532714466
588945397
803144246
706598433
939710767
285675947
713784237
275358658
150356642
599108118
494273120
741737384
387035123
956018644
696575848
374486931
987836611
515540612
420405951
738018742
247404865
117572513
722842509
880758338
254709330
980634081
611140418
572506210
839344116
188154364
499428177
291306021
269022675
116681911
403392272
861384041
198504466
545002052
433995176
992978638
150944210
597991810
771902508
704654907
589836338
168200102
674799693
532099824
505434858
457764195
459376057
457356512
258730950
497038622
461136454
746758038
101434342
208955670
266567992
451465439
827099226
869581095
616688056
410320944
308681810
100186433
974018244
697597750
653845345
800861934
849333957
819283667
443411024
417623927
563162661
220987870
109090891
923373168
828625369
845693004
800089825
405198029
175724642
654911917
332084515
106831853
299235576
674167115
485391212
682376668
584028103
897876044
932661319
907099439
705946210
441802014
846736229
960116726
606666511
253783833
194244114
189672378
126038807
402036226
952939787
808082564
368850914
475772746
134165306
431071101
924598955
728399566
202474352
196950504
163487822
554382207
717983619
144937686
567107819
950531762
400683820
259289627
662864686
346206194
194517370
997839138
956261926
525996421
967020308
806437410
292721131
785995357
908607938
111971653
572158538
767767348
487062001
469591931
187876285
885744792
535961471
536788867
138732693
610673329
291479570
500967570
707340621
171649547
244443695
279390729
935436293
890357838
615003220
930255200
839111256
165811588
408605799
122380060
862159253
640091251
904238817
396901209
537991547
872286029
568094247
344677704
509276212
307620946
390044008
294763589
133432261
561131256
744495026
643925512
311062459
963054462
537535594
517567485
494987773
688804575
949705277
437656518
934529216
201477216
238967749
420149085
634329848
279801718
263716059
839460774
271910613
277449298
770036060
730679206
466773614
592924278
389999835
767541541
491083151
657995211
786671435
119472149
209341443
593539930
764644295
435956727
322525863
740789244
145869097
838716048
780377307
679560472
700928304
903037663
191085906
186986497
256381446
654317087
695489244
203129313
632992150
771861305
874552023
555656305
419458090
668344195
758729049
957776250
872723669
730369554
405339182
165953144
559476089
857933326
534773452
969372164
412795029
106933318
205787952
362623074
514166881
505752266
482911896
815132758
568389238
281435169
612400318
519763562
452171227
723264262
684273414
280383564
106339485
540993727
962660340
189526297
766392680
489898200
363947628
235006760
424339252
492837933
557727695
755604773
595153609
126311037
848115023
344588606
588551963
713307215
840080040
320773451
188641376
371755618
976241070
284906564
893935834
313821237
657136189
711650981
126117367
591999325
790549901
343617009
596861673
196676992
268008629
977574187
354192498
771880371
924987999
938520593
618442882
367107912
482198179
203015940
164157223
719641613
978459318
744671177
666303087
452785551
961261850
444531390
407815647
325350868
709919081
768942318
267699715
785963521
384372386
655082705
433435858
677091174
970167882
798868057
583613515
520093583
981402240
856618694
851546321
412304014
487785567
981411088
209037662
265410378
694227714
664143311
731129156
951438464
769482935
748006863
480425998
600395466
454437364
494299906
227237471
340345027
141810857
462411141
731541196
761713388
383136646
549936360
168931952
136691958
593823831
234924396
719779413
958378069
638743217
758309092
937806085
580280077
865768684
899048326
471635921
637926549
387853050
743935670
508489101
113171370
212265872
865067029
957211878
767434563
893521428
581971702
381301583
536812858
533406403
241809441
949836339
343924318
630458184
743959555
534044173
834817657
104008321
175550581
547980967
784702538
790493000
240915019
737272640
486661417
495341288
457243193
933164465
831107047
132717940
997127849
947896338
357235588
394223972
235743273
966879383
423968446
391834716
109522044
939716220
829200799
739310186
475207394
129599784
997175911
823031050
514537510
730336825
631200755
456718978
238713446
699059214
109030952
734312975
629401412
479846736
956253133
326895979
743552795
755020661
215655423
824670372
343495885
196350039
872832767
266887125
794324284
269887170
988106544
608870113
917275017
566083807
548619706
804368679
629851827
931339173
327734656
963163238
212863365
847450037
905782913
375824311
142156353
360772906
368031986
242758596
592812356
815693909
670906748
914065228
373857541
212362033
572920109
766887190
356247014
555990161
393061616
440904511
650533552
170890528
191825728
483047244
651108146
764534681
186627355
164187576
696652915
405297340
403355905
662209680
189340828
206721543
412378788
904696471
165822609
103782457
240462536
452942129
683850469
378757747
912696268
361238350
491522835
304384591
606935479
840489052
754959662
909479396
589104777
839695146
747969509
539291565
997335609
282400716
740784321
300562399
885560834
108340212
638155822
878584001
814075696
792178834
562952435
987818931
237462513
723144101
606740421
811022038
820075114
482471750
276667558
398267303
434746401
198289024
972715314
255756633
746817607
767290065
602408810
629088657
858635089
258184665
235563604
471627038
562319666
577242590
524625146
541275622
643734374
334784843
122321797
338144764
330317417
107013191
800461006
986239600
590511981
881194826
931375292
107357750
808578701
335074180
515041704
566566826
494452537
198298064
581323971
838491945
465285748
730984843
951935531
125947943
392639842
691607466
404445189
973234836
436720568
708282759
461611316
717408713
719696042
989389468
896598180
366442000
993825776
926464987
193514964
441464386
846761858
397323018
932317290
842692197
919306701
770385964
457740093
823712360
378943485
203239277
432621645
533388283
567846965
347551755
758217288
715042566
950047936
346772402
261886454
458341653
858464092
307315430
367564874
584963206
673552615
841869375
971485518
195968353
600155729
298981298
574304066
350055326
597858324
956938922
710122321
242738259
691309264
272514362
261709731
140985919
776892428
635601799
673734078
809814618
176773602
478890586
694226663
139153723
989777410
114910471
531141637
299818315
922764944
270581469
418370062
575835979
924712453
610583353
758556927
727915255
109490542
547585401
819536061
539733169
427521280
172089999
456968737
500351445
362470652
920442005
831394036
342609823
908062765
451162928
478612162
683548454
258809053
825307963
542660949
453477297
220943120
658314664
328284175
100901112
189454280
675394175
751789335
359763909
718705876
604910911
951831920
631548948
740455653
519827680
102266067
310510645
739168439
617307272
526410474
238322488
912280081
248336425
214820850
121675940
698070774
422824711
205230397
951015144
552358248
604384728
323625646
926578435
322646389
681680817
710129524
364894312
865684871
380714092
613012737
153917997
851852287
170270104
400272297
263269543
599929555
184751597
566373788
531673309
790337375
847988250
372234663
278304480
145534267
361808574
730379471
986515486
557293111
914863777
120386648
925054911
975083648
354050390
548409671
239501084
397821289
735898547
317585986
564260890
598429434
195674570
318393093
355542940
135125502
462355840
439046967
470089545
850575597
476692045
209393389
757745995
907571234
829279081
557166942
986796750
637453605
276171141
420565079
265385264
288649976
768402836
126693096
804466209
231024766
361777877
531096618
846126179
163683701
491446951
261762968
971392732
984944145
866048182
226983679
161042861
523655711
143099964
196668737
884747490
755972838
288080381
965830335
405061764
961070923
999547659
711653510
951223956
409645286
101284767
688289007
174420695
330755669
850525050
794047386
886900627
741972033
659145888
935942845
452019674
475468704
388775193
911141824
615954910
970502525
767225221
788828604
619407071
963436505
875900287
549538782
927425247
241574408
740513502
825739358
198863041
450653022
545308152
541123935
172414386
708932298
578229226
443848845
112839550
687004673
296278743
493455940
919133752
126203294
898276452
766076396
780378510
307433212
454436556
229148456
761367904
769086858
239096058
396620389
295222782
676095767
101550945
889041575
778874530
648615077
572686073
858963766
193621688
933993390
290041947
683203046
640808205
237281710
510080800
757974023
732890362
580726999
252816256
119375144
662477959
925639544
705975023
745423061
536796133
348010739
498453618
603243381
295536459
263519872
919433219
722993229
793693429
603441697
432633765
684404747
566103428
955091368
870291431
483960768
342621650
451372812
317939746
516442013
101939567
524816352
572069485
737085161
518309079
314623864
443972354
762918737
766797053
782183052
478372501
206654560
930855574
819863903
487016124
652234655
341601759
544620084
941450130
973756871
440025152
715644944
459110759
997516078
337454149
159650389
959482043
559217816
370496935
950992417
183737686
943683800
908102188
841082793
519123190
670369056
863513515
186559229
197743008
418884872
651953119
166349044
646425934
114561752
254085200
812079087
668780014
113141839
437423633
498892006
114620108
391572984
146723574
619894425
597142386
312099304
875840907
554954525
446709099
902233672
874663416
541732294
639279306
777148848
333616828
628703123
328288043
646542858
814151002
375243708
302055746
163644488
170391074
800666697
696395020
704802029
669654190
866002828
341644250
822173670
191060454
844981924
681243664
786861665
236193876
661023065
271393666
254637158
771808670
693175468
161824381
290255627
147599328
121005223
981329431
770675837
354259082
412383966
427115660
333226939
195750449
144987105
995925271
321857095
163288561
475897087
944786771
318918453
951391419
930675205
141394853
903327024
684523732
743016663
512814883
605614531
359241664
923436429
566097928
949770089
695917180
385049085
858190033
779716338
765265684
135439072
399563896
114620490
389547918
747126498
701516964
734882971
104677801
671093959
548511762
559201833
505040102
947185210
273299429
673808590
736203911
322757264
522410506
622205186
720346126
831211070
938062970
344990952
694317224
881301808
632435903
494849411
595336842
646296786
578693369
384444709
894093998
641513501
946634766
787952251
554659273
837042495
757243879
892378032
207057981
505704912
421810539
905646830
677458803
690323177
396178843
103605924
219313669
943227359
459008891
495568281
189511969
208964739
834314948
524918307
863883691
635236597
879017738
328013455
677935341
886604345
660319869
122018983
823201810
317800097
996633002
656172553
177815375
792088024
689683952
323267110
443855628
331207959
655076057
790860234
612793206
236055008
604082241
770616930
979492919
518778602
559614590
733322650
175656072
417972975
117852284
531266334
751960528
650499874
781586112
605589092
486165069
663292158
320755572
371926989
197176592
560332201
559562929
808568127
304136987
917057131
598629396
608497842
250684833
160602730
401390038
238329536
382719506
381249281
110210664
218714330
586158115
208314903
983915308
929675261
384439745
829876820
188301609
946350737
173663605
329445773
253743027
914053851
303323009
965785615
827839476
548261781
741742170
624698854
272021770
284389541
461913387
975184436
589425745
972172747
812378306
936323829
636978796
931972152
557268821
268177616
937330720
502015703
371091295
845221506
115671123
421423570
813509108
866924603
807413937
229328635
434134329
525224442
802786552
467295684
106383801
747867945
714378227
313743577
133153814
109916109
846350959
853752090
890011102
899615473
999953764
795206368
240571886
840841351
820789880
528361195
446647332
802651839
682774556
921689681
753075735
697527893
769722191
915356956
186838260
386030564
839428574
232847749
106893095
727063062
391032323
633328782
810113238
813055743
825276824
437373418
476148337
980616522
277744363
167300661
912628910
275758895
330647176
973634412
284881877
134096622
735713282
130689106
715701239
547829193
504016718
945377085
348521957
258707211
226431191
245406570
213702044
241767243
576492817
528044017
121782122
697017691
800995395
145105831
573893137
383441379
529543365
558818861
395624314
988011257
819312955
664337267
979998765
800402994
246503939
529448910
942097306
746910898
523055424
711063371
261342460
272484311
757725607
999156923
196579888
509206890
925597844
196344511
300877151
995570105
625094861
680133953
529282414
310554577
423570600
633288533
233844835
666954843
215110911
367599720
106729044
336161150
942757132
692358501
149227024
938410957
699427328
852391451
786738440
977727820
329234683
370177523
615622310
399759382
307692208
978137465
932532519
249179061
962666308
716307212
618445306
798412761
895584735
541812498
666019464
716790640
873408214
794054113
918989993
652775367
430744535
688743598
974053328
531074888
860389817
359085619
903182150
728833672
863895830
861392566
381804163
645651486
303492987
938698702
881133014
274451879
696076184
837641630
738201313
606168807
146761364
641033281
882580649
846168920
238100376
947288315
320857407
205787714
484807077
532059823
708348037
913266706
497151162
479397311
926187728
151403802
453850738
656015654
654850967
217683822
873103365
606775623
188555418
939211800
331841770
374186319
613051747
141896798
566413815
777163835
738644949
760874323
498417583
596226651
417159214
267240905
216255346
944573516
145094163
613929442
695778952
438625705
278035412
608939830
469652599
920113328
742984566
236308604
427752810
520273211
218178198
446615338
882982446
314511869
263323368
938966434
200683935
353484487
898560933
225077983
515596458
776801082
268686211
157013303
866796466
102775630
542903184
348430756
104914480
492759932
184223104
252861156
745126312
688222305
799408929
154368617
579916797
115606585
947772825
698629395
157754835
134074868
232933372
818417991
952370734
801270723
876642048
462621672
779717482
777537195
977223079
779920184
937081830
703218395
538869886
964757188
572670680
236118513
119102719
260079014
590247443
172247376
873000036
983315216
206948357
410931619
270344969
262179637
523454312
464237346
441370363
932431940
375721659
747785583
725229809
926290064
628973098
355311936
654424467
239592758
752678278
949065448
811161871
977854568
145717877
529161346
585102600
611982205
185593592
765991980
519620942
760501323
898090230
185827423
501319614
260353254
120174556
592418777
932164421
992638591
430299168
960863708
992981372
638574404
120560707
577436536
795148942
426308637
144109290
965777449
776890940
614415969
801888772
823072516
320926393
183825827
991132276
875293771
131686000
233588475
876322849
534732227
669082877
130127011
759749912
446214400
602492656
229743123
672168211
569490266
860831973
769622511
420971254
728923763
409476496
282052397
189228067
349658128
191325737
839377337
415120450
205317254
117952591
562929334
527366115
575842293
278771472
724485807
607209124
608890463
539397768
746910966
708254370
904334805
680620560
349173886
324173699
179388133
307843956
881950492
862865827
642226627
779874421
219360117
709362620
766949167
609733098
607781514
187185344
653776957
357755402
664654461
274538267
872492367
474361312
551380750
180509213
945571375
109636612
577406396
736796241
793620711
861608525
160507978
496115481
610595964
295763411
542241748
211246203
590414680
867826201
666948796
813474146
964929572
148181135
463122587
548456863
894873803
875675460
457929915
535722748
440008063
755648236
995152855
595060080
990936928
576274176
317674089
524015185
576019703
657301646
198968697
853435873
864393622
718660386
892135480
792942514
920291042
986187910
845083467
875825836
974822154
777398952
601490031
884706133
928010115
382022036
770721596
471591208
144362850
672439575
409825888
558689984
709281040
291318458
486968631
466013537
552858490
467759316
276605781
411481485
612477663
944703786
327364393
865598777
473542407
966849947
548794959
599548930
222934876
428596932
143708761
141959497
373487552
934843241
373717878
245576622
625940558
780988789
203077815
165129147
230855581
235615509
694146733
364108526
125084347
224669740
134806019
908750453
741281021
363872218
717183753
124035622
117901342
100909856
898993094
843080988
796009415
752210314
365730834
677183910
270716742
242946074
386432351
630658597
307502061
482619464
356269218
140051591
889445157
340324160
852490411
149592617
896597761
694814389
711594161
756550977
220056740
936565173
269113659
346483847
171441017
184807752
593069211
425184322
159411491
915532899
281619489
863055844
472008524
955630255
450208682
813892899
494114461
960481638
995812665
577132931
203998275
756009783
818437209
706828841
567119265
417411595
906151802
727708429
878072553
760936495
360788635
307577806
810800759
243055364
502781551
820588990
296170582
621407868
319617263
473015288
452785197
898919230
409840764
880194862
198130431
941177205
102874644
557701920
781327815
268916759
840354169
695365650
343136403
194564771
498187222
871656372
854862827
646272307
536886497
634772035
202711892
496630156
680496899
440661953
307099960
878214511
961123533
959009926
261639953
446415495
906965624
279869165
711417481
837921108
237075437
854225126
863733831
887682857
343206003
692801564
337793709
496602089
134119282
780299891
825387571
412472650
441906199
405124203
668237769
927561198
599225990
723306265
537025240
998309113
478781725
468868745
873318971
858056748
155452597
249037120
702781403
450969309
230205836
108232254
455901395
617549383
891870296
186024617
650590116
282697351
155688650
483124700
974629550
985627269
334784230
793115728
307372382
688238281
389247238
600947036
724041862
948422608
128287805
476266826
410424379
231900893
974040399
790269411
298125046
628530756
495969876
907075505
146344637
725979280
407103989
549248454
921595781
888205753
808517529
798799793
909317198
115470065
685363192
393151670
623019015
269831732
391481552
521949005
104483983
972812407
621530763
940967675
142016702
145796895
603006694
485407037
320673383
644371810
708415477
491594011
958242490
401775425
283992572
601630460
948302768
794599876
683901750
348839971
411627210
789786820
523688758
670954528
709102587
325306637
795422466
809709528
868828084
761319243
614033229
612394478
972596219
965993338
758198493
147910227
254073354
470684721
145103561
175425388
706268462
664365106
412337163
555500067
776450818
934878326
898682926
754613339
222169900
722298497
134742897
568968936
923848692
494301981
157452126
276681584
436548284
903424534
314384390
431046842
338003799
468871562
644228016
673887680
307854500
407146171
945062342
581011812
904902237
751390610
344238870
984544483
956450813
266275789
255836007
833612941
717139869
632303946
677444730
149504953
362271123
506584300
966022241
684064136
826399610
814261994
713132893
954703254
900621132
614451611
579582942
884891680
759760764
508787548
667477095
273486395
264146440
890133629
999474104
903225264
576824642
308609017
623136789
619491762
785001843
290833417
467201323
344283193
927314477
437144995
275298725
597963262
941760880
838320185
311863688
574255735
624372578
355133463
945666778
382888177
629063366
351792353
471207729
188523795
921020445
122084974
794496929
417217398
194211634
553268799
142265831
379004549
349690049
595812845
793146608
229833960
253951940
766106232
436260258
597248814
288544799
694359816
233553632
130453118
144451554
559918284
752728166
199634078
910350945
570442546
390134395
235003427
395357536
399742222
784858248
275649814
801483811
742621469
341008094
993795041
372068423
103194186
165521115
649452744
623910067
311176690
429502607
374013153
824583878
457729849
158262008
460036162
103322497
352803707
142872407
995610852
213335204
849422567
714757322
648051197
566487225
209430763
263549892
708126874
369276896
847358507
213029588
329941272
311716637
205597279
363638300
483012411
842428091
385723818
106796136
608007484
353166702
391223026
246575239
165996491
104945999
665953732
743828486
554883776
541988956
117888417
314995725
300038179
152922390
621273375
411719809
440047549
832407121
575547424
175020067
521061959
993778437
570785039
651794647
536101722
418259186
246094812
340774449
561260610
689856434
863857322
298517496
913691526
501242762
829699362
428058205
705912284
321033946
164965197
717874553
969637579
905708323
403011872
657334470
178520403
786526861
782444303
162331037
412579360
913094024
636172075
634129354
283771974
363960285
936612091
531518408
575108018
622652945
764518787
202511051
497042119
179400697
101171818
909554071
497719903
274294425
154817785
869561022
856170010
294732447
315742604
653207265
643578257
254424778
132425780
762854550
203902428
958412224
557564114
299798891
896018595
252013263
951809561
759279948
850639663
183950651
561571606
211647456
128760820
524650457
996205260
224493984
366991115
217079642
747756213
435532777
428864697
683962240
134938080
984445868
937918073
537571424
101888147
735716056
893108774
723364862
107399002
788982057
508435037
313905969
761160598
543447665
394917777
931466961
192051703
609844492
557962235
565149077
880534918
672843571
926772797
886517021
806318120
403316053
454633055
707364028
634683612
165222226
452834940
745158093
465659170
620111440
848332961
549833717
968570792
103374293
746866965
359482871
505812869
258453508
586968567
435575639
534634420
632995654
810577082
846560890
674996428
385230470
720517514
977531402
939769209
873498632
738596969
726512232
324226834
766622857
684777369
132232622
419069017
270813464
700442209
618212861
425829006
351522724
834387640
348109748
579049058
829117709
744397905
406293126
524283685
131649082
886481758
403171023
211438424
681678158
144654123
629369680
637380751
913026841
220986103
680914981
249765828
322625208
312539817
907673466
847316712
803224671
426877087
271373659
930939713
496773483
922470173
889686674
946335701
765094789
757968710
780724792
108169715
347983867
369426388
175213983
940464783
133089574
660233887
846141019
632581200
873452446
853270135
897170624
910728966
977746786
135908514
696152549
101477663
678282206
865462438
271505871
352774512
938497861
727327658
952819277
642156218
550903259
735489705
574468376
848736441
696334737
847261941
990449962
349597041
884452150
334129726
497240836
575320271
636362474
499061603
945573723
845370275
896161007
151458647
879913373
630836097
699490725
537461098
396802667
283002256
422594875
863154939
311102888
573720569
880548737
968178100
618924193
460016793
737170356
847745255
597484617
352891816
386976777
704800183
518220190
942246253
742563584
696661849
983922186
455860846
614322401
697000909
641029367
214869960
712818305
992337896
318780201
798084100
834178619
901149489
926831991
257253294
870741718
424354367
127998669
987974961
876268412
338487141
242526356
550109371
944305179
287754182
191506077
122192654
700446058
146356515
187908349
471842979
411056481
621095071
596949711
169120948
214778225
550780672
995118893
494526332
658745579
638647519
557609062
945421110
997405279
501700764
614687116
266784258
175953353
952475118
780114281
827427807
673321943
919530642
909531522
228990913
372271532
104966184
181071546
601168869
566082312
924159327
209768209
958767957
494742267
967658452
634080857
703594605
353482004
692300671
624298799
628693383
580737484
707472823
118747379
397982558
914285098
341540009
681174042
762388200
260447813
630094380
896344757
890613148
729060732
242683308
345497824
896765378
403461393
559144217
494840134
544833285
621160880
410174233
776151599
362335843
398987134
843095995
166266010
514256276
475282422
522289346
862171005
498870118
133618129
951325198
911135965
673767691
647935316
381113343
620685612
881324895
449033579
461601983
244088362
388878776
948168403
453841231
550253931
787803814
434446569
200948954
263881050
544832129
387015696
419936607
570924532
271379452
226826194
290784655
495467966
363892820
624778424
848700652
504732882
276765263
994559567
405164892
298673425
738882528
259600854
615470443
431844479
100818679
868925821
753227244
649161972
997724342
327362857
380872194
773410414
773801569
821368353
697275465
344842663
165483284
135379060
917058351
141382689
942453379
809340338
609012874
281191450
825699950
578415151
342475966
523996490
584929465
351967398
318842934
761820269
629955676
162117172
280829588
242489390
390795329
564322140
434678635
113282779
782907789
396326421
239331839
486713434
541142953
800244651
395376633
163149354
852233462
178602211
208915732
849727652
779939480
722352325
175050378
969362255
264538089
536029047
839161401
416223858
526580786
412766259
635379911
970511180
963092346
597192138
813173507
588111761
388200124
797277216
686968567
126768710
180487536
232054444
606064578
216345707
797656647
775424243
927706801
313852723
802000603
301365621
390816216
545092779
769946209
813886082
546588095
539281994
283320134
640527503
223150022
544940700
763127954
517794653
885475734
138636935
776233796
597902661
697371827
118251769
651831199
641022084
887098460
614818235
341867811
694803336
516730678
507346700
821366791
682633340
445917132
530245900
820366212
907255688
617217115
432136346
626579926
441627710
320139968
660115177
939444859
436997753
882771396
811166660
986336038
418574347
818572815
414206529
997114679
701654163
775664730
876478209
729903961
297994045
721023533
665446006
660173523
340091261
718234497
364069702
424417868
754960488
861768206
759772774
966221934
343556059
592148458
254760540
789430921
988681198
601978579
881384773
205870325
674914793
979648484
739904853
938752579
308681059
272103944
902024644
684156897
220568062
626499018
754520460
168620619
722640809
830728527
307594953
269613382
807920949
411707233
250379621
301775875
106040405
318906497
589546684
565449462
433813627
163318699
836506947
700014532
647599489
517358825
720563831
579937304
941511730
771891988
375479290
954753153
659784170
832841648
825972662
845300251
185623536
666479513
442225239
455693576
223153579
273477163
703809112
487626213
687461633
617518298
297670626
319376999
670291132
210146385
407461553
483708809
995237857
467921748
418427994
123818414
377878948
596116525
669838562
165769486
803811636
134276820
838042183
500545407
157017023
764492723
124796325
540317337
430187758
943600646
465774358
756289050
690697535
164576007
963186012
430066133
891896125
292175277
508268056
258884471
146262647
498948058
432378073
370365693
877428743
176811498
577266946
637806992
119362027
590441299
330469875
794658055
216742005
434175800
491333771
270480289
469347109
600608362
667462283
875972426
482947478
104802918
828295844
958505999
794965948
316308309
137064859
854005829
295666828
795900881
306203776
512186473
735653853
832818763
508724749
355830140
181488643
393916465
585955958
332751847
777940831
915705159
292055611
897403963
457274450
944812822
631191556
783074445
717944594
805808411
304389049
550797384
200752068
345519115
540106166
166806853
811889811
915933072
889268237
557721221
636620545
305838728
713627219
784459316
813781925
744622155
201432280
178124107
738599306
407021485
565205559
362522115
121978387
616398128
298038245
594166442
860082476
433961395
216752990
839430772
882518279
624128356
196367131
634072080
612036809
745275041
736772736
242336646
343789169
430899908
909748476
611211855
785341343
894233887
578776456
318293913
552960126
900124182
647333474
254743179
705575591
139933054
273296788
751195521
827921147
395153265
810635645
789589895
900258497
373680543
597632006
766647122
289181100
320684421
788296073
137730427
110880445
487985625
329341162
523346061
813744722
723202890
399332310
723034428
753446579
271710777
687216699
798848594
992476870
850284667
698946021
775562209
769845541
985977116
819789754
461727988
825305111
110406275
612350778
983186367
801726658
442455877
479361919
340151043
515129770
441698654
864820507
433203176
605370347
234199936
292027829
716723181
940625146
329848229
394238004
401920566
391236231
790799556
371535790
446341335
128333579
182061171
989872213
981537349
342901359
413597137
966276507
590774519
458878689
500176036
435403488
648421736
794765957
641804685
348083712
660050592
980823976
296817844
828393934
355014136
570773555
121399942
313714496
142305231
173495703
700345426
387960380
420773273
880852532
652946954
745321133
561854242
666680862
278539506
613891188
661224765
481142228
512829478
944554892
448274843
636281152
218278020
123511148
246374382
346679844
930097930
675074896
923252719
457805927
601436142
953428978
193470068
518702431
896516764
311379968
262003855
400993464
869978042
714396248
502484736
397430731
322304176
722765944
179715207
352667981
297607690
526215303
423072277
384894920
188851714
830039479
103955756
822209842
780829901
682884126
254025980
732081842
928551057
613393368
966473481
437862153
142651161
854025402
936251263
270618483
244549785
997198949
472631287
610108171
334543342
735670786
455216314
546361259
853911089
156767155
825681840
186373749
306206846
877902958
916164540
764399714
952819288
545735599
817269104
376471376
622123909
113673947
765447067
583890077
964167742
173728898
485214243
180956295
253949780
522462705
845399645
387795627
484190692
406762749
619403965
966142751
835182871
637045282
791378919
334448488
319775962
244453905
869595506
934154439
360008335
174746258
754947017
397976649
855606731
353765674
294081576
939463635
346879393
275333882
882200473
770977406
447905785
615542114
378337421
645169575
346442696
385564188
285932722
988053756
912370898
102653374
626085410
908089302
332748371
852741009
552821790
438300733
687397388
405439101
288906304
147911526
339706517
666825296
245661023
314073373
172712180
963638838
155909008
285800258
238927920
269561686
625204908
666392100
725884441
238844977
130651782
722299731
633774620
241604553
532677045
375947619
481631869
895916160
109285641
318176195
262758328
983222629
358085872
593688534
774144767
831506394
293330496
650316895
455355504
814382896
213787940
837049875
284546485
401887486
348318052
649725017
881117784
998435677
894875708
252110400
891146895
540400428
649332654
263170022
880976158
926775380
105104658
948263548
880342224
243555166
362844570
585435378
929851766
714567967
546488417
853636735
578622265
794171574
373787430
975774856
260780818
442466297
757073528
213430403
525674019
669681390
161603284
432856080
109240530
383517000
999759844
988497627
538334415
913113483
374908840
845928679
624784716
740262787
219865990
892213430
729696513
794526059
944373779
232694591
106630582
313486701
669540655
378631121
742317143
292998356
345299066
272005627
450598897
190139707
936371774
151369880
269042375
179325145
104969253
597062051
190825442
809758907
923003483
588622507
881008738
274905918
253938691
156500996
146093357
438120125
310475058
513994341
985455126
477115598
412174626
776147501
461487627
668168611
572588211
624475505
769711497
147554403
562537874
351639704
301855716
633026303
393564792
105772174
636470336
850090134
340681951
291564549
729817758
232369310
581237705
926357160
231567995
441318104
824852451
176717806
197626835
728039651
745764019
249001222
470184649
917113152
499016931
114765613
790551025
453546941
913869319
645350423
497884987
338071713
946161925
178158076
585686967
389197202
759292551
295145681
549027043
523299621
117330283
110021923
813617300
190059671
717175400
258977588
532473669
209490175
836299492
173945836
416516856
365923390
353620323
638227232
196363219
325596496
622065290
574950192
796935102
505850734
549744006
925556761
289998526
444311369
987700291
238057105
338008099
848351729
708901991
337134096
982830270
621022647
649646056
921367399
495029785
845930127
249312872
425422248
597868064
557678984
633434650
880679936
893823400
299883247
784693847
163558252
952284967
642927624
536910483
886284358
448779173
557501129
116321307
430588838
988658825
589568332
163587722
745136392
654682714
356817440
340005076
513750072
763802278
175989055
900192174
827074559
995145926
720088329
582574970
861034568
427339907
211361052
703614466
471089704
982696740
909232173
436797040
175358239
117758570
331674778
812539780
591270058
422986091
526732616
958800636
621040745
708247886
434160176
240409392
308884811
236012773
205405610
570580456
581199042
525822811
502700348
957523358
694274418
786587926
666436134
397347847
544228541
371788156
596574702
721971774
944654123
937574900
423385344
907428879
560153940
939174570
198518145
550626168
992525237
390601007
514573908
242411765
973863874
651717071
524049313
224265134
988019362
176759975
340529262
594151258
368523204
621388239
843933513
911394322
367056412
432501683
910968631
798998079
451892132
913094973
664697801
392867998
758582293
843587486
521208342
659953284
165315576
767859247
576604375
765095678
853654459
249786876
242650525
943392663
591409434
580701596
580744509
746418771
731423264
510526150
530954478
832361370
113979133
456997302
380815062
298743352
714316002
253284691
866387217
865702141
302834610
692585205
731243983
772122649
645749207
956791486
124422362
530844142
746468898
924829405
509205008
663181592
824463749
478299733
178898328
365517701
224313180
732163181
460862238
923334215
883077047
714174006
103993950
390139449
658916511
922226014
991854892
770345961
545680853
983729004
587976891
335031224
591395444
861541757
845303828
311872567
155197755
815427631
724666122
660143778
175129765
182665493
523626012
694762228
135224956
502016479
672052062
620338558
781377368
539066808
835246635
111866775
469402938
912672658
204693533
895131812
401037081
467619478
119041529
219124946
488924599
799585381
361873571
346833005
546730433
197779193
750709119
929391729
660713990
455226936
515582098
141514479
883281252
410598044
441358729
935682567
390856911
649546283
317608803
776718988
645003254
227534866
445544831
N: 92695019
