P: 291726693
6555022
1126723
4286064
7185571
6952879
6212843
1489956
1207393
1415957
4769216
1462110
8992576
2741914
6945184
3136210
3694553
8066698
5274876
9641510
4892018
5258074
4884970
6004963
9380131
8618051
7987315
8639874
2211300
4979020
5544199
3071335
1985193
4403470
3221636
3996172
3698834
9870498
8072643
7037785
7732416
5233056
8670312
6541381
8983541
1665931
3021989
2546925
3480373
6027774
8651182
3989154
1152093
4417429
8318228
6711398
6767367
6804889
4470699
8988912
4390002
2142345
9890930
9338533
5420238
2200147
7160239
1290042
5503068
8771665
5099202
2867193
8974152
1999683
9360502
7473768
7200472
9170981
7899444
3770386
1921563
1479261
6753984
4852092
1379241
8409593
8450449
6154670
9875713
6087885
1405332
8486649
6645560
2941883
9382189
1469746
9272246
7991817
8890120
8051607
9827740
2773561
6724075
8332134
4166437
6437833
2222765
8216680
3755476
1642405
4424480
2229374
4675836
6426215
1316185
7884589
9980084
3585366
4818992
3908994
7753491
9824837
2742014
9880031
3864138
4722060
4727216
6498976
7463364
8370842
5072751
5270785
8619282
6535787
3973084
6856824
8857529
4427184
7501988
2749817
6328740
8996967
1063064
1869835
3611444
1062380
9820356
2775192
7890008
5103097
6803838
1997072
3031685
1766686
6106870
5095980
9867333
2260570
2737141
7812099
1124885
8289560
2415594
4822849
5802868
7022318
1904377
1716061
2663404
2037028
7033249
8759600
7642312
8657865
1765910
2603275
1006123
8559063
8814627
1480676
1060851
3425747
5607122
9029131
4072955
7277865
1465235
2929942
6744703
6041355
9697466
3848480
7521931
9938683
7054526
2319424
4039365
6084813
1298532
6834037
4851366
8515412
4557103
6888211
3196826
7931120
6620586
8639004
5949891
1944325
4616704
6184808
9695305
1665706
8525674
2452519
7086082
5979757
6778253
5263738
8406119
4815837
7479681
8677680
3888702
6278387
1460555
7541328
7628209
8623754
3402330
3184436
7100347
3750203
5784905
2318171
5603323
1445527
9621447
9615739
9168254
3599048
1380656
4415895
9234619
5351658
4878108
7108762
1975709
2714417
9783002
9641455
9619748
5956402
2534628
2174861
2150895
5860054
2565390
4238538
8684337
5776561
3558056
4418590
7657437
1580548
9449265
5642391
4499643
1244407
9487815
6845799
8807974
3919112
3761891
8577908
2513625
4752511
2395888
1095094
1463359
6384440
5555900
7921291
7061476
3743935
5243700
9585539
5096449
8835838
8758312
3084070
3892876
1430425
7811424
8244240
2968783
8705027
3032716
4034190
2770984
5381398
8206590
9534944
6591607
9941786
5621794
2767425
2135192
7136939
4403156
8704420
5903478
1757575
2200927
2827061
6874343
4439102
2918688
8793450
1774432
9041595
5198708
2486690
5325758
3992163
3964998
1070555
8274234
8447367
6643983
8438783
8883118
1436084
6049133
7648155
3428831
5260281
1160704
4830034
4319489
6226269
2009738
5016604
2341272
5110099
4705975
8202550
7153452
5998816
7771779
1934116
4430051
4122943
6160782
1359514
7395487
7453551
7227926
6548157
8458532
9403481
5561223
1722553
9665611
3636824
7337187
9066885
3589061
6691725
3365611
4151076
5888766
2343355
1745723
2037593
2619157
2714406
2130180
5135461
9813355
2402911
7999299
8296216
2045712
7871541
5155663
1196116
2537066
3256909
6207313
5225909
7365547
5923523
7188435
7240011
1750035
3155208
9312965
8414716
6307027
5925321
4936940
1593886
4800250
1638685
9466038
3534429
6232249
1292140
3549029
5090998
3787890
2058100
N: 95105836
