P: 409130902
93604824
16236577
53060281
99475821
60446069
22572162
20500992
72946426
88942104
41204593
87376403
82949266
15772814
93417706
42216441
41833408
21062823
25039253
91776950
67455855
80942078
42542100
43175715
72889455
56295566
74194949
73589732
28618630
17530376
59288946
77882397
82528355
85857179
52450370
14477551
41796506
15539326
76832697
59899731
57580454
73010153
93368898
60334792
14222033
27568649
28864898
94014461
29017421
96697985
11691865
64115764
65387270
71108503
23576781
89510744
62774868
95651208
81765913
63758082
18010272
11075952
36701139
84191047
47116445
20409458
19303559
92136888
24653357
12487726
32535371
97299488
74174262
89418414
47450235
44860041
10734478
59756756
74401744
41021585
73235516
36139667
37503932
74665071
27564969
87165393
90876811
99546130
85788645
23025108
55664621
23194388
19971072
47001013
86437650
80947474
37359121
39706419
61669752
32250292
43627310
38629254
47717317
52903117
97272304
33261515
49105944
84954718
63352748
23791215
81822484
80007592
68606021
84612388
53647490
56093339
68815658
12733637
79460412
34560727
15137229
50467421
88785951
98914745
43029003
87054325
96981512
72896312
52980368
91780250
16554065
53724081
10725491
15709477
64628835
76022264
21592045
60223277
12181317
59374264
57001922
41232934
41377512
54421360
79170947
70679241
94383056
20092573
11060165
53868089
96579270
22716974
79388678
29014130
76622665
43306366
60744776
15160514
99189143
91159314
27088113
41988873
18877174
38602793
59919228
74977503
41690982
39416821
97676864
10682439
41325367
29236288
34079591
69440723
41170890
60475372
25868266
37712118
36116430
85660437
86747568
67775100
59703188
51489115
88274974
32933151
96066197
56601565
28311379
28348023
45489869
26767139
34037949
72647248
86243931
10860178
93851098
49098379
80128530
40265516
82254487
76563781
78542302
14835029
38145154
33344397
11555004
12624641
87430862
10544085
13366232
99543348
49689135
26128051
77965661
65509351
41232987
97758449
56130233
90411303
24139940
28835766
47142773
88555606
24105779
32841093
54999655
18476193
15067914
32201271
72463639
91029992
80109298
78688564
32147955
96775710
51411655
57808179
20827141
76040296
24767764
38421647
58982951
28571541
55224677
65060637
41798184
96498829
71487900
14810461
98296525
34863107
88933786
73891523
84236427
68171600
72838843
62039700
48727593
23779840
37885572
51150143
50899127
51773649
39336854
40340070
48991213
45337334
73488518
11396316
29897373
50653512
45563367
47184302
63623222
68285771
36296030
94955516
82856624
18970856
49927782
57300465
89958322
43015192
94237540
52158201
38252313
29002045
80292293
87225131
74252835
56828289
23664523
23053936
47813864
12345134
80500596
12828198
75271779
80122400
84584895
60681917
50321404
19898704
48012319
43794223
40872281
19131631
92242558
28723652
93847811
46425036
57760820
19069385
15672813
98185286
62117544
27550288
48269735
71385883
14815030
40567468
43717395
40326193
71632020
72187515
95795124
97254577
32295530
89638452
74913402
88240455
86139350
49016279
33540841
24199110
45595379
47651919
12760376
42958501
19708271
11755443
24027479
81739026
38652186
24914304
44663711
42265638
92506661
48488457
68803436
52997405
58352026
68861247
11328616
83817881
84535136
88861603
41312010
64612199
40304375
87693482
54267557
58190993
89346016
70053925
72614558
84829222
84427411
94321536
18110767
93557934
44106370
40149345
43449659
12913563
90953062
61961431
25152677
47461245
34803821
93088117
33966950
70438043
11517158
21247850
66050791
70049820
36218947
50259122
74321893
41227166
46017050
29287635
50614440
97149826
29109608
55528500
27168838
38301224
78228682
94714404
22551595
26364598
14524181
51294805
58584652
70194457
23398856
65541448
21600776
40629093
42683662
39255795
27306245
44388255
82741594
16531825
94137983
28743216
18003900
51195114
47260453
53820480
66502031
60958447
41902745
81842318
20138394
96232330
29638226
46047259
74158426
85476795
73272905
80562323
22523946
65390103
83653086
96753297
36321596
32555787
41457584
24001812
84029323
51635304
53367510
66947901
95822476
84563247
97957026
84523587
89429861
80351097
37437214
72331529
59774024
62876015
81651628
16890414
70395724
84039228
88177267
11129032
49482336
90474011
84970357
42442867
43463280
56283203
79412244
87302932
79789136
43317979
60373522
81026375
80396784
45086199
86819294
25703116
49857218
75078660
14434400
92161500
68471942
37118819
26226437
16796880
49914072
42056519
46426611
96360806
46852801
95708333
30935414
76886791
55750484
13833704
94520432
34257971
76332404
40532289
79262759
28978657
26155672
48299357
36087486
26937634
66461517
35521284
68675119
93457768
20585260
20775949
73886234
44091571
30334657
64461700
37056906
23306154
44067874
32343557
79274754
87279729
90621607
50298348
55997787
55250149
61445714
27302466
78106364
89665217
62097654
84777771
50668809
78769166
41011054
19444509
48298436
24171291
27327953
65348982
16269749
13058965
24555579
55847514
59165513
57981320
93420201
48405120
44833962
22928142
12470935
49278392
39278563
67443467
52595051
68224228
26355716
16271168
64396218
92486922
84335936
23189874
63099030
36799084
86671144
20867344
90948399
68924624
62868653
47054293
32527249
14146956
56398356
51307084
70772903
78910369
35046406
40021326
64574674
97036755
71280618
12648689
87799311
69768454
43578252
31174313
86745496
14581912
82778225
28658242
13393647
40910597
85172457
50068621
44009578
83130804
83741214
78345734
65245293
66303137
72177553
43393707
11381748
81220809
51048179
99665914
82296673
89582716
47752366
53757859
97549920
55724388
11801875
88381285
25881393
86929780
17599134
66456389
18502271
51834931
49834527
91981486
84083410
40126579
55216951
71406754
48963763
60522698
39830005
65955970
33129377
58997877
10178876
81869233
50353033
16517187
73219794
75742512
33739536
41887702
11720851
69028577
98791637
79499015
15518897
17919202
15539139
44947183
77988248
81282260
60302855
69422035
51682100
46117407
15403902
48185742
45949792
81166441
46064208
30239815
60545984
24053897
12333005
67419977
66124773
39881678
33632853
70334065
52522389
14632827
35150650
71183123
79064294
83486530
74004071
99800896
10367835
31614135
43079300
84778321
47716668
93506345
64327848
66663873
32432042
55007579
82252607
10483918
91002568
60837536
55433953
60049654
92590561
64890541
18174076
95993833
13198727
65219734
64490613
40423067
29100822
36782925
54914489
80335018
54482694
41419516
98233824
48703239
79205993
94751812
71823171
95627905
32516881
18292637
62160905
60046251
81484922
14297602
96317276
10706709
69624239
54923878
93679529
94098725
65743828
81788847
25278628
63207764
22514866
38997795
65671511
62870475
52599332
61831535
63655006
19626532
17840604
41074421
85427185
17550077
63411206
69862434
84512470
26392980
93639756
93703217
80842524
22575620
10600059
58732837
36640750
60650615
22125058
52242807
52265938
19818815
13013475
98053981
64366663
17554315
70912551
20286175
72165840
12864736
45413339
99188094
89633559
21558183
95157085
89956740
11371518
14501808
50527374
49706166
78912773
25165826
55792255
14632378
44472528
20295178
37849591
14483008
43310236
27963970
37714971
23873071
50637383
80800281
44921505
32661210
23990472
86465955
92360616
89127129
19337120
90888737
94290375
11400106
71401821
37446801
72240167
46752498
41326975
52377445
34473509
11307621
81985745
11064818
20456059
71365025
54319630
14079278
40331562
53130368
24091047
50480290
79876083
13155756
94930994
26335759
15331749
98822069
26958804
33002769
84073841
94365262
44358134
17025377
39020283
65160674
86101487
91272892
92649128
68002164
26761869
63124293
96398021
66031194
75237682
81861792
64241251
22124724
82676430
86248850
66057329
99859177
16482219
29308609
70561116
24256187
84366453
82600538
25751729
31994197
90345245
10018980
76813751
68176574
71966700
41973162
25324662
63247759
82438025
89322520
65210710
10976943
28269153
23412385
34183796
46404548
60730238
61093924
67555460
81996792
97322713
97859588
38188142
83591227
23316527
77719525
76795864
96675902
80911901
99748589
25974017
37630609
47360925
94441903
54234260
34323936
93968596
14774369
29538838
39925491
45528127
87473041
95435983
76493330
21222972
51304701
12095988
86565030
90864640
45136827
26100098
25170696
69234080
92113117
97789588
26483108
40224554
97755309
63499673
40703060
92373277
10109567
30183152
57393825
56691951
79435632
46678351
47984749
74874033
59249330
27935306
49541304
64427171
97556253
29426947
40926155
87981360
17681373
17702140
46465574
56126718
52025091
34323034
44054869
95414010
41684864
79964288
18366231
24374050
79310572
44285626
44511611
83973223
26671667
92383868
44078988
65639341
77634926
23201033
66639800
89054310
59481030
40647382
11665694
82280628
99317097
14547916
98415707
56802133
59886654
44103653
89949300
19313876
60452311
69679775
31760409
89500200
51411619
57103121
24021154
20850254
22673462
43312529
65115453
50044127
93069405
99197128
71132607
19638902
72733776
76796982
40000685
20014330
17388263
96447069
40759398
88918826
37443904
19872254
57820679
59386996
48716993
18824431
67461488
38464207
75783271
13347805
92854267
86784788
41549520
98454402
47565405
25954162
48984537
69816991
64198463
32342392
39233706
98482993
64657297
85293949
55271108
27979476
80260268
31194182
97164659
14053206
47466474
19865874
65810559
82031138
38965799
11041638
61840710
23520604
85169751
66604097
20609478
50015929
78887412
43980361
45925725
65278490
78230164
71123706
58656028
42824065
26466572
77743014
28004940
93242681
86875343
22504777
35995548
75255423
45246673
57118218
80644208
74555191
56505232
63840682
20553850
91261103
61455786
31543405
12612557
67053803
47169712
85896160
45918318
20500068
16623139
48068879
52839751
71638916
40943281
62099126
74912462
92240441
59831304
74290751
81392811
73158357
24368970
36945232
46869315
81843403
46613523
96376848
32747308
66749793
45650246
90472319
93041813
86724434
18590327
50275196
46545874
79328525
72048504
39643382
35936071
67573437
86757370
59901671
21395943
16450463
82297554
89338007
36538513
22588891
78551195
88192407
74382072
13013920
78480440
54153999
66861341
16196578
80192532
19140854
41068752
61996351
67466697
11399758
39900194
70207695
52835401
32780101
60438130
35351571
66399668
36591064
70555664
18335273
32837202
98054460
71868730
79750805
77480236
70307752
43922011
72589219
45764763
94528613
39761385
33810205
80691261
14053108
63838607
20981372
72389837
10861106
40717666
24877676
10496216
68147636
84282790
11275610
84038507
50638213
11459198
16629689
91551270
61781348
84283589
88971119
85588171
61388061
40734106
36734486
25199482
61355574
48699077
87612193
24024224
27945136
10210314
53229084
73597043
12755942
90368701
74965345
17079669
65917170
67018485
16569714
60849182
13055729
63231393
74444822
51238682
72648807
85532062
17383387
25854365
26864843
30205828
42575640
75963344
15371627
50462233
92577568
68965756
85206768
27346947
17635159
97081753
73574742
82816121
93962388
68583965
85247867
42108998
20596502
33746868
70431980
91143307
79866539
65654662
13627079
60736245
57422407
51774348
51579883
70503975
40678026
74264653
75802349
86809548
99720339
44018862
80112772
51752169
23309686
58155303
55609066
61842580
89205201
23871111
25568646
79106013
17417673
67210997
82221960
95332760
32003769
13359270
66881610
59220153
82921148
11505721
10607651
46949178
41568506
38550555
24111575
32232630
78849299
94551506
54325387
45668426
29627679
59253018
23460985
55602982
45485937
40448242
55870993
77240486
35762877
90630918
35395950
26197727
49784981
18592434
90761679
73300650
94785156
88567770
47054918
56949807
93225729
30483945
92725992
99169617
83844330
93562665
28518300
90078988
34823201
85522084
15242276
85370980
99491669
86072355
28687505
80674967
56401520
90974862
74705986
44596613
33746655
40067371
39734451
66841634
58728115
91201680
98086173
40977040
86725148
14087957
60560783
97577896
61156933
24645115
78730809
87943483
21403651
29505149
92965111
44976658
77444768
52881046
28264137
45868880
71945503
98221451
21694181
31593456
87285754
12400373
89950223
99885816
78167633
73416137
49255417
78182025
58582575
83514088
20627974
24529708
45017397
16210999
54242822
40871155
17078651
28882078
99496723
99197560
78286365
66602631
26193077
95294342
22964692
47258350
29285021
60320363
35650590
62843070
67231407
89581943
98227361
79753603
56776317
35771499
39575738
40927555
98141476
49121023
34527959
28734267
60887086
99613944
71029458
21120822
66524867
56610090
98304391
65845332
54627225
14185622
92962507
10497649
25305608
40372863
67546299
54812945
99264919
91647590
50945340
54300426
78432780
80092109
93879279
47192601
19504212
20054943
21219548
16100661
22290561
86633281
99794057
66218016
51771812
69208763
33694169
25003531
85962153
67189106
48037937
73773785
30438828
99796272
74385319
23173376
61833612
38643997
33026588
89709684
92916835
67303707
62979215
45558314
54388706
71545176
62550222
42454462
87114207
18467037
76395598
61923007
48400436
53627700
57533190
79422785
12375509
36340179
76256470
63119325
52634828
52800846
53364689
41217669
42883722
63508753
24222025
74940439
48152476
88385515
96841793
84031026
74955443
52650295
51346526
91719115
40286576
34737970
90558486
89760455
73216735
23201157
66548566
27891931
21246690
32666823
98511676
96338231
70231754
36157001
32769131
15751208
32529705
42033707
79261102
19852115
56688723
53570522
54078734
48824102
12606468
77851296
84400478
74304128
72913547
24153206
37726396
57443362
91510094
28699280
92868744
95134609
93144013
49273691
38676231
71056982
43044545
40166422
43702138
85570586
51744706
31206038
28771378
57477425
91160301
92102910
35320924
12741305
41324005
36955458
43793267
62299453
37570070
18118751
14520789
82786688
11334081
53097425
12337475
78421378
86261576
65916689
22849916
63849403
58635392
22532497
33562470
35171901
30788903
95686216
32253087
14427539
92115219
27685295
17171539
33194784
92206618
34071984
96366738
11010456
42701402
74362189
86169975
57788950
85029723
93554455
12053984
27392154
46926191
34569965
89027962
66093581
25131707
55166879
36826946
63888479
85254213
82199753
88373132
90473572
87351393
78821862
27979861
80064432
59188927
63746888
13766954
33896979
23136169
85191673
13068857
11277715
75024565
21989271
86409093
26092889
28344515
54492940
24449838
54488491
54003667
88147567
95004766
34042423
88366432
40070777
35819880
33395102
94306002
25909865
46176801
16356514
30386213
92431680
40882144
89554316
64450630
24811410
14692841
58824181
76515938
59181702
11363705
48109297
24742301
55626722
30064342
23178212
79949693
54313438
45285018
93085109
77282753
44097039
97888301
66531795
32672301
33905023
46272221
44796770
25879853
49129644
15886014
57175570
51806712
50380390
99450872
33595390
14324746
85934530
67463148
76823068
69851559
94900650
92215393
92255109
11755929
41720463
61515450
19648051
13049062
53171499
78349775
82077863
45264488
87322971
25441599
76263020
82553799
48752548
43440597
52123774
76315602
27794928
21850679
27912417
57224142
68479745
49739477
32845324
57441216
65386846
26525307
44058079
77253324
98518002
87516453
49675023
70331912
79242709
45454524
79199716
63091683
95606597
46540428
24061597
75759072
59413654
89444789
19042062
92792147
73237654
46727220
90194878
81420417
57060633
81640633
55301219
25048123
14107305
73357651
74405785
62471225
15215856
63877598
58992582
87002588
74922449
34522854
61396184
66790903
56016593
19567980
90910202
31930466
64021914
93887680
82327514
41103463
90778286
64028980
28488904
65955356
40374082
75089436
73194032
31048195
62461527
37212872
11586773
17819661
26417763
66877442
74952686
88052136
77422894
82446562
25418173
87101761
15933092
42318087
74543780
77661207
61029007
30791649
44232193
90466761
87250545
30402887
42553162
47399325
87068253
68137101
16824766
70819008
58311879
42474009
55437654
64695430
55092607
76223929
31514577
96391990
82447235
48210341
82114475
51147752
56104356
46953458
15804428
74391396
99771750
88144062
10083655
47847341
29509959
54705472
38568270
22024061
78637923
44245301
92607592
99350189
71751709
98580514
49233576
52276426
41162660
19759277
72656852
74418426
23569447
78329961
39091853
64408693
74948572
18563615
51134692
99155485
40848113
60113767
16444614
58179577
31749256
12165300
17820027
23228425
83985953
25950122
61765393
N: 00743019
