P: 394164354
997287356
938306570
534502040
350067135
699380318
845636204
972446715
628774124
536536379
865904526
869214149
979717628
933481569
917407333
479990713
602574535
385681860
113615113
554799846
875352255
457545516
842472059
519938962
586860173
728219510
505022390
341114926
692979340
235505378
698783184
669969910
396464052
716068859
911498454
887552345
560307285
198122954
526790025
945087436
346362474
647433228
282328550
885472071
463057018
881554331
716320172
264248920
427797540
668765176
394503141
149584753
953383037
724035608
319677770
365012100
244674426
970559863
171300731
358417475
986369870
269028845
548454125
551871744
828843751
357725900
664487954
569498078
771979706
109555569
344900559
419411534
742665937
447020869
363441331
374743886
149711301
220193713
480464860
795275195
915197152
634211826
260223578
848916210
730229568
352626491
338461723
395814337
501470159
500900818
870434098
342210182
746620632
360494346
118306436
694580314
112085163
660296849
573857739
285450861
812704636
104548516
124755096
933994102
629577658
882071975
274711926
980242897
945261609
779021121
362466537
456757450
973176068
296460265
208323814
298902866
951133623
578247639
480065878
913705478
949704471
505975417
677813058
946890375
454305390
595641044
850439190
604353214
320407589
132209013
685517858
947152920
364644175
658131275
205409049
993700120
831496578
493244089
299935510
364891099
512617933
580916821
164892113
500534521
927904644
417493292
343890178
314636407
843632704
177580495
427596146
414446152
232834866
551071829
874801691
899444010
599357097
702683296
141318819
536250465
892711494
363137857
528157501
742979497
851169357
633979359
377253870
671597671
342657545
231815663
214629677
994683096
664106252
828736089
393312603
392235084
775563641
982575154
520319571
187468102
454013286
364837755
750884609
324235969
982971385
187892465
190121163
452822817
419455407
697093606
556696963
819792841
908366403
715698002
462758500
950022239
932977540
676788424
486103571
536936014
443238825
272192526
191604553
693052448
873612359
537052750
946680458
667617939
504045248
836044967
310035281
285327635
262124715
195337981
548277468
589964956
562767394
810486596
658146035
550639780
170892144
934612854
616707762
473144343
386547450
269146556
902439552
609121539
452642992
858809865
799675766
709030157
569668407
244451858
814209668
828700388
981130875
288802654
754018619
391156613
417146657
935724735
971883699
531322021
242465704
620286992
626611254
456740940
809895518
485697904
319617589
304960686
673000496
947380842
636669837
186197214
519383742
935618432
326250431
329414860
503312555
197741728
742507728
303293757
904019060
565880752
500323429
621329984
112625661
681788169
601268422
304555126
397573855
276519257
421288272
829284059
228980219
722345280
795892238
952459455
509165208
743340233
379547055
777754906
754769335
995763233
165004330
114189500
609119761
672023317
561393287
595550761
226419199
449124947
238610340
348665862
231280113
320036122
133617611
578777867
205574131
297975945
567715620
401206823
958014196
986407004
898625395
301006163
887421189
991197139
938305019
162373699
149262315
487299504
973948805
259457673
864742001
667039228
801908149
803628085
874263477
902793519
442870166
103109675
332575573
136912212
669176897
266146777
169396869
583119736
939679064
710329400
549199295
250089103
901225857
237224045
689597899
122834681
373638692
913405652
340088942
474951796
838878173
420462100
644608298
590657665
869514928
567124483
812761735
211546828
556828345
909141872
560982501
673789242
709045988
987985838
198120290
538673958
851335990
754000973
138196592
517279562
688613862
208522864
463642240
481403767
807065450
336210179
889535274
181125849
812409381
309442060
592826870
151755746
860861100
515630098
100831484
345322850
383648751
353882257
420903850
947696150
527041679
994740335
507515414
162026962
965195777
362020373
247935606
685320564
600583882
778937232
455278129
917793914
730995161
929431543
170131115
222701207
872953004
957862036
636165401
312748283
364680308
556914924
476057474
231055478
483792308
190334028
426500295
600701479
546386930
694184092
895811730
371030043
997616560
308546922
823878742
827919286
586613527
607886565
628268702
895552507
319711933
219630330
792335464
560637773
767309052
270085173
578834111
116933196
838977690
920106501
857285634
260061160
418220243
330361515
337705762
543668091
581763858
726542678
897992904
919285718
516101702
461545009
681936237
361938355
687871704
426000869
549514862
958489128
873767796
621774759
327228161
196924658
286760385
532669952
223192844
433415532
556928948
919751694
455835204
779903708
134219381
928932345
660248989
407173313
598281572
861757085
598356039
649380784
258868179
822306963
351217146
255296816
626473247
638846662
214805911
324022510
813597775
270114581
757414485
393028809
649535128
657487499
453778291
427360287
440420579
622767922
530596349
135464773
953834598
275098913
435383142
642775153
339893839
235367202
328554343
498347100
973087485
926304755
756110257
594706443
490474717
238675876
538890482
393314226
151122598
592661036
896808627
848089379
952629432
242846716
725630969
899869515
464483150
464724225
522666056
715396801
584998094
188430593
496023105
537393875
161272934
543887686
931462205
373295125
694285238
697296719
281345551
301756114
439478025
863153318
841714644
244909621
212807145
505594468
378536207
520766452
812210082
907789612
276644274
350268938
218706720
487872889
195736747
134188579
673447280
531557607
740909184
315087240
763573654
169436335
468707397
778429126
766187390
225995567
466951155
215716110
298559940
824231006
879273879
801014717
538622142
148467568
111861840
831527754
992990595
446549860
783573945
897853664
802504514
813026404
477238254
235157679
412876128
284929463
894616045
361181893
852445110
900831682
857819316
482328525
444019778
399602619
724447567
786729619
226495942
485782039
453890555
580166552
657252779
192627986
140958700
351363296
151523549
825091440
113198564
134063172
988083063
640899298
296294292
765773280
655198146
646047586
564100612
766844805
690092230
446947733
212078280
699960865
134062906
855046579
699113213
652605686
468283128
423159103
349189897
139213136
288915568
922736984
245396378
870987943
391411913
486714036
196779690
598457909
868734913
872064288
443880135
127858978
633434444
389697148
192240742
848014603
673305353
986109360
168476772
604820366
290464232
970416357
293002158
552072824
208865247
575161029
202982084
340264039
326663895
432729839
319598380
718445871
421520176
321973618
138161010
732866280
473108396
780317585
418990999
905982421
500539459
224796036
227164004
915389647
259514214
471468822
988179452
513476687
497622613
926185451
905319556
298257702
966185634
967273311
998777660
681347568
482878873
754887788
932016501
734875591
445916796
325690487
920848950
902045976
258903780
951667016
199315849
110247443
826797754
343821489
981350015
766900672
209675860
624213118
684711619
478448310
801757798
766991524
389026914
434404997
667640145
884199352
868861840
985549703
905056162
573640225
287529823
761493931
126815059
883733742
522020727
674667071
617136921
104321200
849177835
574748625
899459820
298840149
872732388
776603348
578081496
662680397
540822210
143790771
940958647
185480912
457222759
532298937
410209919
207602553
744767968
414604536
968956789
744383829
938329839
371361498
644900782
774422196
935304634
640216662
495317201
188962436
990141797
251113000
720935279
773543586
203195043
498790218
929835274
722399188
143996994
227368635
174261213
492881999
770891572
575694441
135841560
759533100
639086280
466091316
419612380
795825469
391628570
683792214
179631525
838056616
383535407
908951748
878223152
202939443
294353539
631801625
970585572
400818149
168213673
152354454
307178014
731590911
443475904
589532464
873694690
667490173
561938146
160702606
817310268
624232909
139150147
595890113
181737855
477519949
829973164
826656787
450584840
805300914
267885619
849088314
459753941
549316615
700436084
603830469
453828532
495500482
644378303
915964244
961930183
913476224
703205864
633220255
310246116
612741213
751176240
788384435
309010528
811204365
243458506
934424292
903149366
954211013
448567549
623917063
394434165
907507193
365718297
526807509
534425273
774115958
976048450
812984195
945842278
540403728
603741980
751926127
859884626
969651023
847253295
665391258
649512060
234767858
703581981
662457402
122970072
215546344
721497139
613860537
921813723
789667450
584627356
329150988
175969708
871089528
758659472
509966005
425433916
598581868
211192785
165087338
983895404
824456517
979354940
905352167
557916052
931343416
370927089
160984427
559484899
696298848
258340755
357036698
417164723
147950070
317151369
885672248
884305585
386147916
878415389
157257935
116553838
724913016
651128314
262877096
787174963
175053228
785908616
777146847
865789117
255208316
308909957
702566154
193473959
302579305
219442518
366812366
313038021
203257619
398611047
588080996
719586185
291448313
692657648
969235872
697503310
564548089
955092742
543667673
447819686
277022739
571090843
617016924
170206778
357033828
501467708
685468968
917768279
962351039
756172071
353360343
863071383
689713115
369964790
361067738
609603492
398156060
256693986
466927807
962428243
168378752
309224189
732823640
497851909
137255999
148723657
858215639
678728719
411430633
529067269
926378793
147863849
889341502
519632227
439879637
350695456
208920558
357146704
785877155
335042118
653133912
117554108
367746223
616508093
949527310
765089599
991767683
538694336
754251008
340939244
232733625
628768462
875875316
929985233
135099817
172719667
611781143
500117212
151397228
175240382
834024687
818542852
968812057
548998265
620370564
227514655
691032385
502420455
652412899
658522767
972717163
602703849
214762439
711142267
194545963
358240793
197634670
268353903
654610526
969626484
225545776
769636959
671843571
107475316
326232176
348297854
934378128
259637975
572184406
615634357
636313150
726481607
169455146
773223719
509294271
761024297
439757977
216369184
243704748
182384375
812777959
212104296
968838947
320510290
902611676
877366658
681914712
627893648
422947714
757724722
219792578
416950093
820724119
782920134
889724165
319056134
612981621
545380997
246812893
906172506
955870968
909471371
543409624
505257287
403729200
656187635
964686002
607477936
921349793
283325069
366434297
364133449
855717964
839290987
279791502
368737703
255586648
313108722
852901850
140657761
669296339
941628896
635298409
207185037
902428794
117100676
974079169
187142404
715447103
970251093
817858661
851519251
502422127
823357240
865814340
671246430
884284905
418404582
855899916
676041707
568827784
269619925
680410734
485160290
406683412
448987053
512862354
544267903
548955366
460162137
535154220
207849414
102945540
830611105
760863570
246483652
739883062
806522941
720862036
787531735
871050813
782372003
796475075
108804040
966722670
303614275
372911601
820668869
205203888
249689943
594019245
149553314
750450219
638476740
478414648
403800633
310260955
164440576
732790466
820071515
482609452
692684525
788872026
862976119
967143800
563453721
669511585
374212886
779259820
230889413
241058498
517359819
198899983
250509394
900564575
291756472
150525409
976417904
304384173
460809271
179488237
999877973
219509605
430740980
662640328
933365162
492137853
171614142
303774683
991455920
979304904
525653294
670444956
566247584
844418848
741356307
269059451
522653091
582012736
181325382
424276491
780278335
809591116
742577101
331641016
320474141
179693965
385835414
754178356
920356808
386170288
185658821
421358107
409255150
341623978
984401744
850213832
201558528
607236824
583780808
537078782
675397927
177534193
484426252
117580469
473519270
954065840
188058283
538527550
467014479
224302688
703330879
774812320
681230365
899569890
874145317
259737607
290703250
573173791
312434293
698879256
431222818
268261076
138529845
862307291
877211497
377934702
238741176
835071507
934935637
796107614
933870973
804346574
388058112
372382278
115831554
197242458
854584345
826358281
894296914
869909038
442515336
162913677
319180959
625414402
735840379
933201900
555624657
267905063
431021308
481677335
729881376
340706664
566022967
192750104
668795446
904477290
805627418
303935844
731454663
117651678
404481134
291499775
435962622
947309591
182821240
267134239
185795460
669288371
162964565
150537793
845971208
882663786
285328106
805487951
355262217
188585184
921125584
962244852
367022593
669149243
733396781
216918548
368601422
876366920
582574226
140270508
729740021
792768921
280081372
689793756
246723010
911058044
746152979
619462654
335634530
532080156
970917536
925389886
484004201
186377963
422024222
836055107
978721093
335730857
771447555
383451460
777181061
217847501
534237965
562379548
897082107
329116732
364656459
904246777
565700583
929892454
890461434
529762007
384108939
437555627
923619176
615352614
266223810
204169107
645686079
629504942
121778254
887274340
295087541
752263393
243371915
885954851
373294312
711182574
326009827
426798388
981150768
797268529
896687743
425162620
290865457
854800352
352502236
937048083
581130066
742463919
510566895
851267346
231589356
285415599
530632734
156622821
851033121
676569925
178265975
954770431
396407450
299609555
676244720
698309371
328466309
249116123
935509525
332455862
962987890
925681176
550174689
840674245
831566851
217849214
418116137
568862059
319520228
203760477
712553007
876642823
332117000
231725720
359095214
376870150
993585717
444871998
571142237
566241425
601924503
693455995
887993455
472096264
174288505
528845868
685399540
119677262
270913050
321557013
768782688
549834753
766589337
121093604
208390836
724005131
683521883
768339564
872203574
159196381
626525504
588451794
594989889
975951454
186959887
893940861
638276009
858137295
166801948
593613575
961412946
659806079
992518006
112292460
660270635
783338154
229024975
358644603
191315765
453825265
153979936
317752683
253303990
887985834
383443816
719298537
235082419
511483388
882310113
484162865
257109422
237848540
926072475
177921967
398650884
230381823
995319308
508313349
858072813
752589505
504583289
230637900
938176928
768112611
514736988
104651263
406276667
692504911
607987248
954243458
312434904
267215681
322035613
660730233
571358149
593338109
736016807
281899805
246905329
776464770
923345465
935454808
351693409
625520400
900581415
654087722
196717840
817063284
574290148
390629011
861364122
312702931
209372334
951009265
962600647
705544092
405475017
965550958
609924882
861887411
351053556
181154067
272183315
600724982
324719545
431516609
439520859
882905185
166858337
499357292
741707695
846057089
503798411
790290471
266667163
663466964
169601774
224189328
881018021
638479222
794771459
520899756
540392356
635827697
402835489
693953747
409469590
851018553
446572202
445346829
888246566
367007056
757055304
603295719
776651026
502008862
582453969
678469362
940933268
783809270
781023963
482654846
787702429
832452963
569320153
391259741
876836492
224618727
166924945
457865036
368989365
786130605
593881096
133575898
279648213
984441354
671805907
378493371
547338364
953697127
719353754
700887887
555572127
692294202
759901173
599057006
238776138
993973644
693825654
112694596
315270633
611232754
648468320
954511021
454714501
216002517
551463455
314773469
192522645
495938251
115130694
981473568
319598055
729823185
246910391
883830448
360035858
680601152
601572690
803913309
533104978
654689744
363164201
505919523
608502512
579785700
294940507
722102971
100144811
540860763
299123510
306525468
923239263
743568835
597212642
101831603
802316661
340088327
890519563
921573281
657653359
182730697
876108772
930721343
126924636
950269059
694531997
359415920
648265066
846913437
106356172
509645391
295591490
707564174
779249309
299743917
967901093
902045492
867051440
106817486
931469719
908848983
433266502
896590606
529782102
548073283
892651350
255576662
553822041
399143604
672775401
415072072
838980894
924004726
207814189
121607292
285604921
584861767
834504632
791648490
796329591
802735901
187101691
617506299
658971922
646011368
596759170
136677335
323832152
242452242
558295860
172915044
594855684
718377846
148350382
436448421
439845654
970848496
403499585
336128795
370772290
466923494
316687391
429030830
552438201
661677251
920516828
617004665
342192348
576555733
121074481
964237962
198018097
350697653
838493258
424349794
593459381
196240932
335565172
701298543
793972601
267074913
804551441
387668781
134839854
320993324
123868710
388890916
227759230
346051074
276209698
861371612
550464899
131034726
623052000
214442244
106752112
919162239
605294994
716426219
744386111
146944079
952231053
410006255
754340483
134122560
914962180
275215868
700161548
319971226
710656671
777082705
337214240
436238611
575156419
729774808
364919328
193488371
825570778
323707406
917685102
519657818
740524036
884410086
671849293
259790773
236707589
736383383
986779664
960446184
975194946
444488999
528252251
895342757
281832795
475568032
159842061
210675318
177389087
313255352
506790325
796088878
638839655
771444043
175712335
143814130
108826074
212996230
680582716
727787731
742636585
751428220
756487367
132804522
619262134
271301688
178305988
323078663
232377517
527122244
573674920
215453632
907949774
510955176
315989188
834131689
550134974
418170603
660262763
474668785
720759364
364083524
225730384
831270485
886497893
561890422
145194558
475750453
266822314
909882040
895142274
950454387
894298569
173797947
568474878
434908606
973656077
354016462
233352072
575415507
353579613
682516513
663284037
912236461
282140362
779536343
930609837
450423996
143471974
262824698
465412375
292257429
806914895
161396732
671373599
895763909
411546713
516919232
576823453
850599380
587822501
144882224
401450721
873127971
294102602
780003128
995991323
861255833
691724804
996310095
110466437
648066591
266917235
225444702
844574954
847620285
514861650
342462671
435882559
895867867
195638436
752115382
983869509
969011878
845307426
872670572
256343102
979265826
458487298
207759111
673475356
999685193
590715958
701376556
827006873
860651682
954146534
857345292
826229151
502942634
847588319
106198056
668096406
259551665
142093333
112611016
133812109
546343604
120919040
686413662
311339332
573892919
455741548
525545037
707886616
744396273
903554149
618649739
115643364
239944987
600479128
861586700
486308474
972343426
453376405
152843246
612871828
639398590
560699042
331162298
877373491
491080239
989776344
847137826
437575037
475460605
182935715
585430112
158942011
711651661
758640142
402671464
875900244
874669160
478516554
641436215
619196102
134876373
535038950
283113922
619416645
262754014
461761947
963082989
745897617
852228603
199072780
201308441
614246593
805302067
287379739
757391875
834837430
245153381
796891999
950089265
932667459
384541329
232856395
146499349
402427613
539339288
800458413
559890233
326685277
513922469
350821969
763017127
531660332
239718775
713855529
356419422
387212343
665224903
240670410
797259942
662952053
304187614
957682495
822701274
557528309
598020371
205437506
158711822
939122606
628606171
904933251
979049493
376214210
448956859
387289206
505939034
926266168
571099341
966570621
904054230
793539027
340131194
904432406
692485110
546358016
538108153
909796188
257867645
466833696
300785838
143212245
795252176
283243503
626658530
232318777
515563288
780164894
984242510
139103904
525939093
832985724
358215974
179665932
802631799
878278960
202126939
855927800
914628505
654840790
749592602
158957517
260760892
382253328
226676770
321442929
222496641
866387467
345454188
495979056
151560372
710881863
202560166
150384398
301590111
227021109
419480362
507126623
842373110
314719258
633391722
149561625
890247700
288621498
508666142
300165773
803005183
458062454
485911522
702982279
942795194
145127671
768809854
806968226
189140378
907953514
405856129
419699192
627970787
593688024
177609153
640099726
451599963
558945330
700487180
264298100
547817387
763359666
847544015
297200807
863618149
467405497
709061948
243283379
190314828
682669855
102757679
558972505
751803306
711117496
470919242
426469522
829295275
123966214
693441702
435338107
492899504
296235944
606769583
934203007
911117783
147517727
515882663
708884839
890732332
581531141
619212959
288129208
800894489
220147881
550245537
115530052
429112314
179618727
530075732
582973188
118723096
705675086
302990769
912139315
250931896
261956416
198247983
383829671
200745712
827641421
732456720
359154587
866152078
179418509
252291945
159637253
838202640
332395085
751282487
281962656
756927024
395055872
151182539
804005908
918070223
771809186
198707059
705103163
909134743
103161442
330135367
101904620
569506512
533813521
423959415
275413557
945161053
115820111
883873376
471834918
594915166
344335890
247693005
912799761
879907295
153918453
878360645
335176157
821993779
248499638
909608442
598152644
116838028
395392229
100419331
511334614
174242015
130058213
262831623
124617222
637670044
365889751
152195025
105656220
111250326
243641947
824687718
862683578
114351780
830225173
432659611
774383607
142851186
772407214
844205595
524301571
383884516
163221820
513676719
687680364
783968057
757039291
957810944
462700892
977855440
925933283
897381208
756302313
164177291
496181479
617333673
359893369
189789057
493962590
973931783
485651990
811423716
345480951
778594581
442892271
316789820
249466217
278915824
237656862
658965476
433307600
626280240
143668287
246659248
766413185
170726217
414094573
941612210
495268472
765264364
668695112
935675819
347638848
464252973
937674140
641824173
634077807
342072864
414595269
327216204
285871066
266093613
816026559
837328816
771654311
639930827
947763754
332654577
817775927
869275175
170674393
135903034
530957471
459885927
350420125
175424688
892926849
357331341
376228799
966481441
706453362
574582731
751608259
259401671
538477560
198801125
463022599
534989050
781157159
913319668
609495642
885311727
295744328
525077555
468512108
676925876
548319705
417615574
100378484
612867000
203610750
812810722
724138126
464783658
582314251
744823957
197826542
189254295
203723999
202913505
505916780
611424966
295446394
728898576
972935119
375963080
622190859
203436436
669444859
931170000
558292183
295149029
143951417
515833782
753214991
978745051
384732595
566381895
551106044
281995202
105837295
989375383
938335736
933153009
638122596
261097479
436712380
557557548
751970629
363238408
913371611
403179588
420543816
373921297
251776803
820943652
628591860
280696943
298648989
804439838
105289106
596145820
655760391
555684396
251169859
262175795
581039866
534648987
252586651
968472505
465944929
315034693
953889696
605153967
591127081
150601549
456085236
638739895
837055407
533543540
640436547
841269319
713407787
992555365
520365323
535843983
256458172
348445554
328157534
327345624
884096563
223489711
319718835
503494343
660683347
382798053
476962920
395062384
896769089
387213440
834902839
341294129
248937840
243774071
311983321
597442950
298929512
340443141
130287331
198099988
660067855
274573758
932322081
800066864
199733369
291331502
445174296
783020976
674991218
799967640
192358843
217430098
240730523
166199712
361457869
424533759
823506842
590548303
691986954
711102975
730324323
565626481
999863133
422658846
203820935
417247306
516105890
241429104
938425615
720674809
241119271
392694151
281429963
436492231
583827098
306386580
457880960
853242515
393968280
669202803
456330968
692548318
762141446
416489451
243776309
543201355
125211137
457574290
166624951
758495830
779149681
243184785
468317963
720141148
209027008
936060430
665565944
272357888
578737094
704434259
115304227
454012037
778683426
826661172
393031836
210737889
424007210
578511143
561254842
830687739
755042568
296316472
164741876
112911849
909295178
126505472
329929632
886209592
509400096
158927506
107118058
772439320
405192578
152034541
311877846
490370681
990005373
429233789
207447833
643003395
635234722
449529399
806018063
572280727
911151031
968656229
249429100
735873061
792459953
111871154
605050200
233305400
551996229
280589842
419111617
176893937
840989112
274780439
175411719
821899029
381252774
854030954
909990946
262268928
332151112
855596715
953438832
981357412
739771740
246222805
348886666
678256594
226902588
509891475
880368157
390302692
692987470
912525610
566031539
799639621
992948644
707641439
409832906
120242338
309059017
967187126
533672392
561616174
873202290
636560100
886864613
158155026
892821788
183562579
676556864
950901570
916333643
483402974
700254579
295804229
842937702
868917570
820093934
486654019
906122209
257871828
859751527
799321631
313022070
275403674
310228467
407690617
511752533
700353847
371134355
168849073
869090275
465079876
138213717
965020006
225445174
408646816
487569134
125404100
774348305
331010049
539873199
211577529
631351922
524161180
182446333
261259545
967953294
161813597
898758006
427947194
924816002
693585649
940121649
379411598
420867124
580750492
361359739
521848411
750695907
470556757
827198055
491347467
858226966
536474871
652951973
579944484
545614399
346770547
155588012
667853909
257971200
901271169
275345935
244000065
733086721
125549235
727014974
853119892
907647008
730663955
528021245
494112312
122989045
601271677
299421442
992516959
676005748
114605462
342039880
442024635
323564222
881708394
568870886
462606233
507354321
347814409
518943376
775400072
797948660
792445654
798980802
530672660
778838233
718169934
384083780
771688756
938434218
639121941
425599757
869089436
744690228
115249579
578869731
645314561
409441622
116755051
170971905
723436650
260432945
731392743
669766031
320427348
640630148
994830836
180225554
435463132
969477403
517298088
926551467
453428832
828294057
815614197
916707634
629137901
120336383
993230891
786811579
590929279
139741820
851094532
797407713
989869427
869236537
339342634
305612090
584789449
139121550
561726873
692687319
121090756
883661988
786240367
661194026
907687393
243499948
682841347
735628634
413449661
201465001
981948192
372389039
391924808
820103115
163245677
792255861
292035221
245393328
757512261
130309416
107051683
630085554
828509826
470606368
597961910
364366797
978083587
875962507
310497125
119459324
861503389
788402278
435519667
408376169
792560444
970209752
349299357
295311856
857920882
139609745
359585382
795160059
752921236
901479751
342377847
407743941
136614669
332440001
619731685
609320599
596921751
218565505
180466243
479907677
592358996
645637059
736452984
102108076
448422342
145475376
377140391
347129168
139700403
254160856
982408830
600879194
285691923
621038545
659821777
694725411
973716243
633442138
423727648
996964956
207356641
465021056
763786542
531001651
722042260
355079942
725742806
682928235
708743652
999187604
439805198
315912463
828221852
834521190
303625738
833106983
247463038
243363741
917760532
787924546
813459584
793400404
501291953
849170436
331289055
816305007
795296015
895925839
816017297
702819380
466073110
951242879
463905067
858074047
740085261
207377346
960049941
388775869
979522403
447204913
854842420
565451202
392449071
499752299
175146335
875405058
680151646
171132962
532324417
679265392
429899761
457808639
369225359
163093689
191987270
348761240
331004683
897695093
217903095
491938037
349389921
361285958
271349860
476658169
455105978
117304497
966679830
918038596
151158241
557111728
376725233
497539356
549772683
407162504
149252342
142737325
916915279
840240669
603353905
150284829
509718205
334942454
701395186
696112548
822538365
407738322
243551178
868920541
428166717
687087522
968311371
978508186
131220509
205582929
522199441
356116611
131894396
130242042
429311461
416040397
871928985
721692577
428221749
506938005
101104601
769604552
226608780
286523067
580906170
951590089
356075350
326243203
521710833
176014170
876781555
939113203
805414052
636035140
194424238
660714352
240773251
922872174
773662464
840825001
715508409
614219464
847012918
433097818
713604680
639457555
312757478
913026008
233901389
176953011
801539242
590517334
702383350
809289884
831723165
836292270
636587693
577988623
324568198
973642350
681452951
386544283
929859623
595634752
672279989
377177090
710820792
383187984
214084167
515321367
989743668
647676065
299279778
472783045
576680794
505270283
771286487
226582772
674970826
977520969
779304473
918230800
890251987
361797404
407395424
106723017
110402764
103283862
863239577
889447944
549513500
829990829
640260246
907515713
793621215
912095868
803583117
366315105
773097734
165709742
564885812
372708059
803595258
302610922
986423972
512005456
679787323
784164170
379405899
213706818
263018423
159516371
648011224
887461806
835975481
241141645
590734296
989407365
525488732
891658293
907935230
220128549
871641703
430137547
552631476
815449377
647821336
343309451
397587353
139391901
499294372
407764309
927408468
306424908
809200479
466628815
792710103
352176659
511216532
955961096
293514102
577695060
430342729
638144852
567009508
640935964
615286223
897083572
256428206
768805497
745899374
445849171
282321754
410432722
516709236
178066740
515144027
253939721
400965634
861416043
471278208
765950808
267797205
817497219
201825852
123796379
479468117
345680493
580544913
535062431
789258893
740777044
601693649
161327169
545395595
221413892
881568619
847760743
966447322
214470518
128826457
467022818
175912430
809746445
200614269
225884609
431796117
290420167
519464391
595362197
718375150
652589000
666034093
717920030
369591495
437595182
429704007
294213642
275972256
416811278
693466919
528751500
871897235
203803186
376889823
269888579
932605431
225322271
772384117
409660420
318748216
667814210
826550038
242564609
111539884
259892243
276898319
538993170
406600717
242064491
375143363
237290192
599093519
274545498
504795375
871261111
535114487
825485859
120850294
467465551
305300585
746336026
148326906
226016405
599832774
696118555
316659776
283184203
680587839
546131930
960441329
872965302
163071147
489670325
968354462
379482133
116303065
176620541
331889052
432405911
104725545
685606093
469373172
233219735
381043137
843761812
624171410
527320997
811569485
173365714
939476513
126552937
256762692
440075820
862410948
373311636
800589929
377059929
997074900
491043416
764791392
167061516
594947356
240786765
263043153
455913775
685806460
239901441
912125068
409928466
681896675
102803885
351067325
792099724
911256462
199769731
288265038
854858392
918983946
525152028
260111269
478980551
569957851
747258766
662944566
933511009
293774879
771455971
623912182
986682192
559503729
918694055
979189443
411255566
710826890
793796040
256690741
715628917
578894174
683398807
802686340
833026142
851720584
478236304
738245532
796361613
682138235
186640318
725462762
970426012
873043971
707448615
640231787
969921386
350551085
583144606
377424915
958603297
999772229
311321758
637097869
360956778
626683080
387799008
335554790
269106346
316596105
278322662
863150258
218749416
996537157
782849818
693307065
503607438
524011813
451241164
476113826
576171691
815738229
339481644
318650804
955973249
186063541
355218598
433591471
523524988
405132045
323322737
425008541
437921121
115830996
347792687
455036321
685900769
733983119
330214564
733242925
100710811
310763793
396575675
189986919
949317064
530426933
726392863
998523798
176093073
849160774
738211919
256522723
176357046
648243010
390311684
187791489
545232619
695397153
347452510
908746487
295201230
968581481
528731832
678246210
362087472
645805274
777430548
208802615
970230636
595082301
194364672
744498660
247535742
498697193
167628446
293948141
564378309
947879679
650501017
239536072
460402497
735871908
902529434
771448483
847203125
570184754
367189497
820332447
822553680
195694145
567085975
644071526
724906214
369189073
366825286
608671284
474670662
669162840
599099723
306656137
890647472
327694602
659258408
320043186
372425553
542721395
749984205
392962423
452120288
616235718
277176367
443786254
810690800
700335254
456106937
162116507
977900477
544601744
364396343
146609506
816182099
127350383
342406131
448048678
970039928
729334740
316136018
790318805
865240360
608522571
476224375
894274844
479714368
310196666
141486219
768302914
217772965
799247020
568826653
350468053
156905730
865464560
726523080
448187745
207698391
563529867
623635235
747046383
956529108
967617222
390621998
774242632
130381320
486846106
281136805
928146182
172989560
783936971
938158617
305681603
408635648
920380331
695447689
514331633
774515439
265088850
589288070
722929618
676035276
566595186
387892878
260765921
675303694
960765131
740357125
315213466
108434671
940182750
497083905
969952445
967863822
483983989
712016584
412254209
113568576
657208461
461094984
663968207
350336694
146008801
947682908
889308105
239014564
607815019
241564251
616816739
304874159
497076490
271863968
401888106
795763040
803795180
425668604
220397021
823237054
894522250
737939108
279425029
957233270
362956434
561173813
672100405
339764684
747176548
227102421
433659103
945965012
569779898
204330900
613938248
799913691
604302587
885809034
410170141
261732186
417705362
599491959
277288711
152029075
438252762
947883286
106181617
483193682
627320323
858342301
909586083
956571824
801734950
257154799
388568327
890700561
566196726
717278792
271477792
506463407
207931342
614047296
245756758
434652404
520401647
873305707
847909883
159678849
869086828
819905710
751619972
760805421
393085589
891399152
237692784
455618319
804038276
598783552
210391799
102530607
999835849
256062130
641207159
374092028
963372089
371147828
815620231
579745951
113145614
328849058
125464885
478463721
363544939
434025929
836747838
565986098
811824253
213376230
813436645
964418570
327334098
919869448
990055460
552882795
934177374
403695522
972039430
545755172
657283605
799735840
222438328
409160263
308646692
240599228
618012364
829445374
317192792
385956759
367718448
616907592
711195599
863578411
114915010
433753671
934870934
400261985
648758644
124343664
549968389
779893293
786069104
226178828
769991522
875883562
963915729
921466764
236598433
623212787
716133642
931579682
386252546
452146250
892713139
679562429
775487815
617245438
436452433
401791208
599257358
257490646
207754095
899977851
254655958
577267139
757471922
405296079
480440160
112793870
307222271
632082182
451055794
425594198
167694238
369778178
260557420
905150826
581728072
531220000
736991497
613147380
353209431
170371205
409054558
449804050
580803764
544419323
554960675
198791017
989670463
367143176
109459492
539420282
771273853
155438023
422063127
565259266
425884605
378642561
922696644
373073841
739973373
519242219
722025243
366880015
216793442
190854805
596291660
975226586
902664807
921555267
431985764
726767540
370127367
647954049
606113240
496515009
122751433
262118603
885821553
124962717
499305950
118679490
175657705
233924734
262633330
854835622
253853676
151310263
920505854
511090498
272287358
364586311
620978827
246658998
426617902
414547211
320043415
218134891
233637380
481246756
305337839
767434226
200133360
500846998
977056768
819437033
539928152
495015947
706526360
527212468
493359173
357916120
824215122
732907972
907157027
738443609
734920488
592242202
577122643
548528217
779954727
305567910
344169386
822706773
497875204
182051774
856283551
947318927
223963682
795530935
591125598
952776689
801974973
113211866
955765092
228160594
488857225
422844782
210895394
475358000
462933728
367655264
611514735
634213224
739218934
835206977
782167366
570986338
997163125
269828870
768193766
695063357
416896506
310566706
727683288
943437017
931487848
208958885
382614699
319320308
229666347
165866544
200578720
881004535
268381032
206980284
302639679
343988619
449948075
985444978
431804225
953452981
449066618
158813417
600981948
446359701
990825906
237788718
239746848
829229253
602415771
992715453
516548212
929203132
250807175
605491337
994923869
942110495
537990332
879095008
754065881
692407930
298566488
657897930
561812223
851603074
819079871
600596666
472968029
124697278
439920803
218451949
223584287
479649081
508158844
104865667
252389124
855035627
238741082
381842607
454992968
168321234
341136167
678629582
541075276
289543876
555630917
342506273
338994791
190764755
566491401
813812205
385375384
659149746
724641047
626349474
463110569
791829228
753368993
704094939
975895395
810732390
735074710
274616423
112125786
823327098
373718312
863460572
362949409
922928088
978641870
927043336
651166593
740803499
560069206
169005063
128059785
803451959
841194100
106922315
367020187
761948753
948276006
649369289
476985510
838285516
710940740
878389161
244350842
212429089
527270912
894973216
820685963
745599498
461733211
475981186
386606524
587959914
487742255
667068248
971413494
410480563
349341984
785708235
508984317
923312716
688318642
499701115
489895738
378027432
913304730
831254257
352371988
520524087
232372202
448924253
799689520
173108689
779971626
872691894
170721978
498964067
131936674
633496825
117688117
728768569
479254978
707374638
303574612
441401973
884723945
169554894
355030617
116110741
493205699
433485545
345441093
295058240
402280655
454202970
540675423
516321400
295069434
627637055
371235399
880642149
809004320
976692492
544971544
992906014
581489458
686897611
926138960
110679174
731150139
375159124
586954821
176406084
356431138
488987448
632341897
652568065
226809623
447238209
828324008
908302338
235414512
601736177
310150029
780329184
236876116
999916682
898398834
783301088
232536578
500734559
472301534
851293166
553155879
131999182
184198938
177290106
152656773
889549218
773452487
891075473
554899765
392516597
761000231
395567895
832270741
135322827
701803377
991557653
436605361
341548362
872781734
901774408
567644440
329898194
853065634
537405647
241331370
958982962
308947915
386114805
445040419
551284981
719498718
113526990
292849007
189610452
632122665
587057329
862777138
576939319
673789177
820640904
822171794
944566382
203214590
717903261
417154915
583821628
323006622
381089992
853609542
837034538
115877798
824043064
850848198
417887647
925884811
616235422
577804533
748834904
753730232
408591118
129669497
454584937
355986867
384740692
680834020
350320536
439769179
380690290
459723542
673720272
632319936
820206518
736533316
267976426
566354350
551161639
602647602
756680918
886394748
324691512
979725571
615810164
109846943
925774730
361741339
922296346
293944918
964316735
432005983
163364338
491753614
193885567
258592914
955261564
883525264
568080007
896944233
703638099
478269030
860968962
245308231
651983147
674553129
795929105
883063612
158529514
697462278
415075374
523089173
568008398
995378237
424734465
712996870
786645755
624223943
896339560
331778035
423297899
388905161
212523819
777468904
252671647
573224753
621873900
112235866
799860923
202887407
356665879
278180347
574207067
429558157
796674980
682165836
964484331
843111904
486252515
768306563
179619839
937147761
327663980
657484164
362732318
182103697
825790373
219399686
446351165
584581364
709086299
813240939
544349935
425940659
757372647
364705507
734501220
556659524
623618736
177099445
863537524
575242119
661963472
667937251
505721085
558342930
730567256
742872109
625721684
775414655
962029307
467777827
928459680
673665810
555896820
777058170
823596954
603984962
975614016
406934725
546755444
567844779
247563334
108267888
583021612
351976462
591120607
230504428
382080596
259898264
755740859
952228158
630007463
808511825
791970260
177501255
339097245
276863402
839360615
124513377
946114711
140695931
516240900
784226990
453164779
697589881
275543979
759707219
391196001
502332960
882312254
924753042
813063803
815124913
458690495
666286134
607164028
815770230
770763515
864652694
569739064
613723719
150723957
267777699
993528438
703468678
130284498
894539657
377025759
239130109
465397561
355974295
208783333
848562312
473224331
609907177
268472208
675494872
714416273
217768751
255738294
659294595
932706302
422948112
606468822
721633111
135264274
157233531
582817969
784328514
649765568
945193363
782684527
222604279
970593252
730621871
943396023
406642230
321445188
962583988
328945920
138494281
705945994
744751132
678208735
637859043
874480526
336031306
913406099
943324535
222833866
605859288
658877262
342250409
731286201
284342160
913448251
123144014
548642965
826534940
996987603
106186187
511316185
571492304
869715779
708698506
357450456
312526613
788333300
811427683
964908467
548184242
259007935
343305516
153331734
781457104
906908814
997035436
531358481
573459461
286039803
776526560
148845616
571930312
379506388
701608313
222308811
932788873
508725176
467757344
469807429
280424654
687709856
285847516
475609062
843382901
860617059
438333325
896927261
126687470
336839642
203052378
982315781
141716918
995912538
861969831
276058681
812311876
974048074
648696821
466506794
833423046
620410206
513726275
430369208
408338494
880248434
607126360
463127264
149234789
610557257
777443776
635068904
682097018
514286515
611829621
703879753
768166363
446722726
997797555
378055576
112035303
179177215
961539831
664777839
339921283
798074061
383651261
476304240
242160612
804672567
445955053
827253947
631066577
969916631
448777050
243326863
531899957
871440046
821062625
897195870
747588845
486107532
646558200
870149833
527521465
188459510
447576161
932157888
313835067
991536335
799939158
917528011
660304901
292939702
157716586
487369499
850598031
998795043
615427091
536064533
537608073
836667739
782254332
368279955
996154575
486551799
289966234
739209420
241154549
269496956
761429347
872174372
333253333
507580732
575052347
628701857
924692160
441563531
572806704
816179314
407046501
382753599
859021707
834061664
178419533
275782366
835244880
369182180
165407796
453808000
186958860
226142849
579779733
741099941
679717977
632270323
616837878
102546558
620112777
158112640
741518530
630392667
966483344
690696055
779912537
331874132
826328936
336530405
924498136
343792366
784748848
316924483
327633587
128672061
224641525
626686492
164313153
430972025
443154762
794020060
718196591
635242309
550911618
537914294
190572992
918284252
552185521
526039410
367111013
580364503
370989330
943205677
898184588
920984088
507133796
318790302
648439969
161830012
636178768
907627423
745751686
713703368
188501139
352786428
689053379
464965695
347212776
862097721
409261586
261368291
298455433
256717765
916410650
685331664
564663089
286710840
812709652
924489084
154325054
658860028
266088293
746017836
355823901
341095928
477169546
508921425
680962927
558007577
385542058
260416382
509449755
115134339
890210123
254294770
613140641
527741585
588886824
969735789
785962431
545907033
371975597
150899844
236255327
634609964
257499507
431725413
514495797
850597777
146469231
173261221
915119622
106187371
556177603
852903297
253830430
152329075
125603496
106317728
802563683
506527821
438756850
304536495
534767742
337079102
826619098
150904278
168469846
894789778
221564939
554094438
286097596
478044816
547695618
958984994
225059541
439228513
471420167
100562717
268522752
428009811
304523468
888004740
814308152
163776459
565441213
351728728
610195112
771391699
411710082
495517329
744206764
222128353
279949234
392220279
292719506
655135360
319005846
436218989
578299977
597884544
700361240
435547635
163884256
109952300
379079362
353287547
785602045
765002176
580301202
843851228
406790355
177532970
409233662
916719014
840512423
661002196
951129248
810589165
425051647
625985352
363857466
865202881
177373782
768845728
696779641
112766505
457611705
747889576
381899332
134005898
510916593
997439407
619563582
990092163
580448740
734095936
791729278
557619904
831856831
911751840
851334673
261673000
492692353
674122112
784808947
804376634
393855593
820446232
628797140
918767636
155858849
417161902
930174682
838224129
801194130
360626819
101307256
172525774
645933124
852997844
546132646
177495377
412028708
755201703
162233457
327172033
129752156
269000519
604889362
131851524
382202151
858601611
862008074
763390724
941023756
245614499
989295841
596355713
925511532
505646192
372298039
105761242
624810359
841773260
554888138
553726602
205557959
844982379
366006710
421011598
682269457
458578864
397278011
249929821
740551370
310569327
625880774
886629575
147098724
308044897
409267404
571757252
456162686
904080041
965928194
425246474
648064953
916908699
176606545
490699548
218045085
974989224
495817390
465726849
369673392
802077652
120890477
665778178
631818845
230448841
135472410
272534909
600965129
709776961
751240819
662184221
802387725
157551846
675149981
306020528
424470116
189165102
640881707
615270775
655164634
670357197
672748497
203857507
515115082
415152982
567094439
337070718
350250147
752615148
850855726
965822827
707877749
846090549
268715693
485652838
864892201
550219624
298854183
983222516
877827831
793487489
714830812
592209568
590378936
465094035
288412526
864073229
196327693
878724789
654126156
936652620
131352552
599339036
329632129
702945888
913240574
829160406
900737175
158674376
498318898
929219832
445749768
578403270
873273737
917048937
427000477
671947077
147270188
174828937
387616489
396979936
187798257
257162517
880579575
126671925
715058909
641089124
902205469
229243224
520591111
513616262
427403454
396467821
671078111
471444847
669190974
110487587
543418612
359486253
116190488
951589060
273681849
972091528
730885956
851192415
607759188
330509101
406037922
602878775
152091979
935686874
850894808
688394637
241098425
152373016
825244905
443603151
865980076
567850492
578582827
216597252
650780896
163582266
440845966
828866410
360495579
389619682
512133242
630849382
394419992
161743732
555522444
702812373
563829426
787932731
752942218
731203838
815320073
425248243
878069896
553146451
102906970
646349491
403451673
351525560
143146988
437045716
450305666
769468041
804455968
960865787
340028310
278377767
252642798
682643288
332507489
754654434
547732371
592383737
465183947
132693001
767232371
590534686
123024363
542405412
326912648
486822884
117162521
533705994
789795368
522074295
665532068
164816613
612664194
829312038
733893034
887487291
479423944
938288840
398756335
734374586
833576965
467331000
559439597
465835593
700261244
869011408
260523801
501824716
303370377
118853220
997888517
505844253
146733288
915940313
989728834
806407398
592477317
577413679
480058015
825211836
319493703
356275293
320709303
730138751
796209836
763952895
402427291
445288903
223682692
553387725
324528544
734857299
143267985
463292580
638129501
561065771
767262569
839143672
880202443
911324551
114807524
767192085
997910431
988233897
145996133
905413448
965154809
231241104
774165665
553687493
859075232
243978601
207003087
774495767
442836782
525563317
504463642
497692675
513513277
857624463
501646316
541288794
413784534
478935720
749033314
214223020
734109229
912336190
594203361
822478968
156608447
381774641
374589255
629573590
753281393
722018490
722608201
132950983
560755989
775871259
952906408
549353838
800371236
483610425
135667483
806096949
356739381
853803406
451638501
531285132
516754961
616831415
579085587
435407566
938744574
980776434
794687819
573500027
856068791
114028867
112043393
900399008
380890539
452210245
409842538
396530149
862501221
276767517
167639937
398570227
988919056
260903612
475266448
562410297
799004549
871474310
344749352
370635208
877548832
647645988
427673528
465890830
778150408
707840062
346146405
451078843
963049860
388346721
484671334
138719629
975393284
934366357
468048113
777690437
750205335
896699425
251950145
943067923
408950834
369172627
765303159
961653471
459509941
105282752
564710759
916185146
429522599
468170284
323908730
833270368
879410269
516785512
245408074
102261208
410534607
627201532
859793444
132077829
588319482
566604676
460974907
351756315
205933538
961006272
562178792
812496411
591701456
110006952
180531391
654805852
253637390
884862437
427572302
843649423
412161768
665794282
850937225
517322855
873117204
163858649
885781403
746384810
813218144
223218180
964892244
510960803
132951641
581697435
572405968
858288433
102511136
893368613
924130245
649229442
697270211
569196425
905881920
135305406
842143541
348251892
836998697
517963783
939463404
370682217
536168535
885087655
238627999
687635964
571185415
462322276
313113144
338144887
147091291
522820492
542153516
332017997
999520387
863073821
536943349
387524945
216003407
634921208
931506555
462196061
232629678
266203465
374364880
365046997
842427903
277282063
466321974
457998455
647699713
193506698
225632047
777861261
318063791
777230838
731532116
496205140
958851086
228106510
732826539
417769487
247507181
406530052
491199266
847433537
348582002
960584199
834300227
294030243
418187063
118250264
662298869
953476371
518264425
266590295
945741406
469090799
677681932
749675777
202568999
418845521
238485240
732218801
630521088
750697981
566271078
398644005
538451528
253243966
888138746
954645221
800391169
387700389
366268816
498783441
409649165
105157246
803364701
323545055
738939757
426559492
841389455
870948750
675847930
382057944
199891832
289972217
676686462
636488911
115987037
729872885
203327718
696507311
941139062
702721048
778358554
174327801
439473962
945683584
726032803
826088672
294386929
208326969
872405453
669927332
424419258
182009412
630211144
113112337
289800621
425350617
299395454
388935919
987989282
443723532
555275932
526184431
270671818
886088660
126013135
706643770
683199742
684693306
207506238
879976165
730902995
916816801
353766537
787169087
933749275
134736311
548697172
845818376
504897456
319823832
326303631
703789152
364132018
128416638
788557015
427328773
629476743
959339581
829416977
954070923
884821612
801584969
799220577
476484490
998390218
940117098
397396930
843897591
170430613
136785491
735309063
675616829
788929800
879047288
513990777
626793542
408083284
504076298
314090397
597133230
893995696
971009287
475865929
568332524
675421272
363443321
650890143
546694343
535746014
613642221
803546718
838786107
906053912
773078838
297716599
471089830
455643741
341507352
876610933
802963767
644477844
158672112
617419596
926123216
785354117
707037846
800841586
838783258
200110669
236004460
794998257
827587332
805962854
959163665
366663444
862030730
348981559
212489131
540581745
836297977
812317372
110432553
188077065
431978257
388754521
574722484
362685897
192751349
563251655
996935533
265234209
N: 04657174
