P: 625353365
410672
891690
152980
640728
909328
778211
959594
751094
758959
739418
874278
464706
295715
831314
365260
166785
104958
996435
188627
648257
924503
564418
696669
646466
190915
893997
626239
972218
942363
630617
924739
635397
486932
729768
828890
277474
397170
729851
891846
590966
365016
343301
983994
225431
196968
264289
766886
360774
514311
854946
843916
822805
746365
412264
501809
753992
777948
304115
640483
533295
543988
493357
744315
453183
575224
137723
105219
974600
953922
121204
516484
255091
938089
191922
793489
745601
305939
571411
474169
527227
138888
659490
840606
791005
508113
930806
738607
303242
787354
308233
653407
152435
650072
636462
852300
443836
627568
496256
216104
572122
707971
283056
850666
414509
418491
488157
408074
457681
903128
245882
985338
483611
229293
746565
483448
757981
943716
464729
724357
157425
436054
515556
241240
293216
537671
855841
759103
896097
870116
344139
459855
616046
733631
963478
751378
217532
184530
447944
134645
456503
730465
777468
337414
703512
690303
689525
696959
471068
612175
213935
254919
296912
160586
821520
746519
681030
530044
734997
388678
100575
543600
793618
451863
490150
835152
881337
413488
670991
557755
219717
167535
243544
127411
845604
490876
152093
265305
825606
516879
438303
501942
896273
178234
642463
464606
562469
147547
745796
607831
317957
131929
699053
768833
563537
803762
928158
506672
426603
398678
787845
334236
697484
150101
485435
485839
853832
387579
516856
992772
564994
219519
335657
658382
185704
752896
242439
679792
880470
626109
154102
840872
948707
693085
131461
807691
420627
275095
614921
266163
476936
485983
194504
237148
620525
898201
547464
649966
468379
325788
890989
243103
599383
292567
656387
981465
121552
510684
552064
157875
672526
223627
208517
140510
953796
125054
825641
645598
623358
318730
204613
721177
913479
978914
200637
610082
807848
916387
474661
292223
556230
719088
413003
735654
449462
611019
225808
499342
350341
707210
338524
443103
286609
930950
327357
982982
N: 23630561
