P: 701564120
570701511
728269770
608811276
718623250
125129251
253415362
266997837
317106759
945909304
209749922
317168896
306799510
968335417
592801418
695729795
473336543
699317872
105479877
523239525
199164278
133255693
638463500
273150851
905489421
558978213
713031505
579339329
593792389
563754644
182426164
507672907
856699493
210890773
674584693
269405384
970253352
182272249
711397381
353983028
228752973
368955010
604889816
919893212
633773563
770196928
136636243
682281963
898847742
742520041
527244159
159086285
412911373
352784340
224882580
708198262
871590605
101422578
853524677
147702577
855602105
585950478
642474591
593547196
139270800
181047850
956972186
233604520
691541842
667408707
818066385
940743377
366717086
391203955
118003831
616206857
653593232
869309241
532094854
570382604
271178015
706174041
498446964
913030380
753347843
531217660
408776051
478840329
794155809
285918533
779728688
940318958
785054747
731617598
766481202
321852546
396536327
449294446
924249426
115191083
788759555
887855761
128191494
751983748
167276394
437545650
257068419
446427666
115740365
313670997
347360833
242501563
428687022
738898269
897675362
968684026
766644545
974495223
964372180
646026164
948823962
367254918
454911850
957751606
918337389
839279751
695354798
495534869
752313170
514718304
942003361
646142692
397956342
308559404
169720267
341125861
753972035
731614290
170959260
762498045
437874634
111225480
290000341
728875633
409035272
772198260
933914813
541972479
333665817
811062111
388250277
152495982
892414168
618445277
394834990
858187759
210990846
627974431
868491828
964235678
688501323
287707125
622208009
952723852
821440348
805603349
300761275
979867948
764278521
776404937
653363441
217024140
363849371
891050902
424087700
888383099
658160586
193770252
795671833
886820564
696643369
233777355
544515206
389788975
195865696
844457117
356722618
618390309
204979267
995503763
955866541
980559753
726235833
982054222
278308801
748292035
117702671
686876231
140497075
133815019
864437441
177612437
899951410
507215312
152960979
474622145
488356713
408409459
397333951
257915526
119264285
974553992
290306658
380055854
170537398
701526694
248630338
551570015
510902610
650288611
245775920
488214199
225363099
566728194
585369287
869985022
765161636
914656799
587862008
844451011
523844386
672433829
923935456
179911477
968671308
703595384
882473364
199298619
416950513
476422645
455510549
781984026
316068080
487861987
737124890
119003998
489503842
516440407
157353697
935989155
685445636
751265547
324128425
564151010
520493295
951725767
325386387
641696485
563720076
761848711
631600846
617062471
347816593
146014946
248174611
760277120
799695129
166961475
241804306
632185481
390224976
196955041
927725690
932084668
503086329
794631566
598633960
142158002
682003525
789697010
908381469
216778795
793079765
947467508
129122404
975677389
774518980
453673529
265294877
325091070
452165657
576983308
291030446
356799443
654106024
866567075
480571619
123797297
584129940
189980714
998168334
485667983
416235992
271290366
922746269
253984040
640595663
848023961
332590987
233185379
516783532
656723891
942172646
669297763
655238816
674384096
130961305
462767806
667237268
379605045
580120188
325252593
567806524
738273215
523044823
142884378
272726676
436638114
347658386
308744141
448222021
621585736
749121529
487503530
192508885
958511488
584520328
227047616
828218841
352967927
376124017
376953386
379385557
149921875
421896831
580936528
285353846
357040418
427701397
834973823
883387081
316974299
774784326
835967580
521026028
289243217
666414532
691291969
857724417
597561128
495640771
771960675
838331837
740577030
121497325
565763641
254820377
912459876
590500634
845135598
441848805
487365481
983199327
425350111
228708654
544373594
629386066
971915919
179769173
652500617
435157046
529019614
976956239
139991051
721846617
363211854
635784100
980440735
104354727
975859391
799337495
415931621
293737742
954412231
875042520
806337302
680403532
352758743
787259951
379474444
505610705
900386666
272491908
610516668
912470039
947377784
509923714
180920700
865945502
995377373
532258279
458360541
978075908
293177543
868759051
602751622
970196569
974343897
258169722
439070820
116144819
852750109
875216251
216018430
963997987
180882973
181376931
709514111
330993152
656382714
797776985
351135123
648029122
960170127
921958857
307512474
304376816
762723119
387906876
873487273
992556651
703127584
251412609
606226218
670049779
119614691
233583163
358215395
675686425
635162720
957584520
524597860
108062338
404183615
490525416
258274767
831519791
643156588
580799985
462503798
202789559
596743110
776347141
521011689
779151265
430131345
968615212
396706516
802607761
199061146
305531921
974929410
538203155
695958507
967559347
710786143
222681931
744394189
757858532
772936737
648459955
428601212
459545597
459053563
236764922
190678486
390027315
994020350
918532618
150914511
273062733
399469407
290231089
828726135
152217510
137147957
683002796
121732947
613916446
658032157
544859525
628912203
670375476
948257747
601558094
278245385
581763513
143744953
977295175
581920963
656046888
144446532
289352399
106442144
564148630
592789810
986961835
682586525
310691997
985338240
346018894
427320379
754935370
545287196
722871654
873264181
763773119
803967880
376520429
393695385
110660956
470653465
865121375
336813676
724818275
845583428
526606072
920917107
702900945
807154785
229470118
634056373
822614990
797798771
499968291
923954057
696678350
157447218
523437136
106367974
979759622
573899833
253265598
754130860
124655375
621496494
190542977
818463093
357917115
493071593
764843314
694864484
425451294
997862075
333863795
867702417
944195326
805341159
624409851
866297879
494327038
905460877
659515900
124623834
187295429
428787603
741931944
391221847
816717962
483748414
807479506
469347014
502883293
554340675
591031665
702953271
698090627
326835903
350202251
207378292
980398942
841631297
280292371
495220054
919272620
786312818
702122944
641892444
319839158
114864025
688656124
155272579
565976194
571499506
696896707
935104503
550304296
147711948
531886906
730357456
843611370
284160522
985111731
861583465
734077259
780101257
250264180
548641647
333541180
556460664
244454545
587750359
109536240
494433220
817715809
494238018
883572887
524800061
226701394
707131143
365707119
925126108
180332315
920801815
952383297
586573490
108382562
775604750
158165927
112818898
774424752
658550412
231354582
118182477
937998978
588634770
643687984
708635338
954899220
560342886
796828000
317101974
717552672
442077619
849739507
787126937
339472006
115328373
778892804
354115692
906879861
395356984
991235634
644771576
333645924
683535585
606183525
951544102
648708438
499770909
753511132
305032680
932826813
903836095
638391353
623896281
808534528
837078782
446030966
291459213
780457577
514217751
705812860
210565216
857113986
122949484
359339836
816014746
865973775
648122381
984353415
261916089
619363935
166313120
648950748
109641420
949045495
210779641
368785334
768943964
983840712
587185435
975858228
431467860
549846476
274322127
714266847
310829273
642695091
497156706
192782963
284690498
972247565
801799967
353487346
748263115
556533302
990957924
797439247
764059740
709773477
150132137
144928552
226674865
986305736
172084766
826849307
393382127
800969257
305916767
458987685
134936683
201308111
600618581
311586833
486955621
709373972
271944861
337838741
180219341
934483200
145318724
560025028
482013661
206309217
461713906
599951405
580904230
284857874
297513134
598572614
942593225
591629286
116756022
849750771
153040550
505894298
782431114
256799655
546623361
147589084
386508636
133779205
490655074
326717985
814528879
144067319
280703250
680268753
242990670
177070677
365137416
538843876
666218689
440630757
174686088
576966971
592343694
236566948
824922374
129512134
240350366
482664584
553403690
587046163
415412247
151932495
181906817
943389585
564675842
162712030
167402078
773811348
610360787
651362731
148063574
377740130
701806522
377872942
461654183
203298955
263276653
407156332
616745669
926940274
761722930
441671994
786448560
463815628
364946151
761119259
451174063
195623823
658827384
495212035
737899381
644300271
465551265
201858720
979058376
905634796
887470285
252074266
844926465
172308780
509149090
878743394
284287544
453891019
748974097
542818093
538271321
357323602
714763030
710426279
237067577
672876869
101404088
374899244
884817225
953402664
185603837
760134934
732302767
491101310
791656515
192005850
279233231
871814626
208097876
801009089
940497833
412751310
147694408
937232039
120907693
582333221
983931700
380794312
526859596
890698868
118085257
771574251
279393628
121565629
745441251
534305854
936860851
819696587
288782820
296012095
966807765
107773109
615514067
759795025
805777546
536285184
357965490
218182869
461051477
780812384
604750607
145368545
551977074
787035497
747603085
202620057
347700740
597223752
947291193
201417132
273123317
214363543
446679894
991264443
676953862
503602573
636304541
927025182
339668064
964343347
215673295
175636351
489705437
566653523
120938107
163376727
655944522
841329084
103279231
742362804
878363304
227518953
772165031
529772341
930261785
615719013
215700239
791587274
736063074
157205397
815971320
353488456
212646500
342545581
858071108
178220470
774322485
712995090
883971099
293200441
929421031
894213264
224515507
416847120
896463195
547226674
137596434
512358155
288401315
111040527
670950418
620417459
905072390
761810124
918196240
937278544
480859361
784920403
417062350
344209714
612001595
870600247
322769051
574735546
587314757
488674316
479179483
853561670
164272632
724545850
434526394
484468578
340916050
920952577
758267922
335490283
702738236
919294207
492584809
899270763
454763721
931362948
957592467
261728091
687101287
401871567
743329850
571481823
138382324
646203305
496834108
525512586
962478527
926825197
630158561
945734617
558041375
142889843
521824912
611157861
959159152
779011853
344563309
883318836
612913954
665773399
387160432
120570616
715050936
555643968
553544252
500219722
737038784
531016454
990596244
471018772
501670638
878792599
824170091
231004382
796757135
902619442
275976159
819240536
531819554
296454588
827646687
416582672
781300557
741948107
251614178
760542022
257553262
958996142
800789821
975037306
126008509
786639324
950990486
153634618
985906485
331049042
865714187
778004763
239913715
582788783
172130127
190697117
559694598
648277251
303476809
774072561
471511361
506569967
791455107
502550500
936678260
931863696
798078511
813956427
741779661
321550233
765661621
522341043
472214506
314080879
896988365
142450429
747084916
488305754
781631392
502584374
411627072
699059371
443457720
177925556
787163088
865333221
200573451
795512633
428288190
981968158
451492151
268151244
452592026
490326856
125032743
307810138
874536613
976182367
677363851
833896470
537123022
272610329
541006726
169910232
281705285
853870001
989630177
737934666
685971621
106100663
963328555
296630852
641797472
167623006
188999687
932691836
701831796
692182233
144737206
879620983
266726358
766786601
820947717
214675904
769377490
682360483
106787294
192414733
576442772
930025784
102554161
979751224
637666204
785778937
218688447
933666177
526125861
261035860
824655159
620956899
174139809
879674063
467277651
330085727
468535681
921605773
102188371
963207161
285313928
721820623
408967412
702287885
748565168
621197034
269018834
304648650
818149893
260926676
279271450
296233773
252229238
864772525
406838150
322907828
355765700
518329300
833039559
120129805
642674489
447338790
165455416
810216817
837515209
539904695
345541092
353152537
824314675
805471133
138237075
948728263
991303671
557091719
998921910
864276048
898478009
915112543
391245297
595692881
365338672
936970577
977529653
712259223
520880511
493468535
550722738
544760872
322539382
241843785
596653915
396049266
926635961
174131738
330509344
257747585
631043774
933866405
721833894
463873136
956433282
295056936
847644679
244699145
480775451
957223781
696693513
274124396
974607434
991715908
465644095
100583861
806706035
139699255
398848637
814282174
974512911
455590609
574945894
580020545
315294781
661446974
570850195
291189564
564639668
173538738
952063921
843276596
977135760
222041462
442026193
565542712
629887058
716858882
865516900
321860904
137543387
538351390
515420013
109943879
561867050
159590046
562965222
603214192
228397580
515117477
779143538
673346565
717641548
155252417
565834006
874485147
965297734
319035703
422987470
131017525
838570574
341785195
344006135
157900714
703584369
942793503
848546134
209420615
872836051
454155839
796514369
768220524
675764490
291406212
967790573
959661017
148273331
305118271
384031768
347278547
704537916
169926814
300227849
805074220
120634481
727643307
575614206
990326270
804228502
561811776
801167948
666507655
219764863
416691849
307777083
612293916
669288467
290710415
143700306
882025422
113823499
434070072
278420178
427043265
180832865
638299902
272856715
992115749
673900797
107806155
411827977
192547065
805180385
348395380
287235394
918219290
567843139
182328145
377629577
434326833
307862767
377106704
388980068
700683475
979219483
989160045
344612965
265406277
782783875
584172236
281607198
939860945
382675891
134640593
254544742
650439233
162298688
924149692
692254916
721151273
441474533
238604662
872424125
768075593
314117186
379582337
518369218
857338249
765905100
884740097
858405550
601889276
458204118
835708232
906597450
526019077
391556743
675234653
555950135
320347496
861377853
872604405
254738317
425392982
121719302
832375375
861178975
925871335
744640657
120175544
674781515
638098036
513485775
369864663
873736344
777575233
781671298
429268437
898737140
491734357
545323319
788811746
190659562
336332046
938125803
177033133
204704247
307197709
207685618
324442223
488250812
114299821
394450886
357088030
567387200
993395516
476079145
865769139
428853287
954710276
259338391
616452736
253604793
361336642
729825567
642219718
352647945
718172702
975386705
841588604
101972555
159173820
334015276
525525731
669920555
361743913
220850746
246820806
183011171
385010449
378690447
877072335
206475560
580596070
405917019
969289810
286892240
334063132
982220032
927633295
750807344
499848515
390093293
574801004
443021393
144404989
381274784
967057383
424543195
935165467
152399609
418099728
408256414
893573381
184589044
310598514
799374776
986190150
512255785
847150869
523308497
308725692
352736611
602896650
269637354
696401060
557921512
394027667
918256023
311380449
361683791
781789058
319519462
758976882
586568930
457892960
150343157
120312057
352891612
943351938
963500958
731349378
930983581
108335552
276720415
631019766
478769617
466130788
542227410
251089692
947820070
568792015
166944957
623413913
317615343
212591869
184372966
996296250
808947559
336659245
710854655
484728598
417674400
896173338
563585402
177196907
536937025
435364330
902547523
589195745
990242687
664428765
435299320
713518045
105184315
770851640
292205732
187803597
484834136
952542305
171284239
180156118
885057748
209595479
231773538
380774095
252453229
643007228
239772909
811418162
689672803
958963367
524826463
332019103
770819367
682526865
160684334
928993151
711744693
100612711
668500501
375502183
651447220
490477416
697311251
954486609
632611198
273414555
555087897
614897539
536547809
397520744
772784620
128925882
494229459
589534629
690438438
332133834
472900482
239920140
713029903
316467020
813133980
320624013
943110363
627117829
854988174
252990967
991002158
583026874
667896597
587002306
187500097
627545227
384675406
417012067
669656276
120970388
685175621
104262236
989829981
513366604
914250836
846604489
923424811
661386585
941173276
880190560
440298607
240720957
634408708
208511788
630667909
915234743
992485155
944817753
125942499
727459559
821234364
689613486
310451012
193699466
539548850
459211797
140483944
394797201
179474436
799991097
504031314
297881983
729862284
471071042
710477826
981578001
728293329
746590601
682901269
136023298
338459833
834584872
652966731
797980209
236290973
960961834
943840542
639710281
233307503
581214409
567844751
963208065
956568069
166952135
612367683
133806806
244183847
238106951
845440634
824203330
723076315
710479202
481699604
758876643
233225943
312775515
166877424
524895771
297418406
393891172
581072465
297472048
602318824
409173532
162850424
918236708
191484864
587852876
176692630
267792531
575893956
532157266
537687338
952014812
906354323
665084847
527643360
621007866
152559061
893499476
678519042
888468657
965931303
913983397
548701269
747714571
401794791
957271681
233869557
360127723
259038959
495697895
142782533
831814348
847012591
799084397
159871169
255315002
599046855
267029383
248780370
813749862
413337558
195168753
687973963
959340122
595172692
313672684
529327724
415181178
550869972
524136934
669896432
507131500
461779848
694305501
951026491
932218361
517284442
147074175
897833464
319014971
540023673
567742516
985649472
193436369
944035582
820780271
366071032
774793310
645100500
520983059
515552131
524609651
434836091
301641566
971239156
108362929
591409670
492617757
619212409
130376924
610859985
357505475
229781656
482880307
126646482
885465122
529232777
194894929
344248863
617951332
633683504
343359150
889729926
128150982
847178405
559285101
508190341
461559486
711411230
417163171
345268386
995832299
568328249
504065894
113076670
433778502
672166703
494644189
808541634
534987198
615287810
717066547
726926868
554098677
925746382
597248133
349907822
617713512
804842877
238494029
184528482
135177864
738299623
581329633
391570917
607057373
507464147
858088828
399977441
663526368
528758936
720466296
699284078
206546376
974035780
568237776
852818808
596390645
788156607
359800774
297684285
310426693
118998753
465690951
650294279
406304549
385154428
506931173
340774870
163023688
662650425
432619869
585024262
730122430
391864682
453969845
255193620
403913835
519065808
989989363
611224841
532608041
112001956
990701987
250001554
355606970
639379599
179299934
545671241
313579805
966694859
168990695
948860907
329771391
726799795
535282953
159685273
107715736
437842804
125402097
519568230
134773112
410804855
351741012
358032114
233320500
980256821
598167039
343860326
353777227
800414612
190997027
623550764
238131599
726132945
763432052
775573613
526154454
404811753
381554090
908285384
684262042
794948759
447234613
107617334
942200052
882310817
731931026
224042272
607093390
934846722
748207167
216078596
707227633
971491967
865333858
352669734
930356491
199183302
783092364
743696892
897711698
181184187
268133454
220798445
887451513
344464086
888226827
120327313
425701952
496506493
841371274
868102597
119785271
232771688
356877453
914395888
277006496
982907039
934145037
382946133
154742544
297705141
821435503
797659749
427909307
211027000
213831590
429096547
647059174
667448460
551780769
710801203
910925208
715150543
840189219
517595581
545253967
725573554
853269624
290907958
569916573
212199236
948213804
529877712
635771279
288694005
234027427
924685339
360323598
861756634
833631889
637630812
338419935
867591929
523306357
867801037
574530866
216306305
983407358
375473793
634423401
723888510
196446671
621178218
694506068
701407299
333038406
141251690
887343923
376746332
288903794
541631261
935639284
704310247
270062997
286154805
432563296
477738530
689799574
660038868
799639212
609438484
148367771
916794224
810836311
697700521
236186375
968815883
445244890
989778866
250133688
508742075
857926960
155237262
839922524
336270258
602245643
892664095
479538054
243725923
132550963
312211685
436412079
758136035
388300492
197308220
197519512
443540196
530808668
602968966
266969835
977146686
540723654
814921473
793801161
261163830
922573522
389008489
893309165
381135431
881087775
910482927
785123570
617246538
324850875
947914926
414242049
244354295
799454268
170023455
413876579
245224254
526050314
668994724
244166696
558772101
282297082
808251657
846126028
655648293
322410312
263967422
564457644
889624459
449138889
393535760
434202268
509788213
867722014
910037134
275181918
419258434
316523339
272565275
380082959
850993710
455734445
461841177
190089012
573632883
149643271
971331943
240008777
401923714
948197853
287274020
665442667
829665452
275935818
333921851
498911512
845587065
937686180
885699737
759060999
773930396
640577538
622139264
826655479
709435247
906970670
825758111
860713872
943217794
451274547
340835028
883202286
632195705
393277588
811752547
786353378
186700660
304582172
786670444
939742261
186743348
148220183
511691631
493167699
576409488
141037682
393615524
311300961
745923684
172252738
402477157
932075598
841085456
530213685
405769646
160844196
179240256
503876675
160900251
182313392
376939409
148438474
830511817
164662004
401388841
196469686
143862742
884202691
895403607
167650826
819798250
925947662
702262203
381999232
513568713
839669477
442809006
673074948
560084532
203127516
855255881
942122988
728171946
180599951
796617709
349598945
149417911
911631551
973797788
129840153
409435760
119194156
721997871
950794292
652467393
944974957
259633861
844821321
738134802
430886139
859109960
852243511
165369242
275293432
466887042
228096660
313634086
779444805
330497824
565892603
801741148
296905802
966724430
103372582
478634571
697918753
959752993
904444467
409700955
560607776
295646523
395867723
166997974
999853517
524426301
674921965
268867809
253629051
541903465
306782917
749805318
617874605
317860505
636877271
220069335
964486397
568276025
835397393
398897099
817684617
450624540
797880572
619084415
297598874
315581102
685534628
257462014
940831881
440087197
752304299
838524846
673170810
434714999
777299378
682858348
181460443
332972373
190645361
864810297
595216441
877518624
874333531
159569626
645147049
294167076
949599680
925763708
745335121
773444847
787390856
698418860
380364795
863771739
826214385
357846389
523074763
424354065
879125356
583002708
743624979
675438162
908161198
670064717
160599411
632432706
735273243
214829004
352790633
185268013
838751163
318059397
659230079
383204682
363945380
242484945
535374035
526521148
121101723
368752566
562797305
660878953
875747936
870382947
903653233
422783243
148295972
170325972
105485998
489449911
173776989
885707189
349597118
805097869
292923583
325466570
177642625
275369946
186243207
369323912
863507422
631118655
118164328
140518264
901487655
122588434
589479598
484270118
890737586
511628252
792901780
584362466
178812648
289631482
604516003
889070768
332806555
223383523
939115091
324967590
785662104
809778236
632625098
408825886
160902673
629418293
536517584
532776241
282017343
897364230
811454996
136948940
278795980
152152521
165386214
401362062
731700628
233437553
691106581
150011755
625301286
707999697
704814468
697763811
382622071
765195635
340579288
832751174
874486992
897999750
431663192
319260770
363908624
384656721
793159536
356249469
670658753
345762862
686723254
648210210
790272764
326847931
768846047
466395539
810780939
700124064
779530890
744186843
629170654
796785344
752546724
328250176
992419637
655971477
363458362
611948209
960461101
149318908
732424775
369624214
102896681
859894681
325158444
540043870
813551727
496882329
305200509
514890686
725966076
799726282
267034486
218647719
688214920
829573059
190531092
514971522
694407650
263618669
876524142
448048032
922187102
505508062
784776224
387510644
487226262
533063658
554808751
769956084
722926348
284873138
851310846
544179312
267140586
839834166
722846763
304885760
853930016
845029525
194005257
967441610
985688248
182372076
569937701
591245707
796790553
964320735
886482680
379906601
160377846
322335959
163204883
781290666
755168662
842165313
396013312
431756685
753957683
322634367
948794566
599285671
321834942
623745907
647666585
206260002
919073491
598282855
187763061
858274755
795184689
349129615
882885952
111711467
766135157
471181405
402122911
620033418
343299345
506513033
468024928
901649344
621123883
346928131
688472019
670165573
883899282
669384831
700582461
320786857
471759328
603599084
123654288
930529844
241440815
728605797
531073936
307697065
522502932
185275038
886956059
570070703
675724714
827454710
846549938
234735040
324310923
908136010
298783469
166689952
728300924
506305944
258787686
149838907
576768364
153776980
619493528
458358467
501359512
357597730
443343111
856862245
187897545
381463682
155047307
499742752
651459349
787908845
563833120
123805781
736175520
483468382
259106759
882865392
283378783
711295129
120969550
884430126
350299856
597470500
695760956
937438311
598108793
183534002
324975000
157799737
773900924
245322540
111455376
108232950
126994429
216368546
657067428
761891704
281721267
183754594
773858955
724833155
922889284
787890309
195659157
897587603
875970341
201435711
274602424
632985711
493916727
966424558
840164314
361573822
275612825
413421019
960577388
823571547
605548405
530896436
255143768
954436271
893347245
982236192
572451059
555463007
531189308
604008758
205918514
452819595
268704427
438778685
714572623
495311012
119598181
532134734
807274057
507334850
965022689
521242014
100611817
277699038
190595403
293102243
361287751
358585139
726312815
957081575
450492435
220802039
500439222
532761509
302711111
402716915
416151508
646617139
810407456
338986967
769685089
374844824
886744270
175554513
729320779
182193132
689601190
787455817
262579232
423765030
228465381
715045333
567991776
755802079
320698857
724867625
548332383
161113617
131103595
773754540
334533052
645299980
923385821
697439540
465284834
894474994
542975835
832829906
605880178
330093439
604522009
555274581
381879962
308562313
123945487
185065143
351903287
349507336
509244414
675800094
947404880
380357921
549474763
290359766
350151506
120618019
106362212
695815650
642189341
895116150
100674967
715448369
807846276
718193984
187254217
369149636
502405863
265679694
522292077
206254824
505535377
130417294
860689477
473020711
216261156
698509106
164601853
639407662
851234580
465718323
990685454
812831592
448041467
716748755
938578104
379128152
854594417
541785676
150907010
360610889
869203627
903474163
131875099
307224101
129115939
833387133
833209102
381803236
735594563
627023572
143754192
602070047
810913222
819018459
261917776
862790428
108587622
697896961
750436609
538765653
557366300
594133523
980792009
371358387
701927490
381592582
786344859
122753142
829593723
316884280
176177182
958579931
108132393
218309851
386372260
378243186
183105754
433667938
271522655
731965598
174342358
222676270
777015177
824403686
928304071
281657045
106822235
575015319
505118269
601579515
303179694
548547113
107402305
711330619
371133655
626151160
434512252
758880201
524756932
878452526
743705118
686808831
398977652
738700082
391997788
145037420
755831003
211948723
190331881
666422827
227476664
787310520
406898335
398459324
496365544
212584938
849071764
947960966
809614050
439536949
116686648
612437845
223847644
453264772
385344341
354359352
326533062
277274739
885675367
416942196
928016557
455294119
185679507
458235524
425089886
415766021
194315840
237316635
451993300
178089589
754088087
525699553
248171659
543860322
292593866
172656984
581008595
871371252
282315943
786256356
862478595
935139439
475585118
406373095
812577306
706930749
523291875
966042987
775468625
542475655
994089597
878894116
374817616
457390022
225740254
352925290
797558349
116523415
595297637
342091614
904548145
368046451
462843101
270843388
832967855
546843065
795266715
966269921
244028663
546669881
774132536
346588208
703476237
420923349
349762641
185681439
904288605
514532647
124642064
538414047
965705784
774852458
798890953
244045044
490454721
611186891
868679422
789526204
918765425
953591763
396167098
137603114
692499277
236907297
886774345
966433982
738593463
157255737
598659665
691479865
634813007
131502809
219814619
282261923
723878153
166896721
297971084
177437936
306914127
512052604
825552520
564092466
420745353
871921220
691218306
286785895
941528652
807208874
905851838
383079070
368593440
213805279
295880038
420741582
807411067
727428211
124246801
493451299
284641844
220615227
204522941
693395184
772355895
899379640
590603814
216592286
928684535
456212274
581536980
368915985
926719800
245067918
330447215
592577303
501376360
308263445
762605974
657169061
672255376
467131463
226456231
789533857
103955172
375464966
401964105
595165303
461835810
474567923
643326262
999768603
394060798
337465464
121600299
958461217
479463860
673211951
423056054
830263168
756779220
692214412
687935523
535556438
217635817
722068602
222341638
204921563
845563280
400849134
976627431
436233732
384119961
386292688
622562427
971369236
709256776
555186120
164422601
275029361
412096930
981097471
459765131
880424707
896613784
647432538
925135383
327301384
770882300
360668978
860073663
150885676
638915583
565106601
790440894
787089638
837311377
740422071
314697017
298533820
503701206
385573837
630699079
849175875
599695721
778184158
600991147
234761476
917587554
509464535
199333095
977763622
473940968
524232327
269580570
333292471
279055184
638601112
910074682
454704320
210916007
457802370
755643364
803416196
346248202
222392856
181255957
215369003
284654135
286927336
755857615
462798206
245407740
272486188
682746850
863589557
339612713
490215132
478862049
644827393
601292257
895522229
169181876
651884845
827342991
714675652
208820586
299593108
335904801
102657353
442791902
894137550
453565840
369214098
766119507
480872615
734467990
970229789
726233567
970600614
928152223
625379127
806095753
255356418
877393430
519831952
637039498
136223724
144431412
341253180
343618702
161464751
924906697
637869964
561909633
355986186
323519666
948930833
166424342
958842663
953616177
677717010
768770032
738786869
449469663
675748953
281223172
358236283
529067391
777852363
361370378
436600477
800674109
291906689
999553956
219288493
137637175
431193602
597876881
808151767
802037131
390377654
919879721
387146189
348057998
569503405
388419548
247435997
344361241
296274806
653201756
119719703
920653471
269074768
436147761
328856484
554437787
761151383
878375928
755495349
318926194
424781602
657947393
667678052
274378105
469764602
248746487
583206932
806776342
623798175
777165871
304610402
618793221
515301980
616361852
332787138
488954683
377424201
478265432
417775070
783367843
368151643
482098992
178514892
479654114
984279831
276876390
804742049
124798870
398657106
871288789
732092350
844807786
931776458
680908644
387490674
160878552
429318804
561460019
701782989
898762897
325958387
795218514
939637165
911993087
699028354
644236040
463456625
143192717
599274136
870502041
287072003
962789865
189013283
474572531
333453562
285190119
812401929
990200627
391337038
263761698
100270154
620897133
572013024
995893167
454954629
396137836
769715007
822197762
246354271
741592141
573507659
962120215
545863537
596396758
266188451
716648332
447871421
653527629
947356267
771454711
351714722
669263543
672412773
738640107
962528359
403218023
164278456
782850028
992304711
489423160
737253694
453278831
713096791
295509212
546593357
224634127
989235756
598501978
747208280
953782817
509730272
131534286
387902355
427741828
108744297
815941190
913589375
425806466
603790556
403037422
351401675
347292026
941733731
738590893
558953988
670799640
627312237
757396020
596411610
682713177
958309936
490847527
817311377
237284399
686645824
877018752
687493889
178219962
671973406
410166033
288981354
988569989
984410942
145386233
370594139
420935721
903914395
209342989
802314105
875571691
862141570
875285156
172121668
872995186
372279904
962119338
674310283
167239928
814053456
689840099
980623260
853075374
909701409
222598393
813088292
754200622
132474352
486890466
823168917
219213618
977647845
600642352
614682149
314120009
814961370
269986538
704803284
921083539
717517922
585130514
177070580
172659283
436492348
745422180
230124575
590805067
202253944
940865814
985878662
925774214
109485106
557395311
351772580
554460917
847396759
756847150
301867670
311216177
340275938
403085034
367768359
876520112
705098117
726339149
633343119
141275715
239708460
710309390
259389226
471729005
892239596
100126794
983537780
752496200
624565422
151580833
317998244
190633186
303836926
736301637
869736400
458002200
337349244
573814855
492129436
489089624
674326740
922053229
397765700
450656420
843656660
867062085
159215000
196140269
142169876
383596472
147592361
963116420
637903974
300291900
269045711
480208590
731859201
785084820
724417560
239301102
400744062
697098339
363597806
263205211
879632067
268454740
876758630
970586164
629622135
754556538
684242433
658764542
705699513
246091306
603037318
401869728
356219467
415447219
219680221
113909805
942295813
225771917
344129834
844163814
606264277
707713064
151585961
365389960
802292267
869124710
117412239
781504088
349792009
382320480
231282665
368771230
363704467
173773329
793401442
144241215
394120981
177312055
300603218
431062944
542573665
594151606
236925251
840428508
473381044
425828856
747946249
645673848
486300670
924277396
800567800
134173532
958871958
602459758
481937204
345557059
842458707
589174416
304667638
199530907
566035798
257176905
183032379
732442408
154156445
743869715
158858615
526947224
543862983
334229628
743516717
244217455
197586016
217500095
751500145
337843741
520236171
210382286
491569712
108068740
766065325
896216316
732381069
354796810
263029130
192211936
566954679
969099634
874246284
175027498
474655086
165145307
901326114
575060300
265486040
764502947
701103748
556409533
954942612
953790606
124537185
595934936
927341893
539909628
301791355
515770736
981599966
472621833
947961967
474074197
216810993
853715937
885059991
919773271
143176205
660148670
482660891
133797356
637951016
181429185
233986663
119673054
115761816
185633739
790344581
771778440
350812243
619495316
401110465
116512703
400334582
583339849
250840962
456642430
181859097
627979677
143292300
812616263
346610877
189018925
827529744
299571117
472545603
484968099
349366495
221951047
914831090
339527546
250583158
689166657
777322913
158626258
838152206
765804155
960878576
795546424
919628137
184692013
156913559
263285271
904695134
702262899
192306909
292971504
257048956
157435394
895128191
787338857
105432261
529970792
286343957
393900044
519087847
917284191
539340570
693625328
873253869
637188404
188001159
236922270
884466985
286875006
594948625
336343168
791144706
976477238
576798658
940465024
695313783
168639554
951965315
774676378
749263302
625399501
186622928
303768852
136003248
354797267
682568862
648045586
559340272
681566193
640195797
173231966
604683096
760676975
524175029
966239187
235459536
552332100
744063371
846094226
328082115
801046227
879933508
351402204
195261558
538173967
226573377
115307285
166336923
985895702
595707667
729500176
413789523
759549254
247588460
250802525
216163453
860227336
516300295
653613218
936678498
124936778
951797669
298002373
104568717
566131195
631112443
399274310
915308429
176643575
585649125
194274394
524831699
756264657
183119575
517193835
975489587
451531557
118196563
859582094
488023590
307036012
508959712
558205175
661586668
945571285
525276679
614199454
471256071
635169106
533256266
881149027
519677336
979845646
642562282
839719550
535114693
395026693
954993630
657528845
237993332
169285610
628933504
438154593
419837545
772225187
482231078
139455684
794060346
782407878
385671096
883543961
503945564
636984304
879860915
746162198
771092538
266121022
786114098
466324996
257612735
417393975
896445224
936821464
143008141
370785361
748476443
235268176
504069289
918070494
858350135
108433470
808663780
300988119
445263132
169958115
742088619
812420732
242133472
494194351
917798179
994457820
892939502
728016920
829672179
457432106
478060063
791796285
806264085
963657013
574922470
404397770
115597323
219958230
594475578
612922645
401956185
186515444
956201447
374905943
623716976
702896327
741539832
205105459
170162102
343614888
928857149
468383526
261942468
618674770
692931740
463339587
669719603
673872450
185112291
616074353
986878307
300041818
440330543
678106240
637697017
628411919
590243618
583468300
241757845
308613723
253917608
410335895
675604928
872481326
440836673
328292992
889826396
173571460
605647153
869739198
669101435
759845251
410340596
974568604
466597123
587268923
481524465
530475952
391970927
945272873
577758882
822596305
575769761
129003416
400479862
285480121
462839708
630198136
199525439
577963333
122990770
822431199
630851225
363120846
960191182
946249175
816434918
746190606
141570459
584517367
185565125
493792652
449733106
990298417
776160200
349677631
235303373
140149921
787034683
840057910
899429561
857894273
506066094
687005150
497516766
472876580
726608265
317947358
221539017
718415579
484822010
281027926
860240805
416442138
887072881
590611428
987756100
696564719
517908360
750992001
978088211
919649557
456705692
940430538
534558938
390439223
504939014
929541586
276868658
216563776
870250636
115670130
253246172
931170018
636111850
248017416
902262601
905385780
546800500
180757333
508302042
143077233
941536211
226468186
471570725
637864729
662663522
206879758
792659377
105465330
887779709
177848531
527855347
673967378
643015464
770984760
268665762
671628728
203568672
916872392
801421022
615576048
107879365
273004723
116322062
857010608
147193463
474016083
682614615
519914754
358196928
777198633
355232145
976660187
194023144
211652676
198836532
373527430
647076407
548412808
213504441
971203823
253180894
745990021
789113965
330510504
134051726
571642125
594279685
375162937
938392609
122352002
658732149
429456857
516418303
564600986
884668385
323015533
702553886
302595858
357027309
797458827
685953452
414309167
527341006
506629480
912800886
886045142
821469285
255747663
199336546
452286657
861644207
660004735
275587186
965371124
482524639
682476791
128687075
759831566
681648419
738006891
476184705
205069051
615963248
452303235
959737778
333892249
331805779
857623353
212398263
225572024
687474535
307334868
487570559
660171068
829021152
473677762
268014373
850171351
895743832
908271734
395652490
860917951
610040664
726711206
881954627
635118948
920219777
690860883
511381886
132993086
850466669
981823503
875281767
802932271
877281402
865366218
564283453
677962454
451580708
257197354
789836321
221092503
411522701
535660224
591583070
794689975
997750649
277174487
417282921
311161246
819682093
427078204
496394199
663767366
971699327
867274297
937291061
864689487
494542635
983038282
571835520
308083412
217635438
361961091
666360569
986271007
659276170
121929712
179284308
533164554
742684937
869702714
652525423
152456432
452469408
417592108
198823826
477935085
686420472
550002642
748271812
460332332
694440339
973571124
835348866
940738235
680364605
152869233
278340257
698620521
473344542
584714472
361994486
333707604
357326267
744072568
384382582
568993270
134354980
277095231
826944138
702236798
138125307
726853057
541899627
453134655
897331202
964569029
957865498
175589566
869233346
781197166
302964971
111012740
406604192
217529695
957108068
348804206
635957903
774942200
715575874
669379683
694815874
271756726
405013773
758373107
360382288
305294403
574435564
817753861
111606513
305773582
962492112
873625862
954880970
972703612
858218126
527840704
257991813
137766271
166405474
324789193
949028242
496715003
279131630
246922766
893428533
469971593
826770167
972351771
951234367
271317310
436993258
253520283
573259274
208313557
291419475
526619326
711369181
440768654
194722958
893384909
973165239
908415284
677652882
912358238
119347208
889519859
163186920
404320616
246600832
608721036
858517365
985101344
928488446
855871699
145394491
755374907
241918970
161863514
926240824
945785956
848476391
215542932
844404843
234638531
856618877
128954824
721394691
192476376
460061394
727787352
680790078
164157365
826802517
280606582
145869017
847167385
894595009
102305708
161661536
507921119
994036939
971470559
894374982
772889356
695045230
513011109
427887908
233881161
276895738
361766994
120019947
208083942
393538404
367436805
729593930
539477725
597548563
750837301
581154213
854151055
466016248
854761245
995066713
126581777
108715112
800006925
355926949
391191780
428498618
306222834
642024860
105467264
571692748
899237656
956731634
184846119
476632895
909268190
516964381
502021061
436562016
591330563
478645232
680799744
690740702
862873401
605555808
124398438
549066577
856003004
138171664
369345731
186702888
356341972
310318988
559430047
428922571
658731716
346640824
675366823
769022984
585346007
656578444
617867943
231676873
118427948
105588267
292791084
226699915
368420418
416009094
652752775
545556945
451240254
216476303
481401754
837468352
507265973
943226208
864140580
145233853
274392888
611035520
335366409
461262710
364942538
231588478
437670301
333244630
227362915
174006317
480044716
796700823
211994396
338568933
765960662
121158394
295601118
556701658
330939702
528287645
131607765
657708206
204345144
760743180
117156090
317750563
304425869
507243501
777327622
762410548
669249288
642617240
472327630
645362788
377413870
559839927
685638363
343162719
691788438
811006325
148326160
887461714
754388871
644139865
971368968
511869017
952166046
120320408
952806359
844275644
752195872
391652403
356282825
728288966
444355673
972263771
325253271
411356537
262530642
850449534
605055789
815381059
939550209
121930016
767377247
274233636
360586006
636724800
662300399
442528661
115112360
996311310
324520912
655776590
904200566
359239393
377246466
140576787
951435083
379121875
575927537
645373998
621236202
619356479
497931124
716505209
514262665
390431236
155770216
356327375
561536292
664602336
963775441
565943285
689933177
294522184
914302526
686430387
540409370
541883198
193884932
601963940
950701665
953092844
905091066
809881222
465607922
641235100
529597204
434743594
736226933
840202634
911645943
755607372
421055122
252619998
874663694
958803514
137568631
552557683
819108186
443884871
128156493
313760430
416122942
238360360
319082283
618416303
339417585
738171865
688194395
371599540
330124402
726753301
582561544
602666079
379627004
578481239
484918805
154607014
124696656
256074400
539024797
925504572
365422610
813433968
127790867
616108051
909684515
746992061
932522342
373053529
155759566
572404892
149984260
332878650
601991241
300046246
465687243
772065220
598806073
394537895
997997326
125964359
669065379
884465346
282232552
116685184
166573133
739538621
658450668
612009946
522143436
774705915
111109575
513737948
989209937
256374913
847973394
149814924
212477760
753934251
946828049
231290671
139417742
861058682
539494500
387662825
955593535
851349628
825139931
485035200
726689297
421659999
325897564
278829628
775437879
312046276
269219145
116930292
483735326
868241438
745172772
614374546
437105234
478395561
340573289
625231531
327801169
582126732
631919095
993366767
782273589
949978862
696780246
261538245
403540020
338797346
242168368
423315445
249429606
555256089
596109360
594036625
582385852
112700190
592916632
172006308
341049378
826721658
471776814
716644930
904194388
112780225
282743464
822612798
764383282
810529208
279564665
373256774
792185247
752680772
234917837
218968567
402755304
272786594
977574124
781180433
767893633
838624026
226537227
384866098
245582874
996795058
637030807
555125318
915576009
533262013
118405292
907291009
578001307
308010865
395752813
769093849
565013912
323735826
637480582
484972312
500698614
635588222
724315371
425067996
974604727
574398913
585474195
911493789
312052227
409244050
756043143
271568197
771947489
561376427
902784138
381755498
737483032
798213785
387578838
258030524
213881279
188864501
727678221
907174445
607632936
793784965
471462519
991594170
780321433
928971836
558038818
213425002
239389079
621556129
321137754
480621815
997044086
176266149
627384747
321639613
780834072
449450701
939107832
466541860
777481582
166693071
836347422
791382653
994289917
754074579
609492101
989919079
984124204
239820699
867651165
289115295
624631729
996582222
409179210
689072263
751799347
208782595
819092393
147149779
145597606
196098640
833244642
643921269
172282577
166190236
369013396
743830814
116749342
921225913
337165239
426640853
706528586
936641214
155903276
229289627
150294255
130446341
192396568
188603830
946275467
952719465
156057990
387989321
230586800
847872449
970962219
882001403
856251849
816626608
787602864
865058950
593662124
327500555
304780433
964255741
138075915
676225385
979289591
470538123
645839328
522706656
486480433
125549058
515856837
315582181
813194622
556811015
162474773
414290139
641964256
521308173
679740207
151112271
855642594
638078065
902350203
825945932
339188016
759012131
115913232
149103159
535982652
395620117
370894184
790797123
875947976
705343916
844753836
534172758
639264939
937983530
264348336
953363691
304284131
136254202
173788830
784331821
242385341
933607980
788235185
363808942
657885576
630637617
256733969
834572635
987972090
710788545
684418914
936783207
707580110
401866726
766390090
875100587
982820620
169527544
735106240
850191455
971477640
655100659
745455387
989363133
350541019
657955644
398738768
194722016
421004301
748644067
138144137
438827988
224939257
397490609
660183045
934381947
460508891
417096886
636200997
815767318
897459873
556907670
347003732
550641156
755400927
328066401
145656495
425383550
492415732
463144278
292490881
748212658
539077297
602280035
954135161
710790363
178458800
914624329
257811786
181861360
320890994
816003408
339928746
681148701
277451020
577331725
523519188
101965694
241408241
694877540
397729469
207150554
296444021
529152053
990331660
794741222
583558547
719316587
996557886
318672388
568691986
195986700
356084387
595144597
974244147
358750534
632730923
786553789
114413894
846568169
959268809
505365978
750451267
553289181
455861204
577706012
745161775
646209119
582877848
847283757
734450981
884847713
159995228
666030950
581594629
405381262
564376499
818771682
854170242
244352449
334794464
674773983
284931224
423239138
689081774
802508267
232082428
251691535
814125818
939553535
675153707
710488446
586001741
519802528
918222112
210347890
845020390
795210680
213009436
663033947
794719573
889198323
793131945
497850457
701317801
880910606
416726804
885838315
813745115
358995798
753714924
406198255
234293443
726168168
320449196
132810029
952779396
209411338
918363824
158159790
704278188
547214842
159149354
408409810
312546907
479342619
467770495
302007023
902133912
646735315
688110414
983082725
609239537
672159005
599402102
333906063
552444139
347396972
885852357
207786796
310532644
572978783
112939675
135321483
901574626
215034537
711067883
259499118
613052830
765156291
424701026
125746130
887304749
706035303
672780705
928113892
388684583
959357592
362541060
212442549
898712305
886445485
854628670
569159925
873692292
450931151
829350567
310853667
292206100
758241036
208729873
700251377
816692280
140040685
427021681
848626115
951821911
267379552
345516601
449214636
612512153
873651119
119926771
379365003
410304588
583433415
857156265
723717988
188925205
142030460
195817825
809283421
528861848
395490699
660256044
331443798
461594178
312998763
877612815
715887624
161975335
887463249
580417306
749668988
825692113
488246027
793704432
141819142
778840994
678260142
806767875
865946627
500771750
789240950
760322267
905499119
431822900
403557690
248912914
798506509
960923130
635122509
382108690
683810436
997151599
227286344
989282776
893360968
675087443
404186378
844330817
556542715
860202657
302116799
235858978
966912105
740828762
729924884
850965938
179613315
600246707
471319182
527747400
154160406
217953298
555475891
874464372
479041590
341085568
315599979
541828404
985713397
614198909
380743866
850522485
790062183
581825943
198878182
446778053
632685057
323942857
901480959
269711428
357967700
566044416
366852253
804917654
847662771
830928244
978300421
237910481
502132361
433534796
488665650
356129086
603102718
315273530
959879124
240766427
712018207
706615295
964945591
344769740
664435613
156673748
789057452
798521104
642288364
101415699
624647209
998933338
280552780
195099394
925091694
185642966
498697495
417668444
779223265
538317405
241584603
545041926
402906937
782788721
609943565
509611052
913736061
679089238
107371447
105534041
741494058
430314039
549122219
873742013
434538030
976580340
568055202
492179069
752643480
824973977
762506030
969963019
997379467
948835204
650753276
783642234
688559688
925015356
529742227
347428045
107903746
480574102
230723402
105224973
272159010
358553205
725235405
996467891
975714441
588843548
705961828
741150539
449756247
677452932
302737556
299539253
523366976
796898419
405392947
465285956
236528754
636352559
361025391
459197059
220677612
598583898
874132786
511904206
459793255
834854627
971406942
623935484
884382708
821046466
754639302
627025410
913750515
729206272
823810012
937549375
680467707
756429604
655338220
184686539
987673962
772785972
837813202
379949151
784552813
852615070
975352055
874013499
330194965
820888821
620006925
971260155
677157687
289966485
898154504
504835179
989777944
891606078
374191512
732297484
882254787
872785031
209692932
402821763
389353831
217965003
424433242
626116444
837373572
182388504
792194942
695692986
553502466
354897519
207078424
380517132
345743399
917836194
840598941
482207657
177662821
385344947
607129342
987056938
613821255
776594682
535542513
540812478
991285760
781595136
205157155
153400018
891409947
185573741
864237571
551096453
999739006
865408612
283081784
994900354
659601682
101526283
535930426
106881886
554459706
135720133
278764608
731545053
467298038
313935061
140681882
233171570
143438254
672662460
231753878
310413788
579030960
522217685
371874911
174564529
832968693
779505620
457297806
195266295
849911918
233765214
245238207
828927419
830597709
352671951
736125410
156873415
625016564
837900445
563107877
313719942
275251739
256480123
676556458
283279296
471250499
675742048
626515264
369010242
595290843
714983169
909009422
157062862
310902316
840678927
917583835
279043458
754199317
399133420
982425885
720254607
698405544
756347466
602729403
619468508
552019144
134666541
520286911
711018992
597566626
683159698
151339445
458971842
811524996
713527301
615240057
451278424
923445882
459673251
140783672
287679698
265381069
532318047
581556793
847585063
980565614
N: 0087012853
