P: 677583420
16559757
35680755
28284538
42288385
23321359
91726822
78273654
11442628
39670850
42757409
30018934
80398208
24399377
33201801
63798532
12910836
44676384
42934261
21743998
13641454
46180170
70566245
54817388
42389794
83821101
28638753
78266927
97363966
11844198
41034386
94817043
68258471
27559352
83149318
96537189
88309806
93850687
99099677
90580312
11448539
82130837
43766728
70464543
36909800
42543846
17864573
45617376
86317519
41635643
62954238
26936037
91011257
15686496
98359557
13853539
37762066
79133182
10458812
74324065
98446049
56855591
59610657
65060535
18967077
60135662
31306944
66343757
11146558
58701626
96220802
84016464
92804782
64524263
63583463
31732344
17037050
65139276
56436868
32725862
38371682
49164621
17679869
31712965
82844946
65106516
58711425
24906570
60567662
41647163
14495798
86163538
22303748
18028623
98240129
83251779
32411602
67280443
14674940
84789552
52163080
22224000
72041668
69938299
26613907
57899070
25844554
54332814
18763603
32383496
27471972
44477501
29781368
46458348
23264415
57385212
47925826
42878669
63561885
29719275
96268450
42566791
50428144
93899830
26124944
61959005
61692094
34775483
29003855
21697807
38033664
18820376
18456806
98094523
13188428
99510127
20825735
37030101
83336895
89731226
45476708
81967781
62512890
67645458
34211836
54498082
43552240
54049855
51981245
46775991
94000405
94675175
20365623
31694043
42376792
23689777
24744825
60213211
80514996
23670879
18354057
20711448
56220969
29703415
47858753
86525987
58048084
94802589
58034595
84956512
91826416
59158074
57257703
30525552
79070371
65272015
48624815
24545950
36959676
70426475
17547301
95917871
40619274
37641600
51604321
78520573
27392092
63150987
94590163
65320610
47701458
94375584
84295287
73760689
39406766
45425295
48504318
44977619
55911956
79483918
67111718
81762178
78138517
40903838
98306562
56683714
77938714
40480407
68936282
57058390
36287072
88626392
46051933
95914338
96770348
62066847
10898013
28964073
44322768
26542336
43431968
60255450
44672145
48569240
76282210
12999601
64377283
97439022
66383831
40294242
76242038
18974425
52686605
81181566
60262219
11415945
83707249
91027559
67991946
62716790
53330065
21119475
82765983
35984364
12648335
87060369
41251128
23871511
52488409
59558472
29293008
15131936
18121765
59660546
76914466
30903473
66761173
47303310
33369447
87024218
39249984
40213770
79847026
16006394
17348521
75738164
69925872
28171396
42566117
78801434
45110012
79953431
69902166
81744474
18390434
54168806
42470814
25768373
73021847
32861174
94788054
21970164
66674186
59626785
58468454
49461760
50509537
52667848
92703888
52261839
35529338
79774480
51078757
11188480
63146540
87770111
80024759
44381277
50977345
58278644
89299002
59282527
31390323
34524405
31376531
53307230
48624973
77307776
64084468
75673146
98245094
95312249
10728061
16759767
85064865
43820781
11501756
26149979
47631720
39758287
40622815
39356012
95540509
63362110
40596518
75189718
10812202
59298068
94762000
33817161
66554473
51786144
84795522
21318672
89262696
14942667
23550900
27311021
25345423
44484479
52911089
31431580
82730199
14155625
81145993
53791828
33812129
43081177
67153001
92588737
99531500
92658776
83703736
56750345
42361760
39053038
41701829
90526674
87555891
86748422
10507918
20732821
88339218
68194733
65131890
94519329
24797898
91609490
46264636
94157745
87602528
29127695
62741637
42563491
14255375
27485904
87590861
55973542
93187576
60265882
68386516
90834040
76915849
52442768
93548866
11544466
67373453
43342781
59581034
14729125
98858808
57785940
84041034
90761417
39667449
59961372
74982242
63553129
57755551
35799228
80243559
72418567
98942066
49734201
21273191
47877288
49544277
80644912
26558526
83652956
20472487
99365785
15327633
91673685
68215932
31585476
18825028
50007762
92782183
62198902
68784256
21827593
14258198
19798236
85826450
42049321
94404878
26530163
61039785
27340261
61686455
42613677
61723427
77663465
39926480
94844551
99872569
19002889
71143200
50542982
74043956
59592216
10839079
76483320
78718505
15702973
77340963
99831765
80652982
44710614
91904087
70226477
23347573
59131805
96437197
92375116
95728258
92805047
65305006
34502025
87951487
33154469
77838582
49379117
22386007
23689855
93736288
98922225
90805802
81881538
80421659
37813834
29453636
38545785
26077515
49338460
68541959
71727933
31316406
95839454
52952634
19102309
63864298
78587189
77730168
79801306
43561868
80290146
90585981
92320328
98206926
12012372
86451919
56788222
86340433
93406979
67518058
41639351
95438346
71809882
82037060
22167712
69850668
21802963
57942122
28998036
82046187
82599431
53622287
27003571
61483861
78811164
76122169
20984442
81988247
46081456
87110305
29518136
28822576
65556911
80365896
60192268
25829441
59744208
10167100
86717126
89246825
64555765
80833304
67098109
52751113
18180697
46350848
85711583
95547616
24171940
81035654
17385287
63667518
79474390
18857525
74956803
25359722
79021565
22622270
67861981
95726772
24924718
58496914
81703266
88074524
72898807
64233706
51866794
61062276
51702133
79957526
55091632
59987522
20791194
77426286
72460038
58812041
29988429
75869965
92750242
41194353
56901083
61848076
66344525
27836638
44841838
91946442
80760163
17346034
76791776
62745293
24610504
56510001
79531144
21103849
76755941
14877888
52236148
82292979
46547238
88695122
48037369
50169411
82525990
11502728
20628342
29178854
66545154
14040355
20368083
38788476
58656164
47487718
17227502
50621697
34607947
95458176
29224208
37755332
94720744
65307749
10669549
31057752
61800578
94057301
84459111
11278513
50549299
73625249
60880590
29833081
43969929
61478093
53506527
17798492
62308311
62554933
17857251
21087247
44604926
37709484
80776012
52974520
44801125
72689569
49024204
32109581
90225429
12802474
88562300
65341125
15942537
99440230
59673052
74049110
32932925
78973246
94462153
17222170
96722663
57769503
52913057
85487919
30838681
26759545
18754456
36786819
58673645
69382996
39824670
88087628
39345869
67710242
96766469
52322915
31891611
36640742
42027719
66613051
76320528
22954137
57855181
70866386
83157265
41289490
29324478
78674146
93433113
11761016
84858293
59842639
70530712
45288779
21068547
23569242
36724919
18266472
66052968
74153173
15630778
79724153
86397707
27767414
61072830
35759079
61650877
35173959
53872545
65356026
57670421
67066391
35918072
34376228
15786774
58585754
85655788
42183758
26043420
60392330
91246373
28280311
99649245
67867236
19869457
16437019
97894388
40624194
43148708
83730988
82641364
62906759
74263811
64470977
46103988
53980017
95170676
51233172
70559643
39285998
23926595
38428767
68603011
24846782
39555950
87480333
77844669
46372294
25372569
46804512
54836617
97919305
69595524
71629821
53859307
63116959
63439101
76622447
60393857
78652663
70410111
92860502
49821581
70004956
50017547
97158641
52929159
90544130
58685039
10099135
99104686
15190825
33838717
99357547
87257040
27486187
23711178
97452912
87318830
39106084
95347116
47688045
49682259
89825889
62860769
68641878
80950431
55382264
90837400
29754698
90512050
18302479
63179626
16312339
29562755
89746474
35852393
83063089
75368623
70998616
92511688
55925198
96338312
92836583
78367394
25279434
63155324
11895944
78580902
66826045
35662748
33462788
90989649
84239885
17373210
94466428
64730963
47057394
72404226
71516334
67250156
14379560
62525011
89551897
41682893
56051471
30229193
82530690
27558709
33882258
88075179
39527958
40485787
96847028
51377976
84069855
61801417
16025929
86864203
79948164
79503992
96056706
16563229
48399545
11079921
53574417
30981400
70118710
46341563
98539446
52557114
47367506
59976228
10933881
89512578
90555586
59098625
53623029
37133121
47471592
38975876
40643259
33880843
15032413
29095442
80730498
22881782
44448511
75701039
67949537
88041296
19760895
67479429
57373312
32157442
48822724
29473802
63689527
51795411
65267325
81185259
43853706
94376345
90059959
92563316
47955364
62817656
18012474
31798054
61548561
88758787
24600902
74779134
84756235
59601897
61473680
47223977
81030440
88574470
46813142
52082162
43981971
79261843
61078051
37256937
22086518
42542800
90353330
13840845
22694777
14437271
98789778
64349759
35663405
24723180
28001114
47857007
73506091
23863192
36874349
85512997
83063112
79566259
16065628
67813847
35818238
51403542
28151598
10321815
46787908
65222256
92868521
86957144
43836247
73494778
25065814
85123987
58684962
32134766
88417867
27207475
99403140
31590609
79847826
23415721
26949273
40593650
67873930
23901835
78733838
83259513
57723723
42093900
68614535
45190195
17314828
85365818
58866272
42527725
66699350
62527925
37535156
66053121
20545211
54387564
35418919
21191093
23291024
16172145
77888530
72474739
53049039
73418616
89492567
54575980
93240479
78580707
82388343
42793308
82380253
23405491
97078982
24771212
93644297
44123929
66787012
94352090
23121135
25137615
54502861
84258888
36162547
85489777
48557982
81004805
59538547
53206342
28750645
72999914
63246726
41964684
15300015
80760123
28422370
64684087
22370461
11863188
95880574
83254121
58625216
40309565
19716025
77559490
67156924
36227591
96505942
61183465
78789799
64908219
39927262
89234384
68334692
96921092
83235585
53601484
58338498
64571729
11556475
47985575
62401008
16535594
24767245
68074907
45900280
16190298
62258816
77119197
52314728
47849730
74387105
40504037
84376376
86664717
86044837
59936123
32179857
29618120
56421684
66817578
41657603
94294615
70657855
54952204
89308068
96079034
48390310
76383803
58389683
37118037
79944766
85778091
55184987
12018354
35255386
41877377
43140722
71836762
22804620
16393189
94880240
87976720
96435380
99175379
29085302
17428881
43714364
98763848
40996252
72955658
17884710
95089834
26435809
31174371
44071452
46361484
97880313
92808372
18278202
19800550
33255975
54762081
43010666
61128390
12291784
31454633
41723371
14907075
86384326
30726461
66396860
69407466
64464281
63762329
38890585
39851429
62527241
60842922
68740653
44086614
16830696
25406114
52338312
67012996
69461681
28311022
86144017
84257004
66544568
60430323
47237483
57172987
64746720
10811586
70052814
62110643
49768307
15611596
77866516
75542137
99620594
99173286
36480521
50086583
53606861
86274645
93454987
60748914
17529234
32388724
13614796
42187711
12152793
57455828
40777646
83491709
76121958
24938167
25486047
43296404
26065312
86501673
73518859
22867543
92987973
71841599
24140387
50519992
97713902
28968218
78264806
53263431
99489050
46127738
58509446
42723417
62244621
18036129
96318187
62400936
56930030
50611056
97429152
66157446
97756889
78280383
89426375
62157422
66658703
90254749
33356922
78595892
74998193
32215279
77444670
47407432
63842533
74690967
97056089
26238698
33722018
58757252
57646799
61005539
18374682
90179652
76681003
89843861
17598612
46924096
86509039
26924123
12354888
91453748
15442932
67510624
51275904
54474068
92883927
99735317
57058523
67474006
31649699
71484801
21197122
40998145
11733541
53337975
89387613
27447384
32212451
20764241
83630147
94326270
36493500
15304140
70693611
72155806
75328913
86046519
56591211
11368341
70666921
56269369
59316300
20249527
60153354
61725048
66895028
31789859
49933622
19117829
48783004
43435353
24190436
23022556
46644847
84615613
39060907
20966495
68078587
86183748
41448371
96650604
56333896
N: 49838925
