P: 49172678
352610666
852974748
484540175
135305994
862572456
542192388
568742488
223367171
428303606
292361624
705018819
922933251
937502096
225351352
628864712
104988802
173952658
636464681
541899213
825496719
468924146
409333957
553018983
987303562
464806031
637728380
778266077
453899804
301732812
784545553
506687678
259785688
610355430
947687659
360672722
755629200
481616980
835369438
615161188
722782506
312554576
688485737
245102373
618908752
186696389
999198333
845627634
909257361
188823188
222502360
697635568
225086689
197816307
661553311
327143815
763321295
976533974
391855120
289935697
984698656
666108298
574953116
164815580
563689310
902039151
495753481
238864579
870775714
543293997
337134543
417586378
912003217
728437435
439178866
667302424
378174819
674699196
806850912
213345160
881925569
110744768
997189566
137300713
917891232
797752318
321050713
266041661
394165386
425624272
878540170
595244008
251618131
195588508
404038218
763817409
481216961
730337443
295683558
215987819
692472437
899098452
768984430
132981031
125973686
459301342
577488653
241630950
905974370
180274626
991533341
488886561
156529354
211082342
148590817
941022558
115004954
372936883
555795721
836654355
745636804
589721192
646983840
537592116
904089043
818632527
666701631
920605681
754945369
540276316
859192135
985198049
901621245
313591279
286253606
645849337
296044822
478484015
917383535
165628074
339808867
625805108
448298685
983690565
795897226
669421074
781007225
245496924
231275094
723479577
781301625
250486085
481126374
754707538
477798556
480266293
549864857
686471519
197915845
344273308
581197050
174281200
601495072
263508966
938516001
612353491
593235460
241176030
490314317
559745449
811637042
921512155
166022333
450423904
271955990
125338573
772998060
638904818
682690636
892573061
333470020
299320960
132550491
708162975
980079053
216868923
403118635
509859707
126744712
194075456
749848614
243974806
349194431
886823935
385598632
324658327
133791607
569887266
421932749
446641442
303532453
349709848
665732360
340265935
147594651
540829282
596742209
609729128
212844268
765428169
535236238
698548920
308632130
983996396
307796623
750455076
553542208
660205435
271332907
911254220
448003579
244553161
625867979
396878523
824150695
701024769
109090052
731251198
389978925
901138696
892771102
177533149
948647231
752287804
851863125
637901051
157656466
123790020
864189141
538890368
894262573
188541712
295109929
230506748
488909097
236411510
257670995
647910697
175064014
651079056
909401299
667967542
701440902
837350992
433762581
989902684
946346661
201190815
531440749
603195742
558695358
209230020
848437673
414096853
761204439
998458010
436421254
123688305
991145536
575406704
237676990
488076921
493991797
880455130
347739159
606287540
203721899
307704036
293141832
175447247
993245708
597885561
968196781
567044396
714667286
843410028
647412731
665123898
682566187
655633680
286432912
962318086
892544185
155742646
315948127
912234041
291044228
144641233
445881181
641542570
330308577
812120089
567960064
870262558
722358218
560925100
554325303
293754303
748799276
329796104
603132788
240675053
628106485
462110912
737401158
462966676
320890107
407538727
843830536
602628149
611939414
350518139
896631865
110257187
414218199
226806663
344260528
792117379
176822361
108705567
449779205
325022190
593378458
681096530
951021060
796755428
578625246
905616343
387085058
216250412
197751500
607203197
980868693
307127070
553461398
206058100
261897493
659473348
924299384
735518327
698740630
823545541
294093661
594173977
592312364
657982208
972483851
717544003
616718907
985175507
459291000
275861700
668788195
348150803
465216670
680479815
753016178
973422904
819477137
942353040
612401236
925180014
755408124
161845517
114188441
278581249
951634021
286488142
479646169
282076909
763874181
650623277
719494989
776206865
855192576
376622886
268771563
148168812
929028337
333613456
948470176
437296977
367153187
791050112
422901037
619441112
246978158
547989125
280937591
197655877
533288774
718509279
281622224
618333585
509797998
773565908
158340276
202846585
776431614
625066131
286643580
495495170
408640678
699320611
736327193
865448773
938241765
535089781
795571035
478802804
908164713
233280440
727512933
571219767
889672331
301355237
471917186
564472845
999757615
428479473
116519824
973281794
366525226
551223302
495314851
898247786
748176576
931556282
256979853
234388320
953620230
488573376
296625280
412915835
946482330
616110125
149638905
658077670
400543438
591424859
193615686
667530136
288086286
674548162
269327578
946738152
529939055
172619397
322802226
109291219
509532969
672930900
980110465
573455624
444234723
278479305
691456998
591048159
537531261
533520258
627078015
971280563
572909085
836259326
467815897
363589116
746197676
179243280
601158210
483718747
620726297
810338772
718370273
565052589
293487249
518657596
489505788
908720685
783777487
551543333
161426005
356514002
778768568
163870667
434815334
864585168
805401152
248804012
630364393
793544008
687583844
731865241
930230388
859510432
269559315
720778756
399305526
812978833
613035130
179069645
530802665
506050909
895120781
686509439
998934894
808332302
892396493
559089714
419098494
943455096
957881566
769103899
802972273
533850512
499485144
900861989
861727422
571496721
723493699
262934227
984232613
957568586
335547172
593930474
107717267
669785144
800322061
135325618
676457506
167510460
414330777
281312615
192520842
702458811
227578989
173918650
717479607
826815019
850993624
691222208
608950681
815820657
888515772
578429667
711740112
895127846
620219335
356259487
246935187
800751110
342748651
329629753
678383669
933771833
311618472
409418693
514308015
900745875
625549176
248866342
360151850
932836408
996539165
285069199
339593627
628306147
931744393
592058993
653900629
889870115
482635096
688113097
766250158
322503880
173561223
943253159
389459301
599120274
817213727
778537930
273277196
706399689
399341699
529278940
696482115
142578118
611287990
844411986
487582845
180946245
976927635
149792848
726631691
968325453
886714107
510370985
507884037
129378185
394707729
897169271
121205316
306772275
149769065
932634911
278353766
471499796
262426341
642235111
664862074
120914901
424869266
172793224
102980979
927284971
506674879
151194924
715070807
760250071
454020181
999740996
877097824
304844187
559912016
517538474
212727828
665853379
681664993
169919483
565438809
288190566
933992505
746240510
147630614
500757321
653508011
824837651
504022808
258942177
733242305
150928490
251630585
456281002
887559594
703477081
491281362
304642236
322820788
815333189
130066123
463321406
678291375
754857649
948807060
934263503
660910990
951793641
809657635
765321446
530201134
165986451
237097063
417342838
286080503
162971448
967173172
302720545
450586399
631844073
521560192
390318599
824623374
989872871
957112879
198935499
670693359
282832836
252741866
501691183
932327924
663508398
794844074
799011656
931725229
379170383
959882679
834031054
790291737
595775607
377077662
897671079
712962737
407007703
634186494
771217591
227792979
580776106
227747468
513637486
566702324
537699980
991958112
223988393
287295283
728278234
660802957
798979458
694354449
978799401
168959540
297990970
850561362
631450555
581133390
513252444
293015903
249252400
313789089
948842191
562402591
763791194
381469608
450875834
500226184
609123914
384106860
488957951
653849015
970269493
468891073
265863999
570684625
646478444
469598529
209694574
512936424
585876670
455068483
518328851
568414444
220406441
319482637
208652331
343464092
644387494
805669222
256459086
756714825
992022494
425292036
267288307
506787896
197836384
283369453
197813117
425808826
428200847
289824869
712326748
275665584
887515175
249818388
642326233
981194619
380036846
205080651
431751072
184972843
806136741
240929705
382511483
879163751
348991147
207701323
780386624
713823324
780970937
929805184
382934129
131473235
304175248
353045933
467498098
621009132
179860854
760586973
627424575
649173039
655114939
355940338
481076423
979917581
376494158
620341012
659349731
361667419
814174040
771714675
311897451
153951194
201799840
775122328
552709852
355776913
525324289
873835282
714153201
161254142
820343487
203174473
698288255
270443061
175407200
637597353
637247973
159931807
176335678
881283962
695504059
884124965
783050209
553865797
498526667
564237403
685292945
326823748
777318936
286531992
416165063
871761757
800595248
402351537
980253169
623456088
906284305
653895399
266227317
314427825
923254443
888703145
363472710
917194402
755048766
635149528
823322117
697808466
644258729
162793005
230519443
589881914
722820876
928278590
994031744
721940641
507896875
465490691
246028702
503157292
859164479
556338560
270731442
783481212
344238846
439966334
410751605
549825763
776679300
627697612
785217197
748742637
251044943
196217242
218561244
814538234
208220531
787017799
327737818
413896171
548323560
998983827
344587002
788341784
531924711
570433530
290042658
228240530
380133325
440949946
708352507
629897791
685551151
251923089
673384899
667781570
349728915
849987137
203526901
925907818
902484604
371713966
180872318
928855846
410707361
108533978
595171871
455146830
107092746
598666163
602283340
955811177
212117342
127524338
510530162
668997099
790420979
568730161
328999528
285293742
681127371
549633732
766613084
669210040
248699541
781859429
647341195
447810129
368899955
673079286
664050271
783460057
863533793
363419300
546006907
869742038
233520559
987120674
468634939
245561719
569378141
137389014
455632317
730261090
559919309
316245377
220680874
234367142
248614476
869154220
172769870
676698394
885380551
166616390
689909505
401736123
187670047
407662715
744839979
845684030
435797014
499981236
421312127
460269607
145044329
618010995
774525024
998363789
932389926
834760140
122390649
541824162
970027671
474155033
818551711
882570228
897612998
736421868
846553793
351134383
877406045
890957089
373578239
653009986
539614269
453681171
257563590
804696966
599516154
174887690
694506191
638348531
902471466
667735688
610538248
695185211
265039803
561503990
657346253
645279619
490671033
738111607
337840548
359479595
607848150
643961863
505625724
271125279
696816848
441896364
206566632
787031013
675686216
814278662
300742302
360237384
980909074
458421656
908080281
829977403
661015691
122110591
359547806
450004241
140257635
408527835
302514140
849614173
125849442
312473868
789318451
696056292
958945693
861304683
256543864
142100816
238669206
683775592
394510021
918562567
910099687
213987747
167278977
824471717
951781917
922620574
348154331
828474646
830465198
771011711
154956602
468810750
384481144
599941748
583925437
607617917
951185996
185446652
853314320
414466116
554260222
543674246
889206408
324597962
993275321
595716078
336866012
513015791
654118039
693388413
655845706
896899957
490983631
982403826
285580882
654365258
860774068
371341780
550226939
568578426
541395394
445880457
998852930
457084607
813626091
818559914
455919858
504420327
923438729
248781375
444765031
515444437
841130466
125484820
100688925
420043709
313621675
871592251
788107576
376613670
101188161
569654040
665949828
103206525
412547843
976820901
923958044
514510955
344252077
982464784
316816130
679194769
150976053
295239377
124368361
977335499
406997900
151553525
748041138
836594576
636002029
507550129
245262944
885576193
753647463
238914021
456350457
421733394
595826051
511472783
821495089
245469809
139237930
300852899
102770453
856169895
182506110
374152730
100589487
481449127
339384212
623341226
384584127
592521949
276864663
945796990
578957844
198100143
899442900
223940009
369624775
441918975
664280969
789659244
635024621
606194903
884505395
848108874
671875737
459683097
885979329
851728841
944075795
333040162
982229951
917353673
369794111
667543634
886370816
668805083
303954291
117669211
242342112
264199610
332646617
531344807
230782472
951468536
673764246
244724827
442647767
883626434
249177355
887851419
848544754
470385940
332733439
247971367
932142955
740996114
289008430
369877750
418081708
453772059
145093300
579036347
158381474
560101668
914913435
225049173
843776178
792752112
963828347
370611576
847736683
990939912
626629692
509208449
903208008
486827363
808866441
176281414
298047814
398338970
181672596
242485447
515414848
480157750
385661929
589891514
575862368
426073463
143967733
598924225
773395230
261524243
974648920
603039149
787786033
696861392
479786348
491407748
620216875
874137937
320170040
427321127
682384966
833118809
482413410
387450501
646039422
457843313
626511616
470522736
759624647
844478081
958073174
132908485
697579823
401630140
806437498
683172189
214553938
369120191
699824788
245221103
591135321
238823270
480386939
500728879
123757207
770471708
691080792
710534446
756521593
157072831
717539541
103919903
594864385
864496287
318765303
958568551
840866264
255213922
545595124
128530701
492980410
633554851
183453903
137996872
236338415
417894604
935295176
718725826
157308052
571200908
259322443
789410883
889310647
661552530
523582741
915148019
805093560
979425598
129853372
816414402
496720438
511013004
555725353
684226559
733447387
438986244
190025604
911160878
904737258
222474658
568672802
474759015
107196293
605541572
205471180
492337617
628503529
531806039
694310066
641484357
825459544
220234509
816576296
584389342
380055680
398643294
540487574
744436963
637808944
124863727
414447102
360321190
374835838
224686320
417739519
929198441
803949743
872764058
473344851
896085488
346874860
199476360
570102628
785126129
749066313
379713974
394090886
712398405
952814701
101252202
755702903
617279155
684500913
701829933
777412981
670584630
820094175
898105262
270870972
194393316
828375994
178874285
350850637
528521144
707858557
428941022
405623453
191609185
425383502
357576348
905350111
896770569
402453698
646210034
649886266
843186890
956824924
921916204
980117383
338790927
151935211
864358829
438398166
534805760
354719154
390748341
619670801
301060266
311985478
531753784
499920587
570502882
921745478
242207626
758193243
933944668
894535531
243634357
242383080
113581864
217150934
729869316
613565545
577427496
342189123
632925827
174795733
739757683
303368870
745285585
145449121
623947715
891265848
334818632
151466093
332657918
923895494
992953621
135647489
894187180
228789684
717510731
839055901
608879513
519494595
820090919
426709648
755322531
843956536
506786327
318790947
373952692
584359850
901709513
649971981
539593272
953640773
584891705
707332704
315868794
164440772
129894555
510838978
209335842
451040612
410144250
492244146
853073610
529958141
111154755
286035085
370914524
444303728
586443503
299460590
371706941
285414630
585768629
879972025
389245521
311716768
403111903
574796452
873670814
723443359
769447579
259660338
968548434
133834151
443199063
602378350
324861458
907460367
890613913
636764738
371372360
214032684
423346274
259532567
810830117
287505246
972602297
290389801
613165859
751684071
540006858
877307481
106914415
380324163
533314857
873986701
312547350
332525662
509761793
781717932
209889982
772426918
507674756
662764523
375031545
219796862
242435362
949928621
481145549
194776311
588552470
840776302
253778491
211582372
715203429
821221196
520060279
753187579
316760726
185937291
288981274
305689310
248989569
125340754
715904489
360376087
794083043
246337025
745655685
681225386
227888449
309101135
535816105
933043654
720818909
565422016
249591104
925928587
343383822
660259382
445311118
517703758
980165185
507973677
822880324
417371173
838765741
555148087
885164978
945389368
426361130
133742293
860791898
652829789
480537996
660774805
720097923
250019264
529962334
139224461
756629304
822755996
365768108
719467965
676935628
504642522
632904090
783768126
974660704
654324890
414457017
670760589
466011315
975388844
468098969
923383160
368797902
842056615
989078009
942406260
778012950
696174189
448524553
120624329
834427532
203206620
459529790
499585663
173885400
453158320
231734746
514791253
345964666
640368407
244175322
640041129
260797609
711449082
849442718
132320257
999272799
553505043
730433010
594509734
367242906
208442997
313486438
244225567
286953056
414676283
375653855
112288696
340147939
152979814
946608894
117543306
102608215
106565486
605763082
835710672
808907511
176180954
718504111
973566042
538734339
199447435
111946694
730428605
323986592
642542697
893339960
951701251
460262978
751025855
437883329
808953230
884668561
944043105
127368104
199018380
451676728
721716692
680993809
293198167
414316384
488107961
572749041
389896220
387803835
875825724
226129419
662000659
656840656
845670190
137058732
666837766
134721235
689599646
374338509
647376448
904507493
741243291
433228374
119081622
550151676
487942643
202954884
197606802
853790451
245360568
108394165
826387983
946978196
216648012
897490672
346222189
945903066
704674153
328941553
437553647
536292240
772981635
366016431
830907674
408489974
641214462
862258222
215266834
763253947
479658479
219398852
551453496
246382138
267711778
988718163
492940845
240102443
158297120
197219494
787426668
395036126
800945438
281318844
206292503
782248816
218834469
400331671
677428726
471661011
636290171
353939773
137827546
569926260
280463099
373724121
624804354
281821575
816279386
634239194
126822220
601081415
514668454
980173271
915813362
963370016
620266342
953601827
509526713
504934596
610062544
454149641
159806391
428750912
525841599
255320128
917070110
685686479
214205173
443393881
731494569
762165523
657571515
690294883
842260771
688686923
889918714
264421889
408759131
212348442
627346046
491295891
201948475
926607551
318313427
916497821
787501591
392736699
642127939
793052058
547043820
121585659
243180367
168696960
531007305
611245304
290281907
700755486
610843736
331864030
139316385
973286588
848380031
247926449
432913899
984109501
592914507
895813017
697837304
791411035
426378580
803503828
739651850
672559287
370433299
802779620
954304540
722022189
689863312
634801195
802344017
170897600
538238032
181924258
257999562
442835048
627149510
291743624
480548559
201299682
293151032
718887885
617437105
269101627
341880139
721036979
208503719
639149851
362065072
415504625
984996528
717663604
283919329
916503893
554633800
389189564
267940261
756497324
235160949
266176189
180993333
428891385
674655189
152739046
884921649
360379593
505044518
674741913
164926582
586905287
217568009
660169522
113175449
582222042
424174758
176300341
457226359
196652681
444139110
597591753
922908034
473271425
795865130
536357184
417503922
318450644
137304503
721123909
882098629
620519540
455006334
810336277
945249307
743292901
705560026
133413853
532594978
397467010
310469714
633972252
537787338
761329707
562115197
580496242
187772431
659741328
310987874
313827189
770295416
666727165
800723735
926610899
301670274
296128893
877350858
889019333
876719178
813678153
749734848
799333672
720379360
475731113
863144918
808597049
137488502
758974139
400028858
431075546
325600197
210527251
466533863
626050502
980077303
910249087
545967270
394871131
558593184
756470704
854607038
728787554
997192205
335256753
938154696
258155152
744927165
359517008
576434878
736007811
176031002
393164461
544605088
304537389
635607433
546617883
414702296
452885047
506219406
506512392
170169105
242051355
137539794
507539431
354382908
339446890
322430431
990580236
745103682
906838293
241917890
698855030
302651766
712947013
163866192
941546749
895689761
750854796
681406539
415658184
336503811
183994340
430093706
520367314
617252797
132733621
389602173
845912962
622351931
400453870
411607134
965334817
921674821
963151817
331092146
741201630
254034904
835514925
558639884
610279096
341410823
614881383
411763437
684633866
825493664
954438464
781792346
864190924
349288530
797740492
316394987
487377243
975751547
560485100
855281823
551246242
438556444
508630076
176962218
988360994
692977188
155212686
298185199
851010451
737789134
999672140
883786560
411011499
140426104
392833455
343460404
978938121
848883387
211145569
762177652
751934910
744877359
114966935
235565227
973382287
532116628
692345880
933327474
272053286
721832591
476904500
762453454
174452592
406289645
598690360
706085192
349513576
932077466
415935923
158380518
346772657
740262985
492106761
745151938
125068523
944134241
764782845
765377748
871912880
127700957
696158930
995160760
705642566
328283035
661780833
318065370
497475781
402257982
571578329
277834390
247317408
672929663
395640234
473335672
490561835
101861656
603120187
397717250
593494265
344753108
391889519
771523922
601765965
894781151
565731370
750232788
703263525
318760099
298293635
984755363
561611787
105490083
844278427
465168207
492582262
757879384
665446280
837199721
521727396
455228692
422032739
597582172
347494902
166794895
563911914
128921337
836867869
435010827
868923393
552276488
634040041
725620893
464990533
259760255
694758556
292549164
503769005
480583434
234807540
471743426
989413005
622964325
558086497
400077857
510253850
702588358
482621229
461686852
244757445
439532453
200728866
292198083
532288939
164432178
728484385
245577226
207519964
499065263
934559954
157220593
619635259
290080475
463671471
330788068
332556944
652350101
646488110
623391134
985128018
429654567
620631683
230781479
505566728
599833208
708171119
862474671
518089593
117655758
684317272
657682383
481805167
316281645
222424166
292548102
718529222
768828150
859606763
119744307
551750178
327136423
409182546
606537800
257787966
106597703
626525743
902070758
123385417
399642026
200606364
707487231
604224480
105359156
552590802
132922336
187130734
923422163
525535412
195859782
330734778
596405255
642321297
981671947
644837562
790450564
744477402
380967559
662894088
365625804
325016669
369043554
230653832
330685851
224953870
799844959
346181217
587952663
565498282
363277437
565827887
447955131
512487627
762083705
200228764
832198846
591893929
534598528
128957926
468614622
426784695
198947256
626557151
179763720
724042280
918559921
830665989
946698421
113331491
746884066
273160556
483107967
386054090
148026339
483038069
292860317
815123308
153337724
419790241
697824794
417641241
753936287
436837765
243527855
951562698
519320943
518007767
505540433
769491325
410466353
123870672
698310781
815580230
377523510
161754397
938629303
842688159
765606797
146731885
940813398
888404646
169564046
115873754
783574532
870901832
747085760
987001956
491258154
130024375
590416374
541823109
704194258
379693751
754762934
308213417
618131971
413309785
228402621
243783594
141916074
718922444
149218108
263771108
409952051
881156938
788521421
940199986
702071144
729257544
250205098
542570752
812007407
909135979
714695208
608871149
399456993
831728179
272271877
812381852
472737711
438954031
562329613
956236767
969853432
362129994
446236096
667865865
591830398
609442041
164119765
754111659
492170674
581528829
708005482
870460205
157802580
485928891
278826272
239899612
467420226
571385106
160565276
837716766
894958388
864002007
751670237
928251742
103417665
320813520
335832482
595288799
447223977
225607907
604274222
931627925
115226611
419279581
421873873
347641569
893429900
574545007
431382977
678382221
680775923
862153459
488504020
543483349
955280317
192421409
716075799
651731900
728189135
278931456
702218550
966377933
626773414
947300347
379180452
596219698
943661511
541705974
951210489
574848305
228738628
128052601
933659521
390222213
604636217
324261195
339623234
730053928
280215831
424921469
958383251
282958451
257384886
139136991
101595531
824616696
571658669
456949446
146513744
801493362
989605349
417482805
459878292
687049506
961962762
334907504
426691827
975117164
864680216
727492894
756942696
811654713
366980256
423837145
649977220
246317832
959293846
178619763
652230721
839311183
828526628
313002173
535882802
672250435
463329654
509217327
477686909
680752922
541781769
187856019
104751673
684274570
215389753
680875787
214560326
119568517
701527234
986352104
116858893
325811085
626185352
587831726
486247082
902437818
708046885
539135582
717658690
372588931
709691749
194562756
970458458
435030817
492439894
479375452
681899521
574577184
170213699
288565719
193057465
398551474
433581321
284815484
513670748
749044090
617488428
886946237
943500203
413758227
861072506
906755361
890639428
186389881
163772565
424132223
485796132
761976292
385759603
242809960
336341145
953889742
670529760
445525276
323977418
338896216
947563543
823196565
683123898
260441326
180086928
417098287
559982041
895211647
326626951
309010130
630388884
891892680
609919209
236300007
668527459
355131980
445821566
679380725
670488648
921094104
715131654
284687638
463561908
902467905
406105224
793517245
475276716
921883704
508863743
688039914
759851964
499756510
307333498
568606117
155387155
413441735
764429772
754641197
583592317
277536929
703074997
855126914
307077949
395507092
586338002
797432576
414747104
472541937
824905535
778647007
697278785
823980123
693324748
963783348
986457315
555291125
773829389
901361624
980864524
156437025
669252949
859524940
660717771
996614018
119380950
490995322
395126047
105325850
199246631
393568298
938526596
249372084
918898586
775005802
329339935
114326848
333114999
871775537
496002384
600223504
793502699
307330150
632573497
839995459
515073652
874581062
927175033
819061109
142355982
469582852
804353917
168399169
282062443
104415226
232925388
245439336
780977161
201369908
598176878
449425819
903498820
281532756
637327671
378658535
534640530
225643288
755698971
777244308
717102832
690050020
701223528
204567365
459050172
474607256
266284282
676172887
721524987
894412878
862983903
406752258
755347369
185982257
131267165
165750500
901962388
120734541
449332236
937258091
300676609
180782266
581850959
437041487
643803685
823145564
619119781
726654920
103018431
262990164
848799599
422192995
518381433
387415813
858657817
219098314
867409802
893158240
506404076
942538187
536153782
831864413
224914526
898238426
922792062
425115218
563021690
726826158
323900735
160664288
626934602
401115252
410675259
391412067
636958229
217599640
700100350
891596174
847243365
995445843
530495786
804272545
843114588
751154372
243388467
313217359
213921435
831904141
276082207
203844926
899295873
298807992
628811219
759633902
298361554
765084169
970638279
554163177
560520333
496483592
955637693
516858289
161126234
750015885
954540541
353966331
262324954
694367380
543334086
416173339
364337486
160465661
667727954
222238088
246945340
545963640
747439072
546414600
461892859
860758180
179878404
669366038
771664519
790194817
389453186
704836488
920987794
523849391
653737646
275466427
226647437
135708596
477491586
266819187
261387944
856074760
390003657
355905971
692628700
855870973
329330502
876857140
992488480
535712894
211064820
215805766
315791977
582631555
807199889
126838434
504481405
461782219
697812004
836366459
818092141
699639968
571497141
531759505
687963943
953035567
956697186
630631403
220212764
643478448
975219903
267535534
992251714
998335939
370842201
658689247
659036873
694229155
851954871
257829650
410254968
946624681
387671387
657590727
412801512
939846832
939261811
239544924
871817913
352005038
486913770
449535563
672825534
255389861
178430886
322411814
189661986
776686196
296608567
585681613
234700506
900247400
932539738
666953739
330435553
289175723
363001489
143061126
556969410
701145932
707782199
865546686
659523732
706898387
265455301
691741934
336891335
330935403
210323987
959613538
151914949
671992097
329923186
215727236
550562561
263311889
780201039
221735628
196516183
110005869
560588527
182756277
938819320
902549375
252391113
720864446
809199851
979263000
260991415
599706287
168936767
928574041
852907944
512748250
738927367
515674185
826214492
350280798
327827809
980866718
893508175
129741877
396805460
528182953
599521777
399880486
236156564
357538890
377852923
185281788
881981339
631326947
494683796
839474239
274547169
669570626
423817231
407003351
880744404
935332213
946606641
690589067
748965540
112521172
339821886
742913374
359074098
312546090
980377638
101031658
475776805
122592588
607909522
546089054
994056874
542382418
763209615
982985341
653811582
998659304
120275459
314841538
164030494
145164001
360137421
833818244
143810551
156759477
588585938
698823987
578041255
234228201
322940612
229844332
472633471
295275307
157924966
208049342
145086258
651260419
985849700
349171473
760395064
293470068
374374756
726440385
922688871
985828241
580396294
312028122
315460807
310939011
806989130
948264704
780395466
749824093
273652773
170460841
993344086
639272242
760645291
419232532
947730015
198341444
337600528
936574601
293959206
499132820
139765035
729903221
238893265
946126894
468356692
668492668
459559492
384474913
582153606
711417089
607751731
361966707
140125416
510726067
527099085
506825445
366957814
435984425
964255792
705357164
874383095
809789505
897676042
764412661
183935514
891317700
870665744
705753013
536872549
119280940
480928830
210902060
468723333
595955257
428068947
317968315
903081638
901227869
150371839
420964790
390293592
974500269
262097108
741684930
259740474
285392828
302233747
860857803
691455009
285661496
574101822
683469788
560173788
873803590
189093247
879567731
671151039
292714682
557771147
370205729
929062094
434309486
847256289
812085700
374278422
967473764
323161140
647976575
746570057
983662680
301686054
146605932
897955333
632062989
500206012
385666550
219296325
271732987
529412967
730329272
649500177
395822592
774710805
181224261
391482334
649156623
835774472
276589419
831583406
951307307
243503982
473491829
206788637
582027699
499566515
196609729
843695065
593165764
332777420
419946340
140421968
986195666
647515190
959183100
369682272
690858621
479968848
143030946
458683039
780824433
516335827
404109328
688361754
174712032
935843464
664602667
387527946
542132038
366930641
204701246
610077134
528589128
673451086
370966919
746968342
132332876
998132743
488235765
214389422
909060881
610371300
175948475
193145733
673649520
311577316
449935941
373711055
710934823
660327776
493257284
603226737
310010632
612287977
970157473
309609612
170183698
624342891
158024470
874888583
743030108
858666930
999223635
703747815
573349167
547652458
562643213
437424006
309411974
953200975
909989275
136170648
950644396
987427670
758529677
303322756
446146886
843902247
714247428
662227625
137395457
309706325
259504158
257919014
714768283
997914510
666692393
990718913
221730012
119435491
122792871
497286066
396282265
553253150
731270631
987248591
166654837
328875094
462309099
283854649
168737795
478123727
372400655
219084811
346892841
313141117
724906273
343275087
895525881
505235914
948343691
662691433
721530197
403879977
949909493
598172800
479507835
176758774
407133612
621625582
147773643
377744485
195838481
478933561
313122905
287317963
522040627
620078111
807265246
357833929
800212042
640387253
536466986
130692426
327779310
325987447
458815455
233768286
400405196
103490522
678456488
699760575
298739754
404709496
292612228
810236426
194123867
228747693
441038449
966206171
581906713
262819540
897324552
688918673
294899789
732785628
601426470
886737707
436059636
295937479
567443660
324178888
514002027
419590465
565357521
624577373
580146118
227947846
560214569
163440897
912507251
190538461
296347377
261268665
670372795
323420231
703295972
647647191
992256730
617698024
309400372
621659094
449894405
845730467
724665289
787422953
305796337
165747300
168472889
641665089
339193844
237729168
239462333
884529247
171494218
304344245
230792484
750388427
408924721
542704685
708138987
602153890
652479095
130458420
746841925
179412374
786766864
293640404
854557131
416151370
550058714
504351853
504266080
561202639
305181903
767024501
464923767
116322516
116235944
247343015
585353455
416534644
690784370
332939324
423381585
696665412
401275429
851806403
253376165
833808013
516224884
804619615
263767591
771271210
580617909
207768201
421169634
365607366
779317469
737324510
292468788
833965448
447631469
663923684
675687330
341767139
204083099
267792124
639062832
549202137
244996116
443844256
860692641
201389955
108122802
244299590
183410242
299329146
556978140
924227384
944927435
799005291
418547271
745498280
237095934
680565954
545647795
319827352
653143882
479050228
175929439
283954036
104326812
428080918
693488622
580951333
458123069
778532891
246418284
954199056
342931274
498287516
280237319
453351097
844626105
601993674
478869306
445037101
755204958
386154610
231340639
981636887
152405076
448388489
920298237
389328595
167058689
301558746
999130551
595520052
831283479
813359280
679423223
800026409
608276457
490326856
676003878
908929648
180574169
259378300
152555828
681940070
439504382
480376366
175928133
650771602
619167251
738419453
450873318
461102182
647637007
315799747
583230393
647783067
635987175
683124637
220514251
179965023
366969926
746882643
472311166
844174752
664637023
444441548
371571389
525045243
461359834
754357647
150495732
358023919
477940340
407548071
437777295
747263297
362187316
569655534
889096576
275640726
386560458
558201483
697526963
218743953
239048684
212283590
924201827
151637281
575554284
829328721
652042380
233460322
545568153
829448555
483787682
101445460
285178530
244556486
439219475
878802688
827139373
339881367
958120040
334125090
197403127
676039416
132294177
226398686
130847537
209709097
477408343
225344044
176240756
611067627
778684480
449990024
689110619
608667486
321185654
665230553
939315175
332213177
387099436
287939548
637886719
386503220
421436225
394936875
505280402
784283005
951093251
676762194
971425444
145834414
770501476
848983335
963683605
573082349
795643852
591834018
508058753
155876846
368504429
139768459
807892331
456825369
499927958
435810993
125196623
520798179
759117079
283890095
153360196
462359136
730289873
544820663
284447675
228232647
722154467
668277966
939447170
335494225
308766102
564304021
431582440
574255533
805415741
977773403
925978865
148780007
616851102
671675735
639147496
892521088
722090258
427666762
787639483
872574171
417830622
742420277
136653480
232351949
961502015
670095472
479251792
783451076
743254371
730623395
583430652
273646441
662603033
533615166
503093025
267737093
936424236
461371564
883009469
923945245
772756975
249563645
877967242
135923720
551269082
716744795
835770280
871101748
248302381
678200641
427719478
465376752
260008155
222970616
941496296
189733988
582808562
376186333
468287975
232181175
953296542
495163806
812864038
451778295
722155677
748482713
860903270
851499662
665612451
556079436
715856942
768080446
308297280
572252348
251485345
696413212
324149770
528593215
847404133
981315733
923592993
250509770
747318548
944053505
876652712
302743111
759221288
593044293
424829218
803118829
388782293
306068522
947298849
310354288
149546168
757075771
665111957
207019562
633970466
384887369
125499410
900325938
133468885
905439899
938994986
150064249
458252756
475523551
131772180
749481548
879744765
160506649
197951299
398407467
531995702
209996918
163128678
598819649
753942499
180999813
810908521
530550434
844355789
841641899
780413838
646417034
989498121
511008151
587207271
527244236
937500731
761201421
367148624
486921958
261677576
946842774
947920299
360813629
581578152
641709470
432421570
467076788
353752362
584834774
624401148
368115045
701341296
975003015
635006429
820199673
507729481
257268635
368525238
404122111
345094180
244503216
788346040
752171167
585582110
246894736
285772085
664623960
463141291
330685888
471619878
466098829
100917780
604937688
813756897
736565984
119839098
907528116
651155557
233127892
219857614
427963219
962318089
275461966
105126378
251016226
640635613
914723937
429547277
289115212
731238383
384688614
428427325
383086999
101520972
872611731
957236155
533839939
786946765
197658173
186204340
101130040
261281748
863174059
321916126
269739061
344498661
314474797
437846699
175173289
268277483
664269675
971939572
644616188
202774352
259980306
467397433
467470262
341832964
427080125
211714639
877507804
404055029
269713456
482237084
575144876
546088586
659749489
691657051
955353231
684118321
112112530
584895191
198020498
438330974
717685922
771666817
734904445
205358853
402778581
213648823
876133372
847889034
942587260
393108576
454553721
824351778
600954104
268410833
290616129
102979337
231014008
387738807
210449700
706079609
622807016
129095067
271169512
918353481
547572369
647925745
772155938
950178582
962853937
415668476
968482362
204022486
646004358
929904215
736810484
647795005
462875684
630847339
318325729
172362004
599093470
469830473
707525107
165254089
232470602
170516123
245603021
912957028
509781150
175453040
177224733
762437514
531234602
274380459
118107742
117661243
730250270
822819363
180605291
792447738
437048080
409233163
817933324
126753676
441862105
202651643
621070109
384954176
945282551
690567951
518801097
482302396
535077515
939291691
222118386
626912235
624674159
317882592
654355102
677991975
443777038
696529778
464260465
277285612
244336881
456142806
650425623
194097254
565786920
531285894
361002453
689748338
657692382
528409502
801981384
104799776
484927846
231947472
849925994
151246762
321971281
336912030
788686745
679291671
886553997
504042593
456044959
343763824
280701770
511629742
329443571
543041392
357592715
414613774
428076506
180747130
213639818
163846759
237022805
295799603
343340929
827518803
484900038
663990806
842406445
516191219
639661949
523108588
321894579
380341922
492053409
990807931
343842288
764655004
312732431
563209650
663006327
240248408
633761006
872895527
967787526
439764628
653979436
667970395
476828576
503414351
516892990
403759754
411627612
156727276
870609529
691498831
168218209
617444020
836454348
988004533
226919151
208114164
479741578
706164363
233819578
535919517
891541553
898208507
907455286
828347851
546730965
783864229
632338097
653369776
549708219
847823459
343901803
407253822
633652509
419676984
177523652
477841965
104377326
290188329
830354222
471507437
253262008
786043996
238392638
548316562
960096204
261515864
739371142
732125981
825823065
750159041
744318673
879224655
878127666
399309318
203909104
606328293
545292298
750167424
290857315
524570470
103234932
861318539
630875458
501329608
141526840
511663020
384069020
302266876
505654678
628810513
393395570
290445757
493863499
120593846
299375696
981432252
815760748
472566900
678897200
382517834
324583648
202090597
548652629
433522787
840970330
727068006
826815718
225005941
732718441
139595185
862628193
959004553
384412111
926920451
249430415
645999676
377545978
242792796
382030661
725929719
652722536
899317884
167686910
907354159
634646291
410260329
108571729
332382623
690031187
299688440
467001570
467333825
107338763
954469473
206675465
288651245
969644698
975168171
352862248
867706453
912380534
334935203
325796372
979327324
902155623
782606556
150432751
602324372
138627172
795937880
362640932
676768569
899060965
956134390
712093715
525150159
632861269
702220617
774823152
131263304
894175201
642052159
607752518
480475317
754267461
167854755
452185558
671051101
851509878
638496974
189439792
423316728
766222452
386875701
945007948
288021547
502297384
253917688
786939732
372627193
931399069
312468143
501185273
604446994
843338962
431644405
156264902
736739766
196391361
258721428
361599649
701404518
424020624
490469116
915190964
575045176
459082798
339652074
253899011
668825982
535773934
701322452
597515447
130299512
429748545
851591640
733452279
638887496
376268869
503611367
570998362
580558542
218707344
972253523
347462913
685398790
352850267
310591445
240260688
763421592
436293679
448950000
697386167
696177833
506826944
224732241
244056371
756592343
492219253
115947939
201487944
938601283
884809896
386615356
599829215
795253610
909178228
102511026
228134320
396167962
882229608
411549349
747002332
250381763
618250296
812767815
782876335
326932005
724253613
732359596
486396413
295813569
142496095
282356216
363870376
121568500
933285270
127424304
124150064
123048691
992707679
539265826
259277655
866109526
432993870
277894883
180523031
695231913
539436854
345738560
299805297
298050961
399448942
510170064
267752846
866047883
924907452
275478891
157932534
839813232
452972840
608130321
468796885
158851370
588112955
328823737
455270515
927296311
861241361
295419940
533759921
224009171
349058504
602176829
804644159
920701154
658614839
489257081
507072844
499301733
292578238
700789320
688681891
747536346
385601563
102312503
987688772
233898513
502851963
631860984
219578086
965837444
427733883
547783031
350277229
355508902
782350048
841453068
859430240
842181757
546129613
779075043
835297394
415586387
212470684
172085808
678897314
940299626
262464830
211353505
718473161
848593833
387394460
673863564
354078620
296398630
721564854
897677648
104124012
190932707
277503449
567845381
481349900
226962027
799578253
263092324
498499438
277969217
907198731
506972519
748506451
286360654
112163968
156619700
909303724
860449128
762567929
864594980
556971335
466208889
673021850
935382083
466929473
625086445
235391768
892003334
112887911
827032999
108139234
355384944
450959422
849234339
376969909
377230769
338568703
181200081
504142212
888597016
998546827
179157712
771491469
550512006
644032415
608948272
733461369
223122191
764936000
779378382
613913772
715185723
730287072
837788638
237533254
906249784
976754907
187263527
725054353
998469405
902361640
948166242
330080749
291738637
818116068
876723866
766007569
949789859
892657620
710114171
607750261
605837745
307603470
788390859
189620079
490044208
395022293
226056537
372555471
895625779
580815347
345939025
778413900
630856601
446997019
392936564
891592862
515117768
190607653
593318685
654693646
420259067
928299716
283817398
615673448
963990416
682725211
749053765
204526895
690772163
445684062
545138688
841795458
494266680
850559735
868117779
593403614
600846392
301538065
623491752
991223376
672106605
675237625
948265046
392418444
645830878
893110636
600117932
258409459
392114392
379718616
472106006
601031603
955428303
550118267
748952199
267146966
874472209
843357382
561001511
161316063
215344018
767099293
961673196
478535538
426411404
951031213
899954471
239665067
185775219
190221794
737760897
783231509
642102298
900352419
962522763
311626783
245672758
878678677
147163204
594638696
269176417
302548128
782293266
825861804
214378037
559351279
921199341
868655723
114515043
582771311
157489478
678154937
592010447
835286882
898291089
429512540
704782729
718306463
740159699
472024913
842249074
710436078
336477503
331300730
710505171
517448561
255688852
823544927
823906568
666106844
667887273
480814970
483306732
547600859
596207354
111591182
457121218
407085409
768798989
675220270
460137188
507542448
880575331
183385369
466813304
254788472
299450100
248113685
695994423
207979680
458106079
339135710
599568305
147177751
579284950
731969254
265450314
310191529
383336973
756584653
180662448
769866612
791425855
824144974
742656711
305878633
142944444
948543160
368579364
877032082
701233958
337698619
683630446
951681993
876905658
680678423
389005998
794947893
439006910
381738927
390180032
340386901
119934554
841176351
428922493
962242779
650239872
836509413
864414437
112536701
983787985
276197295
367754289
810900987
206513358
281102049
915058631
551942944
499462067
777089319
565318458
983159725
516352173
343609682
372191505
888624191
329135061
717002456
880729868
382082051
191455239
410181436
663056137
463462357
125222066
166172390
416865568
986990350
612549799
656914075
754965898
449337771
604415915
211614341
505503079
790610795
809940647
314072148
484845703
604605984
914804481
178396667
762682497
822781261
627485711
446367067
983606815
167638414
483291092
833082154
811619497
625248466
843258749
292116543
772686176
761195310
540228170
845744609
480811148
455941016
320363948
149888685
640572217
955884748
703983917
292312941
904764719
253964672
247968018
544423315
485105275
385254773
602665791
884038573
862577987
343837127
381623632
286198917
604866469
491365004
530801201
775411218
582227279
610795943
380148559
762306605
973554168
311986931
138546330
554490526
397054716
238370034
963253573
422201223
132983103
979604834
922146489
123055902
463071678
122794952
951699524
959607890
495739579
955384189
352724724
973379516
528785918
123219659
579222711
796978402
332770063
927175281
609801231
974107826
747674999
142537043
283286668
354068736
717074963
532292786
964179332
887621383
709647975
875977329
837784428
176231456
875170295
919896035
661296831
891830828
410430276
510096808
691747863
371718806
443742075
352639277
727339572
265403849
466020398
331190826
515509763
650022502
398500884
217541436
438083252
904446242
990157638
894030102
481521548
254390121
451243424
939983252
442125608
890951009
137860774
992961947
744816073
169229579
179380430
202359973
527407072
477674928
991798869
557586147
626792887
881307354
758136146
658663901
617146069
711952143
509426332
607938840
488419334
563124514
616816780
906402576
488966754
424507202
110829471
793965968
636093737
620930587
301478857
793922209
411132101
457030652
533404853
436818924
461507538
648933454
990868026
760838911
307498507
295893020
236072213
238795795
414384741
325287964
466382652
863186755
873922027
321068703
710734586
917636084
679845899
150176006
101808666
628096271
107999386
810357061
225581761
541387811
548906897
640969618
813199420
538079181
237905766
868249082
509071664
515673255
952691455
579108742
502091507
894870754
978447719
845496760
563660915
965222951
627393100
770798150
794540785
470115813
337604981
370387158
413505482
360378055
938685683
250090807
296529312
370741905
220945306
990133417
510277692
406658993
841870804
811880313
991552486
591123619
868755096
146203437
536765308
394894104
628196126
990865815
320382885
765202181
749168007
386651261
320783517
723825119
815320787
646727399
557743866
766853608
231997111
519457154
375798533
191595980
449422031
605907957
193659519
416062772
737493676
568410547
181094497
497647274
956305414
297647897
862088681
628059661
988251293
476490108
190996010
224128710
709816289
803091320
941692923
110811328
128664695
163001278
208518767
489805208
100648841
492933967
802483765
281828493
692178947
601446421
114831226
876545628
522767484
547954775
267428490
936182149
719939172
709389102
101183575
917566872
532555101
887916450
344177671
791191835
990835325
821489594
773508373
942327758
887543314
687943144
327332941
152276696
237543779
634500153
278655723
752254624
178134928
212946592
823414887
436418972
148756683
262549253
163934693
127881190
437842473
808482185
742183928
382261421
846116653
260244842
150966946
209522064
351086597
512844759
605998199
638972627
313836033
753129592
844843234
573226969
960057216
411963265
583934128
565770356
208922171
162067668
253934830
153574721
525600474
224465682
814444793
712200751
204244563
484040402
735630669
195091300
428829339
867774705
236285663
976048439
958561782
396076696
548232385
456591962
642112603
132579530
170868707
752491116
260732460
780992009
441875705
964391573
552337627
797899382
694019330
361584405
204432893
383225598
336660992
740548560
574290019
393250070
961708584
709687668
559446558
598047484
557349106
582956096
203232448
199161942
988941966
936119633
389000994
767768601
539027279
911105700
978981487
556497262
735280643
927288178
631384178
601170073
174983448
667437924
244923602
280249949
197669473
827773870
410674084
407573075
850535670
722748668
169965129
498436936
967936277
952047908
830676661
139511138
991733248
313830451
138165668
608340657
943310197
236116547
791539239
408329162
127843798
831459152
337297219
668222071
630178417
691745886
358112126
640972901
455771250
141176704
548334078
345661500
434398999
636626776
895433119
831380024
489909516
295557692
249060461
417273694
170939803
514659222
700725749
380085164
955016898
263388685
647360265
965131341
711539338
380762487
857845476
616291926
946807111
291720789
188374857
716199979
377139684
465613601
229723324
254888909
369081966
921479521
179698632
222413113
186702081
272915278
754974745
495953811
534030399
804967239
964565774
371007309
597661999
662235437
692625219
890422197
235654817
298930441
359863981
888597382
318344363
693653125
391392658
396396995
905455904
106608359
596383539
303261241
872298855
551054701
472967712
482912069
182342277
831700788
505245051
565968414
890452890
650293173
815132575
856081014
807268114
164702813
628602833
225398490
200239508
864682882
235166992
898509271
703050548
320973104
507648396
321162373
693391051
800489236
724079346
630684418
249820112
406031776
923400227
571113350
458257973
506940200
477799436
248859420
922690357
559213497
782592995
770980466
180099865
415588090
620635415
140185442
130944231
294367644
349198465
898719594
261771496
650892548
616270604
513891482
156919586
572504068
648362654
249714321
876444731
194174695
770869758
792155384
201222509
967127464
232757889
343927629
178074076
837321424
870472080
200301261
328061712
535919009
709647703
253663644
671367534
817149112
252621321
111495767
861429320
795305761
350050637
785768916
363713078
509881417
895745179
313570751
924322029
634877881
575582351
269530128
895377613
383464322
215803875
479892054
458389458
962117487
488462299
557896059
606316518
302156805
614424910
933136908
847134176
678178862
428331276
603895859
910224244
451603883
904791589
631210994
182068132
982633107
440190800
763542534
874733001
617990733
156896759
252244793
725312148
704809072
278036447
155178445
866311014
673730840
749208774
133893203
139133724
176948769
647303871
412787851
823841280
835507207
640532731
913618835
496600619
887898966
970332427
468948085
133618478
277263924
421408390
864133630
401880986
540131936
573645089
493094392
526131085
525074355
746357489
256972133
677952836
828971070
388947265
518577749
596589859
350466907
759288339
976541937
193714647
770498215
900201753
609799833
370450614
167715161
242705720
852753417
702785296
519839548
916230416
615031467
165981199
952929071
302644456
288104963
343583969
264875810
986452139
854444758
826825621
802656457
413182666
647977602
265694512
465996225
550520659
954399121
909177741
372718824
144679910
943841550
976345324
385582321
207029011
384891597
233593301
448361308
620975771
557633168
122653633
382941145
368112617
297419414
928636655
307899009
624116063
465849265
237689530
210620929
931691878
570521976
N: 61435070
