P: 150546267
429663
310639
536508
356373
957059
149170
300993
517235
879983
878145
615442
373978
799824
458536
682820
537089
342382
910441
605706
671632
689131
290953
153020
848008
482656
790279
363295
260321
456911
139309
374496
343381
352972
511870
639111
879267
936248
957788
526565
221218
751759
259202
779461
870502
494567
114595
754980
892963
956491
434550
598552
420731
207502
312691
209717
171068
410978
678593
990047
680412
659207
109930
416636
747251
295014
645481
560518
198028
675403
784555
382030
725916
495111
910070
295439
435594
869265
746464
178559
257230
379570
722402
834824
589472
353715
802961
151307
173726
515448
351477
525183
194761
922464
400028
846974
333623
288845
187452
282107
294992
646646
131626
277327
420424
161242
912907
672747
751792
257631
932353
141200
504707
225967
519804
193917
140161
418526
881232
812015
311554
744453
908472
593872
528533
635569
219324
177671
343606
503905
525365
435519
950547
962742
525047
200791
299159
510393
205926
704986
382664
108770
656468
906814
999778
959942
877359
627361
735380
702917
137085
755009
690801
815410
792046
459684
840254
582663
891263
864300
887183
128306
259063
468734
474701
878382
799477
900266
615080
336822
324686
784048
244253
241465
308378
807815
110011
676196
913070
507546
326344
867259
143584
683427
836927
386481
373395
754250
213129
213691
762211
860630
361372
271820
543708
330804
739772
792740
694840
619793
748192
218150
915086
894126
776157
302736
236128
939009
656872
320222
145776
756877
343296
126956
817418
801734
160945
440694
437800
700159
597849
582389
301585
740121
279191
911733
601344
164010
866763
310991
971465
617168
193284
959548
353713
746531
933038
313705
199758
505806
965468
485227
632441
765076
517141
697484
704538
608018
765266
358473
970431
359274
152775
505711
579718
114777
596079
N: 48728789
