P: 223646171
816364
549758
690161
369152
573737
835705
769359
331565
524860
571629
152733
255578
323582
416620
583517
255691
714167
581131
197575
382759
505369
807146
291453
144097
402731
930544
433678
894461
380115
339200
344563
503948
419489
228705
415939
298702
498659
664413
846831
825310
711358
148698
406897
495871
849856
321650
379470
618444
370419
473231
910793
631264
179284
441000
427051
682977
958105
218975
763665
336249
307094
284361
949560
395804
310324
698445
811413
483756
502665
519697
633431
771227
412126
893276
942457
426222
240730
418136
721714
887205
642176
221833
999604
719523
328367
733149
428371
596133
674966
289365
863764
195389
759348
819193
903493
484782
550297
980538
325454
386065
871207
726529
608893
176535
889271
550397
659651
547962
893734
217412
968595
797032
347521
283561
531540
720873
647935
839224
875437
535730
669038
516957
981968
130225
411130
996983
650797
229473
135181
797556
750244
227114
797977
529843
387911
256828
240786
518120
495898
462049
746330
173315
610426
879491
896546
105256
806280
436361
807242
139732
329821
771792
227188
821502
303287
165368
585293
681324
888384
298824
741691
353563
839265
820522
634079
955714
753627
849369
272710
199263
346034
300266
540274
661697
621112
820099
850866
243700
650182
745489
717186
807067
511915
267557
859811
379212
103001
153186
467863
904016
738906
780428
562851
249954
234463
828662
150988
438154
372149
225270
545558
885857
824563
104517
288777
432985
767639
696088
928079
965993
153077
550389
209383
253300
610637
251458
700792
585496
957446
927608
245188
901946
450470
918025
737852
763535
152720
233100
266128
108796
811301
563299
638191
640215
786757
242407
405567
332077
111423
403804
348069
844834
399660
997062
423615
572825
739876
626076
367970
799137
768186
144335
309721
477013
847817
N: 19539313
