P: 460058530
290227981
962242976
106886134
571505296
906709663
581155320
256595219
484359667
146227525
681283528
975557183
597912060
867854546
297247600
454490527
841803325
767963884
284598505
180915440
489578343
318849372
381163568
563755146
204919466
607214678
528047879
683016920
443475952
300868680
275377856
601177864
969019967
265863041
197544354
526979198
539419701
907045555
977699719
995376600
730400052
168277714
891244299
758895158
418558817
388820874
935130107
712972051
561709317
459498223
379139602
372464919
449291791
334814439
352946358
683494049
485135550
687280288
813370624
964059905
383300807
714356765
464698650
682525078
720846182
783958480
306102307
923463327
326545971
522861236
413957267
338249997
350290397
588350781
269534357
278381894
539340868
983059878
939554269
530283172
200984417
674085654
944364386
456361773
519351802
556484502
946986559
511851944
377726494
181658712
351741833
132474763
507330414
927221142
203025981
558462460
339799428
484599994
682171045
419145578
198402643
388309104
956960255
157315621
608210092
488666577
968124278
772285479
723463809
542113230
715995100
829521852
879614498
999324061
718718398
114200507
866576479
445264672
889291057
995370737
478757223
228770050
966049871
406886707
259180797
222951327
346354985
868916042
457973177
204490468
418694916
936402792
476699343
719102714
417426881
248849624
620379475
742330492
817013613
457575553
874932471
361015005
470502822
933479007
571094828
701963733
802158498
941008210
348543191
304620897
216583555
475314403
619318569
158426078
444980846
260692056
522929035
637273152
112681325
803420977
623606193
534805415
847755656
620740239
971595856
236078262
938299701
575435847
386786307
125469634
260019367
467332350
817702289
893039154
836497610
631443735
867253701
569860955
937401039
478359972
337339453
938834266
433458655
871782611
776540660
180979133
567315854
822009578
327270257
874416247
595295006
339172107
722583022
609341897
899620096
802250558
708993253
414573551
857718724
224760226
923714858
121329022
145871586
558591299
980411833
274333993
852651981
888707259
833139594
208018091
319852212
142934614
965389139
611354438
575524126
533569969
710443781
167189838
925421724
569508244
588278360
921510998
246530644
438097287
433613530
678289081
521398309
490557982
418813990
307587970
716337345
332969720
231800376
928442684
150166426
911382388
337642694
536535203
396253629
986211133
305618983
783755765
301697592
387923145
997866484
948534890
330965201
710172054
296462959
948850476
808933561
501851112
776966257
480284382
592872312
195989457
605296580
317246693
990059424
827540424
240074590
543723138
244592812
215800014
579148294
636937657
660921734
732645252
459147280
652372358
252474901
741621215
832521320
841428596
843022146
919875564
172337010
927692306
693930885
541251666
959850946
140350043
313072543
599087846
619213897
877705534
614423721
696614443
866247296
796734524
407485718
995246477
111599755
920342407
849740591
230006963
377362079
500827361
612296632
348919321
750462087
356367656
625400745
811312255
636553852
519474416
269430576
824823573
182333078
265229512
352145609
729502429
370282801
101440968
123720093
656620814
568230424
654873991
632771550
721057109
713318124
437517363
560281513
332648022
550274308
481221449
841907209
671132107
336625447
149929063
619649181
604173547
503426655
379260247
370280672
823165585
186649895
410069653
784297773
537217602
678834386
372912029
599494611
374518940
570246337
127787060
776013270
450958770
572625556
420884747
690551642
337992589
850048908
565983343
574766059
645988409
706122604
915493370
555444983
394055089
352506839
348565227
819051027
426724327
786411530
768129487
536126612
709497399
396874153
108827811
360301130
790477381
937263883
541489880
383632138
984376301
320461365
671288392
190105616
327717282
549348658
641205602
877112122
887560625
972988513
276893531
671093083
285109754
408583961
991421162
164842954
278842541
509940262
673531026
236550698
846305743
341316142
218001388
573773225
188362473
989449300
136524514
386290074
594281586
112494153
171450290
762165858
717030808
366799739
943676809
604099866
157766216
716851033
876648722
934985769
692404408
462427631
446972655
415483627
245727618
115413519
220884930
232097055
905295691
685191468
832142983
109875409
273520188
488740514
132727957
745316271
311354048
840352655
610106633
706893816
880968176
200917662
635110237
854962627
148263470
563270615
559060430
298670105
708368056
395802854
241991729
616937442
998471691
682510078
842069425
962218607
920705104
691392816
351543266
730449827
998451789
429621473
133512029
384379092
268940453
966804955
505128125
167594989
864033998
732905185
592111771
351997285
779550199
157499552
382164044
860302617
802606935
544877969
426095428
172391177
912280380
571776858
590139825
377396879
979891193
860241376
782823989
777709369
368653816
805879769
788498689
421405201
520983253
884092728
547215083
814019658
803024537
161526657
745356013
971390929
786326889
708737087
985596588
823121719
985083191
888041461
876508481
136278981
806811759
551602045
210271384
270071300
140795829
612824518
293742053
256723912
514767554
417150198
929220079
194825228
944467930
886032830
126842119
707144595
695329878
558317051
531297729
281377950
400583924
627562110
211394470
398457072
227209425
424694998
990289840
309002919
987871298
648173959
830058360
933538151
579159552
922100008
745050077
805086087
724692908
821709041
595502911
810508486
468788737
156540607
321411942
747491740
554994197
616674682
327460052
626675629
917112066
430269463
971575951
828872811
233576548
449592529
607264671
428442697
550496422
247012688
354085413
243820493
566423177
254475341
593837544
949868527
614573319
436755775
410381577
670402625
796187268
468518768
504910012
832561376
999747374
759449067
401449089
309650160
609103514
424609539
506802003
472762073
624135516
953119364
900032304
175103779
681763514
356468436
710600381
492491085
324249572
400366152
431758074
553737987
243762379
392190395
997450898
952279443
110656381
424684534
811838130
968739961
856838414
897776492
464862766
189200332
827609838
465783287
972184274
586317974
541214333
892815199
388664888
322164424
401002042
123743195
564790841
777050108
122512008
465177633
257768311
610785584
718773302
597686840
523753504
681921419
403202821
512003830
498307996
671493850
270809980
251185645
648387867
152401792
421138598
185888142
569274291
224880341
931666114
722088756
688509500
998000174
210797657
532099364
118985646
336251452
861099032
336598243
209738013
505931101
742243176
599990925
699139213
778963032
225566261
785029487
526629126
907387174
145152559
557630342
264698426
510659312
170499265
840568699
468342746
647725062
728493467
981719818
909032079
710854244
741808386
767508358
523260684
948928749
241230346
471131621
505711769
911656986
576618511
515197694
275992383
767705979
228595238
370417809
768428650
961791909
371748104
956841597
507313563
998919904
196851615
190212426
828355209
927811981
578425392
375018338
261969855
185154982
498459262
900288657
338338502
343698727
920969028
249708796
429031328
460186662
144434783
931418890
554898830
250847727
944623813
631283907
896385109
730879670
344699337
308714817
866874768
476258176
632297357
517051823
118964835
780808935
786327318
594835488
596239717
809923354
997842119
594835126
423854368
294070014
989168581
286827799
442010257
177875410
884444001
296044885
330126689
372436252
885319054
475741569
650533922
503660884
859940043
626728253
566300567
455113825
390235685
110983516
288491229
348840683
392263946
680298979
579959581
417001153
687116725
178045184
559011873
352073243
157789498
592740246
409141704
816183910
317384614
368409286
345892872
813427781
551634539
343041368
152285519
494960893
914308465
163923973
809272418
520507617
308951098
169067734
969137914
285121829
152867563
991367875
714319275
956603479
414427050
293155634
168417510
422904453
835615740
756442408
592608540
321410786
273843539
426980821
336759507
910467902
297057244
111968403
351116138
691385654
434780243
612204818
567193784
575958555
246691281
374681287
875579800
490081950
506501235
340868812
356863788
638860391
566286229
400141722
613159781
151201471
874658652
118585590
127150845
110082116
722118974
727876189
538776958
616732958
500355294
254893593
757000980
196636474
895110657
431936161
331225218
984218621
847176713
828036680
101691231
265663820
691032389
531220048
467438773
557881906
524057550
280271251
526615888
591913189
191741067
510071171
643942144
862632761
630476424
945685207
588599379
787288159
300424872
540312171
909005238
746081193
621488547
218799226
349253119
239830986
572363422
738503578
923465197
320314869
681161539
555744995
535024745
591523749
551487288
127485069
319850289
513572191
164433108
283284883
954547396
269747152
482945310
267717750
809005361
569718752
813833741
139117167
262258548
189465042
725220186
564412697
285296070
181688948
475216657
923243418
560399831
633293920
227893024
282109806
752150627
649838471
584431249
494968714
431117372
903170557
580019513
901253271
905178180
673697651
797082053
976063311
976431651
627806667
341481707
635980632
131465700
984507148
920754871
523213236
118723538
951218249
162150881
816985830
275098976
820102869
414057495
451511157
726911570
666198136
860752820
857629681
902813873
296037974
704239980
466244894
426637728
675881641
124603920
269981842
122236932
361706547
446297638
893857607
195392106
641316177
957032175
396304852
235809252
659976046
412502420
509659127
576142836
921300449
517472875
505058760
265982249
609146686
360796706
294915391
865517808
276582662
792447979
960368898
865382012
102069686
407370910
580918556
401968623
624902837
964736843
788595585
495549797
899900858
716852894
678952252
585835130
157393441
403109183
174532989
467628852
697107025
292459781
980019290
609656450
453348897
524367713
633873382
557243066
304289934
481541196
968057503
230883630
557353766
939420173
531990657
590835420
245740317
554669660
972507009
478440057
886943122
449141340
753050590
193577252
476973559
765266598
677588876
788278061
603124790
102834623
361411278
989206753
528769619
269856426
176710588
190926096
860452846
713713756
504113441
237724363
474424076
311585522
352438109
773470472
644416443
386543722
511580881
957452685
690535393
646986065
621578956
341018509
116058968
309634676
973077513
712725343
539048948
338425365
239090081
252618180
526686659
362005055
583216404
748896846
107771455
309094940
698240326
245933546
969254940
777430213
793908065
927151386
651729156
553417109
210573285
328619139
728456476
126701271
743278706
781504353
760280600
957001653
770581225
716631572
252571264
556133316
997457221
240491504
731673917
740807263
287901126
533718316
386522377
337555936
712005901
875740257
569974484
107401657
758746383
562003608
792456927
463322085
252636365
786583551
863940152
677860465
268891086
551948659
902445740
861627926
799376110
309990988
644265082
310861790
710687355
157126358
676709922
574408024
385473127
883271337
642354344
925484945
964929901
907057181
989549654
993504921
848781097
472013051
213403730
405153792
883301748
738506308
809182722
938942604
921283683
595533865
358574030
759645291
325163816
636125657
329901353
446342012
468958046
535376294
649338896
526728882
373617497
368825661
336207777
290725586
156577831
659516109
762703944
705348610
876493934
250155522
569500424
786040353
762424243
867625808
707931717
432799713
706568306
357326327
119304964
533521018
782689781
328423902
596455439
245501104
556497417
173977411
274868512
547303077
951744870
286278270
747191848
949031565
486816605
317756643
649089180
254289845
463585527
766472156
255867824
400181325
484444614
427907159
342013341
331073799
337020010
290971263
500780283
787478893
893164855
212694229
456276144
225569514
555333841
167245829
675286658
991332063
885592158
998909662
315469111
223708966
624454773
140078211
851815289
985804220
293630661
777025207
549708090
499728084
722195314
324620823
246703236
371295506
654425372
670392354
343271356
165806944
716950062
470844066
827180846
359487450
390238076
469720458
796242591
231580203
383799744
384830337
516244922
774952687
648309896
657949376
182085576
343998532
869730664
290911314
556829001
841872770
536833977
253038635
602145426
379999451
449663122
717999889
287944189
262727867
460285812
370773528
341839741
611936096
830144498
265023340
433648820
570530386
392776847
537438696
612230819
115502572
640787345
697888203
677632119
427847884
312854464
249162997
335556940
978994858
493773817
220088346
283439277
145965678
651285010
324341638
279670658
307923302
129594992
794858226
310319526
800104673
653027912
449153429
965701316
498115593
331957333
568664453
687365416
413734988
979432757
405088173
445400897
416313385
523394867
135839195
374628132
366308001
118985493
740697331
802430977
906457002
600588256
448330702
434771155
160194303
842485787
153415710
268338423
164342853
236142989
439724751
154872263
705255888
482613979
354388988
713747480
782605385
635646548
423242117
216847320
909292825
430753759
259370060
945283803
798796972
200102501
275766149
217507749
770993408
586708895
936956480
266109270
936693683
815862253
331031699
724448342
866415804
984135401
604248469
222323579
615466222
261670220
117147143
578166271
927779877
932140985
195467948
267177676
900124076
962359122
793668805
655773543
935668853
500863959
229614828
687079468
227140966
714577145
837453736
147037595
727208910
278305443
297856918
888441843
697265712
621001537
490676796
129059108
774227637
886817358
817698131
831854834
146823544
174108516
202397426
294863002
917191634
998843861
123931152
468576971
321938640
186998402
933914252
273320315
742645250
323080444
778907077
265584880
355945025
405026846
473561554
723406365
829881808
582881928
933771502
267678862
422422824
366961257
898248145
291104996
429406717
271281019
615920337
792740824
744260766
163275983
493760271
633899871
821627254
934233023
155822759
891660223
293991515
257390994
285968451
536120773
658811415
381088904
794587264
555699621
581819093
704645619
488020099
219277456
676160006
624125320
182934303
903475461
397387454
320580490
304718182
714607338
704963035
824049385
493910843
359833163
435556209
480450124
471231565
525735586
574745585
479196821
419559046
120114677
116962164
891241006
328763363
179503820
292954805
235054091
521538814
972204613
294430789
122577663
492868933
536694011
689557468
665217403
973294942
252501764
529719126
723570137
789457677
598903235
198614809
498743422
566669539
852953967
362520465
345244031
162061058
115290892
845403678
435193922
201596107
421820404
559280655
894143117
682403491
380916673
574170657
937027381
636360571
560880104
408591082
590941683
748211808
108223043
610331436
422970374
812176949
535070604
118522632
290510440
373172462
775364505
509259582
139932269
535768637
166783713
588864971
317210278
116476260
895842085
316783452
700282651
379775492
891620022
921574995
454415131
255198566
319107174
179444329
472482575
705721666
622699504
577261900
726093363
503518602
231219229
461889798
641139257
322736527
537573609
558310802
974787292
783862280
215649600
325672849
693150765
732100557
609564936
802340468
353059273
909730284
864328756
801030634
217458565
456043709
607741868
148183175
788496339
349827070
751668162
913704070
571682102
950455394
472029186
294608965
799708285
185678171
476334265
323241452
219334446
777425465
880303205
244255891
414724006
574567891
787994854
805790093
479725200
678044503
597603234
623480758
933826550
781404905
315440035
605974197
725674837
268126553
124521898
135646475
928716332
434091219
469058653
673936317
947734595
395634582
372711538
665739599
460069804
921220239
659801839
990971370
702398132
223292300
742556123
500475533
218611150
254777159
802967377
279373078
680414076
144472051
198365654
733293162
386710957
514890149
247360014
587089754
676334107
600197872
285936272
544316837
183411512
220867111
627059689
983687806
657080584
239474428
711895278
527485409
181303040
107630830
348588503
989637738
912440943
425172564
962616305
863057488
412281731
712617854
580376553
619617498
141622399
395442227
949083602
161079134
447964030
514361922
396127865
849564886
288033648
194618695
658178743
714923139
802766844
259471882
702665562
522225888
244454257
434771088
700121190
897787592
376578886
922357911
900287289
679004622
127473721
704279641
583104355
582588360
186892965
364130318
497210636
556781060
451819947
845319248
815268808
910652304
973629647
687292813
635012981
258376611
668885265
546285217
378771659
847519117
571561789
353973344
729938976
637182688
476272259
556496184
380232581
810423436
194224900
308663392
872789351
994156420
175164739
850072344
993551753
946957543
254437453
461842061
905621397
390884944
402387453
541927155
473088062
837858436
970174917
576924901
512575585
710157606
893495384
375431183
643516825
344790190
102400189
731103739
407556793
173288260
131189360
448970564
920808344
554020261
780706622
501518899
847161791
628632703
968686178
897879600
189461025
322869163
532013510
271200442
705427507
668132612
407441283
915345314
109352657
638627470
238119387
214002826
837053304
698108452
124579382
966025074
845446179
201162590
878408891
434104564
113782165
599681581
897856179
559300886
362357174
665346214
591517466
522319270
834434648
329877966
379814735
712318696
348428243
758038372
669151353
455111917
938577408
595731634
186965925
222200399
960376994
168038861
328529973
841683533
488938446
795908277
915386933
264155624
339521251
733617378
660231677
904863890
714557661
597692980
328419244
929374065
841030950
618269625
466876407
977755971
625865483
863843533
573486655
124067878
651937926
178698247
240375416
223149339
682407967
859782617
809919114
899625250
772968734
647104875
278995880
900812780
971757438
362945639
731247360
251499057
188122307
503019952
522878222
354827408
291830085
121181621
688265182
133427418
130900836
557088650
960578058
752732010
528036566
219809646
316173542
596484532
627151921
901976408
372966079
588728399
721115789
578826340
226336145
351462465
866917725
988316657
881300541
128540419
238120625
578063084
737305572
922160894
834876961
588085905
717831723
475598197
782577420
517667853
794002903
614212809
812996885
811644875
480438740
132640314
407444656
326027616
891896051
737901478
700167456
995567063
262010969
737265689
154415725
367428930
161216430
289021751
630643204
549644991
333790778
573224920
502899303
294232735
568154427
131196514
690011007
386164612
280340989
798497315
383680565
789270282
217724897
125805710
841773714
233400903
401453660
493215078
743556139
128475350
139793809
561767027
196398554
709777673
923120471
825912838
477189120
257323106
623781497
641384116
538738588
134111478
957186545
684469595
252594941
394304214
142146730
746927933
344720351
464280127
846249314
771873263
470750528
917456586
204844867
226088008
266758212
137642146
667325961
432549196
204045274
126559126
839086109
137392584
426271293
373940854
386705176
435905480
639896334
827719928
517356754
655411452
115728085
481570988
874599359
204366276
925415740
633370090
149775268
264141322
159640281
680440365
700669929
540189119
583545266
725776306
714386042
438270126
674411995
194057378
806629308
496817966
218690151
856647686
473685192
393221118
668577938
121982462
409348608
600539862
257618766
679063110
681829216
478383148
397453835
515713128
258849976
146443523
199223580
829368909
865186663
347427489
437543813
545799920
241553284
522678301
683791165
223037166
180767117
351654169
627307922
950793444
975681229
988049829
770096267
501846187
588723721
234158524
471409618
812002361
837109686
637147278
272996781
533231699
642015153
771716598
993775054
411504158
513207186
722247134
174469569
854395826
704121401
396305495
663077441
201193677
393753665
354810854
595686479
166232204
336458547
737162953
651611172
923532229
308603218
652847914
532623822
484811354
438716025
909003549
386533467
370106137
834485470
738000993
375982453
397662105
547036785
251167219
979301951
966826353
616005159
792987664
758095822
284654003
218637818
628783927
332503428
792618106
522707293
504634012
345699002
912943470
442153837
955640094
544474083
907613597
348698818
575925052
236158321
361331257
488502727
344681374
520003549
583395620
175053601
871400833
801241642
751885569
386613492
623845228
339020209
121714173
534828247
584635200
537625326
427800628
957561383
786805595
423320225
567149821
623412022
453057461
558013422
596066779
547053606
634626696
986549362
998028599
174206261
903805003
384311769
147949373
774792181
747092506
487408118
909586824
206906987
305900279
675084930
882028753
474748288
792526037
801317119
749954508
523908579
843783541
154253560
965324054
813616232
624318018
328735767
372585902
516626916
644773830
188227446
380399521
469042498
821955490
607563755
725734315
343734607
643295257
964670985
808605688
915204633
380738556
647770757
835717212
387503799
857166650
678249387
802831535
554953165
904415687
547472268
845753125
128046877
312515557
229585353
964069137
651236303
794412240
338281826
677517686
412698716
336080102
112139341
985137463
607651601
800625368
757616728
512019625
721466086
675080999
408863122
203047203
261431964
759722392
495810566
327153499
469404182
665180671
263176712
679556767
125324129
128094020
334619686
975134936
370158420
646416489
205004854
307378630
152384890
991517045
422936533
429311188
380960855
447090354
377386320
210976577
735334221
508188611
586466022
843041453
148328786
971866375
747451699
345274201
694927689
360842860
370501441
525687827
654281429
887602440
266622703
880341729
116283044
499321804
774653138
714852973
365012061
932138642
177103814
720006921
142875799
716049720
646601683
432287731
550465010
483687437
577018317
283147265
961617616
999206350
948682385
813667170
133408101
447756457
265257571
748327121
799182114
174166480
137699144
466867751
807136138
108754686
730770258
511609135
506320435
578821111
931414295
575759064
804786340
487231143
429840388
517607932
558215500
497591764
560418709
578466764
271330535
298108050
973787173
704221295
663190309
435026767
594285439
243565604
392526007
700822798
984327324
969319258
520346221
492275089
323616104
607088027
944577909
873785440
167764877
973814309
989554283
881223594
216319729
821804240
150043159
280542359
323053059
174456292
761981063
911168597
952522644
673798211
540963052
609410254
682494708
789406539
157743589
122219756
937517046
492420258
688563623
964185776
762038851
986355699
970536729
946521984
925595709
661070456
242086773
756476673
321331009
646127243
364731244
344258790
759611672
770536649
578277082
368879643
355383275
909321223
989803155
818388485
774599102
320670529
123513975
489223326
862248170
770221287
285705910
732392497
235162996
593070913
785870319
474142961
817619503
637445287
651782116
249268956
697923538
168611118
741064792
870484090
573792756
212987040
646891474
832783015
582156010
408590638
172243536
254900575
731994515
384941721
119872602
413387695
733049733
721931540
588535656
256569367
287657572
810542473
294696222
613141668
564412645
166288194
519089997
566573633
205292755
436234652
977137794
532717623
909328006
932605254
740489628
865599706
532394320
757645423
872563869
144469053
720491909
832110602
768322648
637862158
124318453
830763048
638748588
727339790
768100058
177682466
482486131
387214259
995277862
772149422
398939459
362306524
912415872
598920145
997512732
997897955
314467788
416392045
840347937
872752395
946022524
360180250
580549516
135537793
568088660
133154144
426767400
718447681
552912702
371227687
356904558
635659541
117532162
429434767
994258665
199440595
790897107
852480697
803113847
988577618
969613449
927530849
566893244
332100955
925651074
127199075
387682085
864965278
566411150
505629556
871326831
480909127
644896310
387835221
500748035
258869490
335940899
973025903
436441264
917731479
217806531
179324077
415033979
473754662
801230474
530072371
899172808
279666010
678246074
367866347
864578253
853708523
837054635
143153286
684932047
589411879
699889965
677840888
293280684
772473881
971830314
422147530
275823068
525436677
971357048
557118193
577638948
564589438
801849848
215327508
557006985
475439667
772871264
715602864
501007626
968656633
686723507
424081762
747658678
417518662
780346820
114601039
247871816
511050360
767697491
739811406
836460888
585696157
229669169
992986756
623716485
307987976
871481601
994871803
567116452
684320167
962648671
893211419
447726589
638905674
848396815
119069596
301994805
268105045
745919476
724634315
282103827
477746856
398492272
203990807
291935463
162120244
828612710
873038735
927157116
387956004
132611391
638580195
898331828
270230857
456778264
547197661
233802683
979783898
160035038
485068189
818860269
743864619
299463957
510313422
448092572
224867800
185323404
790485870
292741165
186288787
768020515
430857921
278382870
439923703
651660220
385438073
855069664
767307901
391487132
508970444
108820094
131717785
278986672
969286698
847924238
208464871
407300157
473654937
690427909
848315115
474158506
152242873
602006806
257075950
703759762
217511121
468756022
354874958
415714965
615620579
371105574
603354970
716403249
532980954
847880235
698048880
269008359
773789041
708769886
884260190
594624005
397392305
673264513
926987651
910266410
103330055
140836918
204334711
212613647
967002486
723236756
984170695
372022563
799632490
848359426
909902665
839761648
811183221
512781169
419720013
957524530
791228266
973740119
998235999
802339808
407756679
150253298
672604849
484909069
622083962
618964769
293195682
738746490
222572750
397124878
458420223
982412223
820211897
969887449
199982742
422937354
317235587
431782981
126053311
973171473
631182178
948810938
549276092
862038214
825169065
864559543
423083484
424365332
329837871
968712687
742945513
904523689
883754629
708759133
305190658
452724041
289954082
403691243
308387307
972731026
578487286
360602194
938456436
485616221
800789637
319867935
876210339
629305921
738544532
696117054
542813702
937749025
228019154
240720702
233987240
667808400
700821658
493885515
695809270
575022056
176901938
782025631
919654346
745582979
531868696
556622969
745659480
454899702
560333438
325686766
562374981
779449307
947330073
745717666
356673274
573641484
606506075
382511866
699741112
773182817
657785605
383341847
849066435
557442848
515326492
662562589
626132108
268101801
325207640
545630316
838641866
640215384
473388235
311657243
860274944
266942045
448830836
734010952
410707367
187010560
770179396
992021591
819025353
679464712
604312132
916852302
998005255
670239082
854848718
896238654
801647877
808363630
875800841
779703817
851910989
965333669
446623012
505325037
948133030
954494050
849254058
865544785
493450659
654059945
637869909
995930237
876922409
479575530
787340760
224632853
704298902
242923239
180873737
333747708
785480133
119932243
748204657
414588819
575005938
264105153
944390466
318137945
420131006
697294604
520987713
272579533
346987641
956647011
188915345
512058360
904828904
447367082
730576763
882075527
291819033
978589724
990123968
285291593
679902030
263922216
481365770
582863425
747130296
909739217
898499547
750482727
523585538
360334201
336821962
596477046
144468114
696600979
359716041
374368937
800930661
395651395
291483968
181465405
483061170
520372925
243785924
124131125
537197602
160344428
765568899
610486521
251656720
374764802
371769955
665197712
565209205
823767129
759851899
140387935
737681643
203041830
706177423
317803748
573464542
600025225
808459061
588125807
154749633
363061879
316686486
326088272
744104197
485145859
553780314
747631170
827156581
401768092
610401081
348833904
692928228
751809769
908664039
535523547
116763996
733708712
266606413
797268154
656829976
768723919
425868040
394822931
855282105
695392311
563830394
462341945
437490900
704633078
249391356
919792249
354159530
774996539
666385139
880459243
825304124
667229409
155676432
292606654
642906183
325799486
847098050
545090260
437345239
478915407
748919154
138926258
235177938
815926074
155021414
264027353
129686142
979728980
130215391
458466434
832693217
394445040
203084633
703052359
227921663
716218327
204733109
163324337
851749303
758435473
960369781
947089801
570510611
698639226
421349826
220459021
211737999
847133666
158319152
429138730
333848954
884975409
434543474
420047996
349415848
334155989
572164337
308766098
805839227
828971321
814379302
135897574
281405101
669320730
734032665
132960914
777478293
343109060
153997126
787813797
640518610
492934304
934307358
581229409
315604715
832733079
170344256
376417837
115625501
229689968
956704856
535767114
948628022
921991342
231108585
792250063
929817341
412539086
338790809
683964507
552657138
193599621
198492837
388695257
452647558
425915254
327785284
586268522
549918840
139742880
983139853
693429509
894667397
529789386
127729110
904817035
173861823
942581999
734243901
266790798
936492308
871809683
161339490
687593244
774401838
901467645
228789352
665349203
414551613
629553801
571415059
405447977
425971604
586006766
688610378
311281702
735008358
371960142
931654678
454511125
791285881
514937594
548570755
239890396
509124345
406964051
677934857
988179765
461492864
482304836
895701089
168178657
296180669
235162952
270730932
355837590
874588231
230400794
267802275
845589300
950651851
667655112
218591690
341146091
914303085
459738484
616289849
474332866
623868626
200352662
417941386
637920833
522997036
105740699
898305639
689325749
851937231
374705796
808281728
427791250
714170271
316970588
829027930
273672409
862547435
664855062
682514504
809049234
657688734
873832673
799496703
670471642
942608338
783652864
775244990
530704905
923927102
924399338
472921006
870508845
396728259
103854095
622846978
192311449
433483199
429294794
227279383
524437445
430227606
205205271
755841337
911491978
895050832
204696153
334673097
791800594
948835442
858002177
625057475
910636635
510627493
201857419
298888067
846232872
624451498
741127832
999861618
299357153
322342676
140755071
965399142
679054893
820156882
774647337
523883928
102928480
583467889
175533878
148604467
604318701
321138517
590045974
557299352
413098650
442621377
114460625
303420323
544790678
855263374
461452127
725206877
821047944
264917589
883989043
696569809
435684718
958834814
687785357
678326760
771219082
465294665
760514443
293867044
776113697
149279988
343414199
262850282
456813173
732237435
691729241
259348531
824340626
751931356
992423054
950803508
965188303
768489721
375476115
336539131
426098248
471926748
820888917
135892921
569834460
482691246
775312170
138384000
290302514
178864760
569784912
234641952
971915343
473397264
704148180
988841031
655257690
970383943
491584269
114310136
466370103
430413748
232812674
369554662
836601792
575967311
398269529
234464761
530585235
291251409
864511284
844965566
856399738
321766577
726870256
297007058
721779374
213611401
633295457
205162724
385708592
481785102
568236237
701657631
323106856
568709812
952972020
833968620
323146779
391206838
122486983
613698515
841708838
473753463
988357758
905937254
599536730
611767609
202331383
467896746
262067475
317962739
240354894
659274995
980510487
694235773
185636064
158321323
390472046
844765606
962219059
544796754
211126328
315477858
777118904
164740154
550872895
362206544
756736460
120302729
561608696
426848634
594426003
290516446
855719724
744521986
795944136
398691978
546796790
902141149
974238155
998670334
342735319
372946638
584215643
475178459
711250834
418657331
596297289
695414894
186135502
996620281
716826362
164435890
715585212
522692766
662714385
830499303
177019383
810584738
406161383
165539146
278582408
579939885
954300419
210923413
333889585
186112023
587624622
703774513
971273883
912392049
884473509
720476146
688685160
167038097
365600359
447356271
262447634
692518868
285557350
314834543
956627872
420955882
639865663
646100622
479222374
930473140
288206349
792552363
682210763
269837191
446895893
248566458
564706506
446559527
537912689
790033255
706646827
775802895
432333609
247360701
283438841
410364739
529948950
682242392
549674614
896335554
976922381
437399388
128574556
546789375
298983722
418613683
155933800
954155689
156637246
643100132
836768931
555233217
912482684
751328800
636576926
846018509
636596855
968394073
342980451
302056403
581952523
965746992
948649029
436894922
167379377
115365476
320586125
492526143
445642341
407452967
799752356
257828417
761843219
360401241
643612424
313367525
943455427
119297936
541215642
478620668
747492087
298932049
997034176
255212749
630620683
427338667
893479308
693201636
111726163
828527190
734956950
742295457
419125516
623022529
721217377
747888016
774091443
983344065
787799911
988151269
755748413
950148211
879488522
469143051
264543169
243192810
306023809
752369606
269162630
708081840
989369558
693883368
575004348
525796050
990821314
175543278
703023194
954413057
198680953
932604979
141668588
560134057
104550945
776795010
993253514
826222064
769217362
770234720
237079967
431405632
166776830
493725906
269849417
315010015
299042467
635721203
795605308
872957221
941103854
522375496
972482456
868266911
143384904
685706320
830638283
512347831
123880322
169934443
303986420
383925961
956750777
211270532
508276507
851322240
410115056
915256361
719926133
117763180
319413497
667824483
824497680
881187966
293159298
586837653
293284412
218316176
149951331
335536234
825443394
246942763
488556380
109071417
572482544
938059713
844048903
156704894
750022449
922625135
522920395
859426166
540156663
519838277
774906168
540381302
862663990
846063059
162174912
422211883
717137297
352345183
398516201
516545863
617601165
610503231
378307358
503448754
344939372
661136581
220527690
575916151
954262574
411303865
882480050
634525573
595991973
178961553
970430029
503939184
625965390
822189233
605028966
728450129
215930324
625887611
380989444
471571353
287541462
126676807
434627910
649214112
144517237
207522977
403748499
774321924
308844747
977623805
772941166
452561355
163140351
762027555
628038603
917543754
659646954
764328147
847798860
391559449
737154116
408141843
155045407
606134856
669172894
572750968
622733711
913456157
620808861
113056899
567596214
446040030
445546516
882489988
950906848
830443112
179929546
991514213
849248188
774641552
774422445
722839506
804838448
880520764
249159076
213173664
621177503
843260704
171284088
706100885
705297638
168296001
792725185
502876726
732203935
544071980
108995250
781436597
985799096
470873454
260934516
570602340
885693557
340617383
404521820
117545891
883010641
198375325
778790279
431775399
641547308
710962973
114970384
534970148
864897331
969683974
674016746
802889277
868481813
416246964
249949765
411150635
328273467
809332213
843674987
595480618
668327962
466399422
720222403
746892932
366930469
550476532
261938722
900731899
289151434
527138460
217236946
917188091
383175154
448426422
560122024
504167615
209165176
576603284
808608342
164856702
245311150
303449958
214043156
356189949
206123175
168114987
591540166
590152623
411763804
598803837
784678867
434591429
385022172
370961238
977922853
993497287
674393136
268317517
979344792
844791261
909426398
923529074
831733242
674167492
265686999
134528687
977841357
698619472
684543342
503154269
282997647
218508068
860788040
673914504
237556355
826795153
118216387
855379993
624599469
420737790
730050744
784677106
188296372
642904977
884330798
852814452
100304538
256143262
841505592
390851070
165496909
668949358
521259357
411765028
174001718
426478309
424617666
597443637
855700602
988809419
313726971
226566120
846902610
684653116
105048186
435814993
525945547
425365299
615088270
802872017
359186046
540506564
924548823
940904718
761273245
566234671
448824551
290251398
157995773
984980009
693157367
222731050
954859378
121506534
838221353
398938874
931265650
785422870
486910925
923646602
601769587
901460700
567863148
202147996
347239450
953026150
576865618
483701526
648602498
414556377
441957031
398505505
152885442
129989620
182409033
995957818
994889674
674129004
357730304
644390088
104369902
858992577
287881043
608526217
985605600
847785108
646344901
745656557
288098691
717859697
208252711
449329816
974631033
951919376
454291037
630336691
785112990
590103734
878575170
378914916
182785313
174849242
552038335
558493112
776572785
704954269
295588667
450380690
351828221
307938951
254950920
541510606
428591938
870208603
527511932
783465106
163599420
458096678
436850517
301731162
703135554
961798924
368721356
284737553
122941206
349370465
256078244
691455502
956139244
507097358
944029446
227983269
373716951
979094714
172532258
592451138
544899672
470176595
340502525
462624472
200013383
434415758
357391719
622549440
749888273
870600059
545412767
658050324
511803946
668462978
161220695
298141031
745657586
884841253
303159927
706456386
690679723
488903997
468346917
840303059
583820728
913062050
125241880
361458024
298059000
655229418
602322329
346700861
716278345
412069395
787405244
994729504
860869547
938009423
872471111
619940330
929067888
360359350
689883604
857951642
891685946
658795532
366009394
966155076
390843423
460104742
592424917
836035557
664991811
587244648
139533750
406817313
999420773
566183924
448771737
799014456
814307219
687014526
954309045
444668789
786050832
123207962
368983923
360472192
313174159
681346374
440927092
637194043
943357128
462796122
892887199
268138498
567071447
966526001
206818466
163817431
212965351
583954076
363524337
124746594
957217759
476021302
512294530
734499168
896606826
599115079
560758702
329994778
546130987
310772623
676331272
370144274
803733606
983629368
606465791
151323858
982905090
900996562
315836158
926277205
405747493
916446977
550915149
313492575
323866202
540998716
229581435
415828547
152265888
765565851
539557717
754016106
553958301
287954717
578607020
962758835
767775528
130768114
339632976
276554075
258458305
271193318
815955445
873564475
506719000
948232150
494618875
961101776
354610310
480988496
150128520
167056445
730954072
368507636
837850067
269263325
685810397
628946214
952878461
540093445
723945819
288100979
647457842
981707974
620680021
142796050
486473728
639742486
510692418
212964443
881543331
524254562
582008953
775080871
601197936
116936860
884323245
549789517
627305686
372159948
925191901
866734862
706226353
725920161
355584835
505278703
256045477
505753459
815040062
758840934
542567171
842740608
969588974
697919530
217563174
293904208
838201414
319309286
124004390
583537518
729205261
554466102
283945838
933848940
425919325
995784960
814494464
385345942
267864767
961647299
656994905
889312975
105554035
697653154
490729606
774579988
337651925
189964716
759727351
984853952
753129530
220676071
659129130
887613962
552533910
698485792
420706652
841264131
575178802
935835122
632384125
653310735
602485253
495802023
611160154
846494021
396999095
612668305
892338083
161551913
206683773
823864331
619708359
201074918
833814755
477730708
688855874
315707730
328144755
362416291
421650287
387065364
312505055
991421735
731461238
615585266
293811330
734585569
530143177
722808349
100667932
799690847
108603015
141485148
416617991
555200386
145005957
910699119
865756444
992063179
401716586
838851597
413893283
435666711
289962535
984824712
818127600
295269163
962942755
508308598
251530772
512922904
310935419
230200764
874337116
808236998
372213049
261679731
373531384
245454446
881159444
599133110
796795266
735851361
953341568
856771739
893794038
911010692
984626055
830521826
526929189
909263889
102498014
707049552
457327418
860625668
493993252
642805763
826055625
654543809
230711057
628537882
119577236
941754906
214911562
948270290
651693777
183011064
772722938
674887402
885170547
964797830
991837462
304877727
603289608
870037097
558815604
108215039
844148679
252440901
867121961
101402735
278117960
825122469
438170317
533032781
140342612
436752542
168085312
550004289
876198647
697768484
510417436
833989771
170590890
440704480
701160062
943070994
532265324
959192073
699200005
410965250
535706614
317339586
143185837
868188838
155292483
736428579
688494346
913696287
264645401
414439589
217261474
276976521
988331969
556345973
831022844
496798911
698293384
868654947
321780379
109152293
702877065
782647147
974634187
672592814
325345302
355886627
935797982
890906748
954207054
387012871
928087998
753711502
385771408
162595696
447432111
560271817
826381030
911448948
494713086
594984851
878909366
179737469
886855235
742389813
547905136
287204950
786091011
306095222
229552711
894210926
356837251
600641278
451180837
400434969
708169076
981271737
609571197
213962813
751387070
597981435
127424967
566296532
984239891
908314690
349144284
554929642
600516297
768630123
551809347
259416395
105861716
754899110
101129082
945102108
128340087
356366314
994647275
716410205
266780196
510641015
221487837
406622815
793692776
605328127
708578548
379489059
257987342
918626430
199140227
831179632
685907431
758386503
543211954
934976796
479938473
220101293
436365949
867246609
330414153
848907179
469384043
885066189
664969836
285228110
800099456
912671092
111405544
423832889
223475441
821628430
121194606
596390983
452754619
202020818
606022032
593670829
638369904
507616984
212854675
215062332
863001186
272462468
290490015
692648797
518633274
797182986
134748571
606502773
748794192
370783762
390155742
255962155
660972034
402099453
250364976
122994445
157013849
819433598
514276320
591873333
290629457
575023905
610713459
640753386
514164771
404090500
921641781
680422833
158406171
313788181
158567764
240431511
601563500
574881552
328010119
376723681
805492238
525247063
549293713
773250383
161237695
424860429
280829687
531333956
923153720
384875760
595988851
441005771
265072799
561594897
853247806
136324159
157548408
368470961
667335447
941148204
786439751
426050973
700646940
168835570
150546795
412450909
339742564
725712948
423867041
916387365
192435119
977944305
694000382
588415789
988313543
264028483
707203378
785135890
514253224
891730956
669160958
122840194
441110914
200094512
918249477
591667304
859838988
288480328
157183536
654700314
500117956
499313193
423738330
267429137
318870790
726452426
251995824
815324771
735061031
445282854
427602368
365400466
133476843
762835503
930358417
533723251
824808281
560353375
293948124
457096959
537779320
635716166
557149351
146913557
577003160
994907602
530020782
854125612
338052952
955753558
826118073
678145889
386002810
956158394
443196633
156983673
273264153
827781143
867092246
517800678
331215854
875843357
175633026
888823226
649083118
198778140
185328724
156170100
371701064
851325154
250862812
305737923
108459309
835036454
398515241
754749479
575596647
392614856
817097499
395583833
736833003
606470526
836770143
544452430
224680123
824584667
961053458
948535623
364421471
233418197
676723491
854159283
689502272
214292021
561240116
776111637
788839226
351511565
321418832
293876018
988993458
140904448
225714283
563064904
999147380
831599737
676533656
376583070
257363333
849537821
627330881
550460182
691718701
351663474
724861645
872032918
406407232
785472082
343702706
982928078
758868344
898686056
461740091
243559453
547034192
563564668
607592953
931780129
816855699
945170970
127886155
798997132
824884579
550884850
990989498
470478600
133907012
611499871
227529425
298909202
275134261
517382833
158416301
852495933
210401863
804083041
296748187
679728395
221337175
972915250
402209109
318825066
187129985
671068483
846622194
655981802
920514021
469701973
289636753
907022790
761684085
686546104
945498350
275534450
368594700
253639946
640680054
910967371
649903289
315766606
676495364
135446590
929249204
168687176
813863596
655206310
904650562
405336033
680313691
894065452
211248310
793013923
903886693
962917187
908141793
413491174
181658321
273379095
444790303
484063351
638245998
214663424
432110788
537494372
915761143
791354941
854832526
490074719
345737633
852765856
611436340
260611674
593360859
645606465
730988584
887287384
651196231
540999640
415043044
191344642
659470845
943590699
124567987
694864478
537488335
539548709
721696481
818667230
579963193
866388215
860773134
192992978
845268169
566332611
734496656
325572696
435878066
593395323
872875990
114614490
601362557
902309004
889605713
374792362
492456617
334270252
542744738
882231473
808976054
141573687
983356486
328978229
479088334
756691062
267262265
931411706
687619285
276001877
930764359
234952908
502895896
914749950
266541737
537513732
343352459
926413812
180771615
714331137
968276019
681512989
215233868
226785299
672956290
478177753
390256362
284184665
921280555
302478022
100463692
313721600
936203722
576049752
841030801
240551126
408554838
477399189
360585921
633733728
945459971
917202599
866178681
777825914
340408970
284419999
151242408
881074480
248684779
479893280
748524999
910519510
647193375
381013556
747213773
152303909
448438736
223908427
504460902
893538681
614370132
994576510
119318088
169100488
809373797
628056810
387228710
475103880
639265170
170959549
994624881
179964056
150013268
826849623
882601447
761789049
510087143
272196179
103095667
561362978
119141271
520282737
736632595
495861470
589463605
373777834
655165802
382241310
732499342
474414744
814042178
888848888
847543015
308375520
345306699
528135941
214447783
267933268
326478340
880002241
420384743
609687712
298149027
300814289
556801817
751875876
476259451
870499055
231236328
732931925
676115099
434222314
684805697
447816377
227009621
466306256
751800874
360014763
340018618
325302598
834331975
234299876
135305819
783915449
108366353
729359777
939999439
867965035
556911624
267688707
195918246
881799765
497505014
116569274
546413169
681289757
735173718
595934336
808508225
836716997
183747588
338193402
237204485
622040268
439175089
919908136
399290856
541453549
933169218
548762477
950064886
806849511
199579998
697525794
663785534
983440150
295047686
442137286
191426668
756449160
305447126
547511458
789017838
910838916
342603138
864718372
206539045
787105053
418472036
555278940
643881163
512680834
714146384
780442420
849199130
961527121
222783640
805181417
958836678
528112794
304145524
918900803
818968050
843469689
406851679
667602052
470819728
616420632
148947724
997901197
881390002
855170769
311249604
212728931
214214157
933104368
339658131
280916986
446379611
111716851
266022152
977073489
313664399
456616646
696765859
307618567
148468613
612837221
569651100
865974320
932692655
644021765
956426851
445109536
602852730
544275594
829336541
809816028
176914814
354663656
213557787
653062163
952028780
923368155
349581323
369673699
969675232
854759281
174578127
584009049
525659293
476354794
309108823
447918081
777240774
952429132
303905010
211394746
550742048
210152563
967483317
446017285
335237991
850309617
428405446
668665978
574161757
213577140
658052573
765041908
670847227
610349414
262277080
475589928
340178444
418860084
293850537
139119438
451474709
367825093
656867675
672397595
759072269
263066748
250897392
800379832
618225383
142192303
148694400
159076107
909786015
100063040
514127815
630785270
447044768
811084745
310353812
321505610
566201754
375324721
860204016
874018563
749151934
692679625
509658984
264129461
657688857
828818180
382931325
511660001
933602116
930551381
197539240
717499518
418942183
772112176
573663528
442482116
460197395
750394451
243068947
911061425
775336787
487499592
956427076
967654115
455294655
999560180
267785693
670369614
550336301
809750058
574318140
744517795
845733251
521177014
125818863
666243081
326424415
242512268
845898081
596132935
295905588
162693155
445591826
640059989
847722503
920310727
598085836
592676326
505513569
399596368
438640112
306252905
693321124
574361628
619312578
794762456
735700134
401139656
623735126
768750093
138427627
401553901
390429963
799435398
415063325
884429374
237009553
237858682
148810632
105962317
269107864
335873142
955889002
255559070
438833525
866309047
193499765
206718903
922472898
945146664
877971333
975804203
690363404
251102817
962598434
651995485
616355922
844592234
644138030
822254317
549138248
394454960
889740797
596864641
627707310
270423778
870774860
672942936
433530025
860359227
936287695
826352090
805169803
637461352
544037422
301807162
156771939
611599318
816053798
407303543
630345895
868847693
477388316
408430202
409827637
921920202
994695120
346839476
537899205
919904752
903282322
221073681
822413002
437222909
635493722
440142856
249125341
668520480
826067547
821317374
887367594
982739778
222561692
603471198
184482516
740154779
299247331
870880433
848445463
633856013
790928018
317453018
924904266
888377172
217353748
823225004
275699118
328021733
608422815
606506885
257927888
882752133
687988039
423276886
421481065
673001462
986722392
104672050
292563956
802092151
881850407
489358241
457194771
871174219
467850645
731894097
710986174
814650046
226617936
345329457
681088804
759370934
452212706
668035097
554585717
592484745
888245269
841394284
687711218
881691226
515592623
572839211
378473182
226077860
294993134
138363239
468665431
258428660
209990432
243995014
627212668
553850726
856368697
688900023
723161114
276318617
180019594
314754200
621703677
275785175
829073691
923033112
826190710
613909920
682651054
697800530
391292213
264785265
779057366
429614023
286156606
293202631
273482658
152157405
179097890
193617589
812673296
668342145
316226305
106657412
490692503
981537554
349532480
328245923
250970529
520851301
276518659
490855743
172436845
880902306
145017609
365451555
818217162
317462693
254954224
169931317
913873690
372050863
377756905
674765011
929730903
703291346
366439658
426667250
185619083
769642178
534113671
138615749
938961265
292458794
781565204
740138067
856988250
728767460
225917907
517042524
983113908
361428970
199501120
699521631
523672368
257302603
299607124
487787677
762829476
449514277
627043693
154497713
190914350
675590748
725684929
429929019
222170871
896504168
939350113
746238448
314848133
283156387
178374798
222834005
190133326
518809813
465151795
810710583
220674628
529697883
997396884
160999281
509959589
911028091
879391571
398494135
348110402
391653681
568089018
608685897
928440077
420536690
149445302
406099072
966685559
216624735
165652305
406910679
158287288
968046735
264437652
618128168
651083384
791923649
190976842
323634317
199104163
217005250
445881031
662943663
333085838
267010060
115653619
301526514
507823134
959381663
385694448
518076382
N: 17918229
