P: 427990232
8962986
6249895
5122767
1047782
1609084
5487492
1881925
6758174
3085636
1064567
5103342
8275924
8943913
9628456
5978234
4478463
2349447
1890856
6997328
9208914
6150237
3804503
4508427
5821037
8106797
5089629
4273282
1591775
9166078
2502388
6756679
3066668
5686095
5540829
1767925
7157514
1405541
9349774
7515774
2876091
2981395
5913468
4011096
3677655
7599459
1917188
3217866
3732191
4896758
5353136
2971619
9238084
1003562
9107477
9928470
7520861
2192689
7960070
4966218
8849748
2451103
5399099
3179207
2161943
5901341
6750035
9074048
7009475
1682416
3945409
6267853
3344283
7118691
5823266
1459915
2759904
5356262
4425734
3303852
3156738
2860989
1838973
8937001
7813971
7822830
1240834
9388959
5035242
7916561
2924033
4563203
6130596
3299577
4755026
3334224
8956666
9046289
4816372
6513916
5678326
9000405
4879236
2470408
2172260
6771227
8512511
8748159
9849979
6840428
4119412
5273907
6004409
8842949
2043252
2193090
2875053
6777569
2523769
8703044
1021050
4981671
9547351
8055709
5172471
4526879
3492271
9528947
2551769
4236014
7638501
1477427
9316076
4673347
6684392
1929308
7268224
1707852
7381943
9158142
7907242
9630692
2283891
9212298
2952873
2387301
8143490
9530596
4436118
9999205
8614951
8266242
7058209
7326330
2067428
9708769
8769816
1482281
3095834
1362889
8845512
7752723
1260093
3359657
1328945
5441305
8961401
4723882
6859951
2660785
4385190
5714387
5783642
1676283
9438621
4403072
2098839
6370487
7090700
8096650
2105431
5725226
7308690
1870253
7156699
5243252
5428633
9220224
4331352
5235681
7293446
3297882
5949582
5862117
1571358
5164825
3663887
5326559
4582493
5945438
8834833
7727646
2642253
7830998
6171674
8068504
5861126
3191580
8584755
9443458
7287313
4449927
3056319
6275186
6461321
5515759
7631463
6222513
4152037
5025405
7796087
7904752
6991052
1325742
6615544
4650608
8159785
8635105
3923292
2586093
8202508
8203259
9869245
3175715
5655811
2791832
5097758
2237753
7449938
4093984
7305581
4732480
5073631
5110570
3378277
5869239
1679019
7992187
9696190
5042183
8694177
1151608
9044308
5420798
9120354
7558583
5682568
1611363
8349017
2438800
1479628
7463411
9021785
6975147
6452390
8119777
5603308
7364799
9838897
5523599
7311884
3194580
5556192
7120959
3219262
7106637
3824850
7035127
5769862
4767084
1553927
7139814
3285206
8608085
8450102
3878728
8400334
1926335
8122464
7517512
5463815
6523444
2868257
5435300
4418638
9613247
4520906
8905974
6475568
3382797
1482879
2047589
1809596
5108810
6674245
4483149
8720815
5860740
5796260
1155440
7489207
3669242
2623041
3559200
3389093
1933664
9516174
3926705
9576928
9318120
9528271
5255225
1902866
3493106
6909768
9309844
9851973
7895138
1922047
2324400
9331919
2508970
2575131
8971614
7318033
8328548
6346814
5480087
5674347
5101589
7262639
1074329
4700745
4864763
2666830
6832890
3035704
6719188
1871398
5116267
8649631
4070096
2939924
6771459
2797619
6738916
8059808
5319572
4626948
3120270
2308113
5302699
3301748
4381394
5815876
4679310
6010813
9971330
3738002
2677237
2356730
5857875
2857082
6311972
4087563
4687192
6929383
7767555
1456061
1285475
1822084
4524074
1084162
9559797
3880978
1080853
6530232
1373372
8911744
3345479
1259788
1228715
3726804
6872437
5522630
1773145
4097934
2514435
6015092
2714303
3457322
1448688
7530126
1880948
4591262
8985517
7416311
5944616
5641057
2887820
4969998
8904099
9954496
5143786
5371924
9330808
8163309
9658043
1179485
5777278
7563099
8676413
8893156
9271793
1504421
7167100
4283507
N: 09618144
