P: 121113678
630011511
156600378
238998571
134374403
919892970
696173223
289564563
571683419
459042715
283717582
704851425
487799388
946566348
691728957
109094014
623637729
829227356
618871007
868949011
248414419
146718111
679036016
579214077
278297121
838712672
460962578
718209879
272535634
834966837
528817346
284710937
116331461
877783803
962384106
574739732
985237144
592102836
892486142
232226781
689401928
680564424
591189197
771865043
714803274
104581563
262534878
930325268
625196691
947804228
356852807
771724303
132551598
513242526
353957149
451823396
253591589
411761029
528868802
397713232
879581530
236523829
362359156
529535152
942641668
521840201
359186331
607301011
567184712
732404980
715903561
337026696
661791885
275108523
798467480
920988600
374035394
653238514
616697199
657077033
135298212
215691232
194114165
317549155
681923425
286167326
698364446
931872377
958909309
609026131
947250418
939411146
324325753
451571821
703323110
191685706
797641652
107401257
211665887
776647960
642924580
297493646
756594728
287274522
633432154
954311184
516756181
102542713
858451811
514720654
283089819
350547150
717607985
302283820
724748678
882069078
397525130
877796834
105451301
957508680
982798931
995098171
939456744
118450752
601959006
500689404
540416073
572547700
894711607
760597789
221936285
108637809
909386492
945961061
869691290
710163632
891980880
962572355
354793739
685944008
977670961
308016865
692999018
303210393
160848971
404670645
221847785
704454484
379753093
437853473
934182282
395950960
640904561
862702926
401281791
531200659
959079175
313169856
774620069
409344163
416079213
916549725
685933524
952640816
682276958
168260980
627000003
739169766
310223413
204704293
567673045
670618672
764367239
176541925
346988135
837824603
891599581
562364194
665021621
118097627
314371095
292821983
590772723
490208511
518105532
370433734
441766079
727777667
835348946
902903883
141425369
824616991
102537745
440381507
746329666
386854432
988305631
923307835
673569457
999892454
745645419
154328979
301777216
257831360
557338834
639821137
737826139
141402363
594152344
710421052
725429710
404712164
595623361
358357393
230005042
576971152
386927557
658773437
265952156
656326108
501842753
385014579
819010266
543345782
712674558
281714914
215910447
927843983
389226315
944433669
868692665
913217090
441157818
443055342
936657476
884868448
818290770
637741187
219708934
730111055
158703482
869509049
823231456
245942598
736141609
460505283
175086392
604025391
426962132
268851472
399554982
556696105
850215585
747270466
374092233
184072808
334790813
651030882
635956844
933141612
769767063
745272751
835641200
882830217
588758415
528078975
873632732
405749310
353484754
503918680
416997287
747149870
402739088
657825161
717981256
568111160
306069228
578769280
266316285
644482581
750162856
938064144
237319108
300510701
970649627
131703244
283211614
469358025
509495177
110394419
506219384
724279950
480393406
771478311
913854505
268468915
560963444
529778128
571758718
524893050
958858881
300037117
733974543
446093557
516186568
705230142
594054426
423946535
220570749
733963365
128191891
167470351
336773599
322900453
620283466
468533336
918519887
864762956
996735082
571081397
158206439
285501102
488493302
599364642
785226892
936503975
143713562
984474807
825879133
334092457
462279340
592896717
781955067
528980302
201041058
654353190
263137416
866853533
147543513
876927638
288933651
995918144
841405745
923668767
696184600
147030194
225582652
325356899
725614105
825098943
468724729
451957097
969503753
103939761
771458401
642513388
169713607
699018383
260935942
506686725
956709118
403496315
831976808
306137032
234691982
863517611
274298241
275567948
842529703
173357323
458254991
224394390
885458878
742041241
364018973
240262825
265900539
992865895
584896211
250750644
242754579
665380463
392274795
553639386
299340497
418348992
487875912
799015511
417723513
831912759
159058264
999765373
782504888
909545902
417774986
382925571
152495634
276986458
117532349
961564716
100629974
322049751
360223738
618783415
394169598
543322938
874326980
941154350
150847001
211027431
738411965
591932272
821741393
601298317
539564153
434414337
840330635
447996334
332295530
561119823
693163123
379831587
708527165
604082753
305791349
835967829
535856980
180009912
697933783
330036071
261042638
430773244
274491151
504461962
560074565
196668205
626425233
310546048
537405297
912679791
528724771
102701163
321132369
589039380
134132475
348768851
415461477
501272546
440147955
723262845
890675901
741724129
444091079
912092625
162259532
395362256
420591967
747191510
720819267
443400639
932571333
397457667
736326639
367282393
894784457
931363658
873170271
791152681
116637756
738925395
289103058
563213541
407342359
540090133
853306134
809398373
270226659
814607267
992331907
404906605
633879009
885434232
289616497
841592742
935452823
265167674
873492582
431607115
797068881
578510650
349371290
558263676
615063931
405994370
137529736
141701388
839680070
730220711
999104595
282858984
882366499
454757335
521562633
505616772
341616275
672004598
572132069
130566221
531778728
220419848
560624931
987952117
817040362
840371268
903772446
179602107
708646006
668348677
447176035
152873795
209583338
271195119
352415425
700452933
290653822
251743066
169627173
906123614
309409151
728081240
391669774
384753178
115757404
145091453
855365915
870540675
508003808
355611508
838078926
927694664
516206832
120451951
617425013
759945556
558496177
921765085
619870049
322604297
237642323
143756299
548911213
198787862
834389504
748178892
913487627
327984348
573448325
132621334
933898015
831321087
861088499
854429091
911278579
435770122
714689738
633495511
584913520
234595206
333786667
615482625
439857359
374142517
838453582
352353889
790344939
297569478
538215248
154505420
805206975
166305585
789110622
539426869
601830730
695076560
307582912
286526853
330827642
298707411
893017816
855776556
733929820
518818529
373143074
881442775
463441188
136398696
219093916
257822675
903815483
639701280
864166912
107513698
117359855
708287468
398470310
486928201
649636104
433030469
337600925
920961158
878930947
111917883
804031912
956871370
832993938
113486345
958165674
695769639
952495030
707425420
687545923
532578977
489944402
576044564
190193603
814246265
845870033
382227519
570718218
263589496
883634681
762186949
383716803
882850891
896490378
396213919
704349122
753775865
832095985
733610962
757486539
601781069
638535829
613973316
355464949
424370672
849477355
783888540
545511627
177928844
172316347
809911518
642636733
522560054
706538010
586920561
470431091
261376560
747269751
854860048
703625092
426459605
839682491
319834054
102332408
785013883
599286487
128593497
675221589
846766760
461749741
633567279
523692869
648715120
458918678
161343944
509025525
292490235
176036740
887360493
292416037
788323181
465635936
101437928
435989046
620981930
927621367
663174406
979656981
530169243
780476579
624832592
413357217
281858331
101242965
196734278
869791666
422898518
775232862
764631630
103225634
967361481
134131041
476597096
629943605
984676053
652239927
766399804
279319720
986599948
179050128
106449981
271492526
514159119
914561298
957204112
514140184
723647205
911810861
352499878
197498112
875615084
609761375
114650689
476551541
540490198
798962933
827876990
251966190
237153286
529066239
366409401
360171748
548703594
754084559
680755352
741033705
803958390
403591671
770016177
563965190
687577205
144967050
692052519
914444945
311076554
752631957
396119568
488150052
182036028
721942835
763588498
331195889
839853714
383389453
854037217
405176551
789273852
295827705
774483541
743423307
551007239
143964541
558511367
434476648
150045424
831125272
890414080
408734042
790114721
741192219
123950181
189435597
834252013
140723573
637321507
801626964
854976405
376724062
945277289
991189571
229852428
608400989
362993987
544917933
263532805
895528949
532804694
169611751
465093672
840345167
428014856
543641648
556912663
182531185
220552940
581439095
698102097
730262295
570448306
836783328
316924878
283400301
319056814
215298825
458678202
214073556
144448606
811737024
746388623
274471637
518481234
288242802
187480503
535345162
442357065
387147745
772964907
527279774
176445715
549818954
403555790
460643642
536754177
530377213
577530173
514259696
236764513
276679541
139941331
788078911
796813635
953604542
555462282
742579985
655360164
339495017
757089985
961475639
871046373
740194979
930303329
395734861
478975417
513884920
204935391
469903629
368054707
528806094
451003380
795999168
469255906
315517506
870663647
578813774
665084597
377370004
136443579
897739499
623014191
957937338
981097203
869534701
239140785
540798951
856072491
694630393
828028305
256021493
831199804
786376305
601731453
684888169
769216836
349314676
374437868
391626805
774268351
419869307
777964247
212358108
403514615
572334293
973798650
557292972
460579795
344736331
820140722
638326312
784603362
231517560
689733933
503269983
178719668
840874110
953127486
186720225
676048057
842477522
527027990
329983962
578211210
409623183
761594428
661680216
280350822
710323953
418767540
318584360
315143413
228538114
230692870
957148989
109706203
669459566
322342832
264925777
674923724
746399864
744233966
616801863
790892891
646307261
340398980
517155022
104482853
510388879
557831990
163453516
215393912
730093593
518365261
831769238
489857194
618244254
923920119
577330997
679829594
550058979
548270016
484353343
355522789
839320257
261859117
263805741
935763677
583309053
400428074
667014658
217526011
667970104
745251151
571434951
705368389
474160951
743055864
904936879
256431394
582380578
187284527
480587794
358451167
871707217
226884037
801759933
743434681
451421298
207600231
603077354
776975070
842879677
458155664
948578331
189622602
632162652
116173355
659940256
483513420
357658679
321540455
679892575
980859269
656026740
201802038
794597725
129105965
385387204
204344477
452796354
646808128
110669581
122319220
972857940
555840620
758579492
449359299
183411886
370465860
621255512
560699903
347250954
679377726
889606175
979994300
638861608
188312263
271931512
115822070
943881027
472691125
256547437
579063796
810713164
480078224
774403079
602876657
838773830
290214082
168327312
457606462
600500870
615577150
612142339
358228039
324307579
371946347
823084227
109923589
511837456
734397022
622857817
899240284
846073060
163262762
909256509
986575236
588264799
805649614
698198907
370114938
469409266
454328865
965280428
541488798
350347893
964920836
434094619
347452940
408884908
229457781
901529694
405969343
866190247
741230348
313573494
361301339
615095641
809560398
839652959
502657936
177214494
829355552
432955454
302783581
422314366
894376940
975368773
749564337
585225189
958474033
645729490
643220544
824312744
624714871
948060148
304566714
290766066
517008299
672074720
368517034
393240002
435966645
826809692
176830101
496974955
353986782
745980402
996602426
993296916
209219407
597189279
827952387
343944727
260995474
747151959
513113510
990780691
684786638
549861874
838396928
935827053
722401977
893973084
107372543
520290437
129909388
478341873
964139072
708425175
102699492
960985572
790764735
868123271
409314532
598731871
453877875
833440062
910287863
653720101
547818748
413932660
935316614
957988832
572333916
221204691
351786997
867488370
302735196
795206662
275630442
688376533
435046765
382405700
472651589
882376960
147262495
548092856
540476155
398228078
648767542
592044440
907995836
495908978
871783823
772958774
313521544
390768264
556681047
916954481
898772600
791743095
129377573
910420411
548419905
938058831
771200892
775778323
973250151
166657339
636304682
368480091
235855546
431269989
715267399
865348888
785607154
678562749
526621137
743640861
370129207
368087515
931490885
850583939
149609159
965424044
817076418
312117953
838842891
292427638
443243918
622809432
937284825
850567701
409229881
222755431
379800440
921464749
693564686
781326780
374481464
243884872
154594894
560168964
558207826
806917389
561147073
227879807
867763415
614012156
249024663
361753846
827582106
633278697
268618951
257693914
654509923
819116487
911162767
456971925
823211880
261567322
415539791
328021328
837812187
204556026
425241244
961108689
925684205
803610874
651909162
990362534
432475515
597975371
300149599
185637363
133912878
914611727
463790872
864548350
191534733
987166159
736302309
919197211
873363947
366702458
224705272
154176840
889087984
954865283
553357802
142082950
851710832
655777783
358552655
909835258
672135954
958588595
454726126
114128712
675063746
640560492
366284139
780572825
435698608
382648385
860416592
330826450
140832972
312161296
464149883
773569539
190911785
835307514
620706072
721481160
404108801
525442867
897261767
949050534
230307573
148698386
430851330
669749124
414071434
581215244
436630879
266723188
422724634
870671340
727880353
829046520
930519042
172326550
910628762
172758766
660754917
596740849
767884692
844553471
758395513
624043639
144064761
445613914
475004180
365828971
519344084
348550066
106647301
522644940
499917605
108270543
577649774
808027858
883559255
486969788
856935065
834627174
620759142
885499512
268970507
230372103
932426718
786929726
503771198
726929445
509067196
330340690
497665368
376737643
843087486
859260530
695184486
617930992
801688049
747978413
351141602
763090220
515472418
899994624
654272595
121291266
839034026
166908245
261268575
729413869
281070487
925158086
299821462
996094067
271867377
633983950
331979909
218742986
578030935
932725469
260662017
984359808
998606566
227315214
380123892
702832199
568540639
758356686
220535573
709120803
943277693
840055761
703382779
733694008
246248162
717577980
114859118
405432877
828437987
901929619
607061817
873612310
779328845
721648864
955848694
475255941
717603904
880063645
269900550
806554167
837770738
574786901
972472968
577251182
496121033
642510545
969000806
234065040
562545399
921457209
431259695
716027601
890676633
331366912
624013663
590787538
314162965
772846981
870920170
563204271
937906283
304823817
934268762
425146965
347738667
952625381
490901399
561283063
779523546
594605709
128545994
624574938
847196636
434338583
520653997
703435365
669469849
725606762
735558096
105944777
477561353
528688675
136657859
289889898
360263973
501242843
991686346
829677635
144692076
269410738
468244356
682842605
262344486
421705583
929970724
794032872
611234237
205823465
666404886
277865935
731009221
204336293
146774631
976351511
776842312
339562529
119339301
633013504
673871764
624425673
553713962
711110061
987577943
522289237
632168940
630189519
148500327
360200666
949540822
872145588
920493174
500543114
245032055
660472447
691002117
626870967
280625818
740303262
525358519
428682933
918873233
607386260
111232618
192190673
361001892
966489984
556850830
635195521
387182023
803185829
695298391
517780408
232371336
940270903
339961376
648207796
519413963
713089067
771990941
438173482
412147774
173466581
581274332
777186560
596711888
854633781
699807765
797269193
238920481
751710663
402465253
118815472
962033006
953326707
992778845
634953461
594711194
636004263
857815043
175202461
728921899
184939346
209660033
375711027
423920369
393957247
992386832
393208309
400339416
680346496
257198976
169745364
850887577
270244827
125855389
328748659
822603205
678791415
776008021
281381727
388319779
848345582
301396247
759138277
559017279
117047437
272212180
369392053
774817671
105427682
225382072
116733600
674357032
266637244
666642759
228413275
226432088
472153396
600981711
249194168
467816490
463918143
830086150
659832814
349433976
327567751
304656408
682338464
534757801
668125107
164309851
819041622
900362988
553728524
137818969
610567235
837271888
483365104
461083483
261132913
720807272
831230715
130461127
399091507
504017985
798747676
963820995
422875151
372230150
107516946
500178172
361860960
494488519
556955787
380857051
450281395
659556060
925430807
271859422
801368941
805521805
362643139
928740662
265424079
995094220
939181494
100664071
783250867
898880358
142452405
466129756
799946332
349933795
648327963
993352857
951104064
138892742
560181080
893553219
239108046
285906371
711158873
731244132
710209595
924889528
911597720
185943675
215471443
603282363
865484728
208342565
936545729
421644714
192295815
918411805
155621077
627459577
174799070
705912420
112231277
942403153
432610329
263962147
662183309
458187130
470625406
656395171
359819109
803171586
277893472
639963022
182644303
724791713
180662252
994166057
590486361
105436470
490966786
774885125
773613063
501852259
256822911
677859961
605580040
737617287
660511257
368941745
386904206
179742797
216124758
872673543
848315279
231974515
425847278
995517751
811151400
819319650
504091985
926400326
637657159
560777088
921215829
833380595
587914646
138395484
819912394
571722896
525085652
539718057
505633545
685760023
888449740
969408550
369458661
887475536
788327559
258146106
963114525
263392235
962671391
796396369
841137172
704211126
513760226
175883557
338606525
166995046
288853141
236231402
447154342
615521795
840391723
364907523
783484653
995955560
769948882
546800438
238432270
985140933
850016435
879194575
141317423
837503495
755531012
391188545
883770124
957877262
352858810
256136725
291369588
255169073
617381149
190427944
149321995
550624941
446313798
544644973
550527490
906652607
854856827
509450210
975453350
253713753
907988879
897611203
178788965
855569915
336636942
280624958
969621952
543148268
376331644
208722267
181143737
841482346
605054758
130066250
806382438
954574302
419568616
593129673
241417735
359492700
798927749
893999559
722547382
972616239
558563569
288153784
850827016
544555246
367713399
986964416
252988026
347356895
737609922
772929838
675101903
902878871
369039817
680950335
597626325
986185119
855882629
789551201
999546814
789871918
303140497
783724155
895393592
214172245
400975615
730740906
398289706
282546422
641572928
734640961
574390102
646653841
916164485
834701696
689486266
715154238
262494426
750260558
714651035
337361951
531858262
320141498
620377680
173189589
254831329
232495265
511697699
761674978
755378807
529241430
318347506
876243751
597251222
638363713
663525721
333454906
247548781
475521126
781915472
399097339
875381857
370350048
875077586
462584050
638794177
684015549
768122659
448289212
536376683
851473722
563089155
706974304
742603020
434256988
889512112
497217778
718157614
103473228
119563959
382663213
939644207
239257243
428139594
778697311
455948253
787547686
868181817
863937464
664330970
745327737
823753917
888575528
284244803
572258383
756082754
994427284
529300413
939534536
377307895
433107036
394036585
655565578
271480949
587583688
551183236
484943691
856401026
568794788
652986880
253161187
924543752
981048447
184813260
961439995
554843610
483420868
888175842
218171982
920459240
341465410
992243645
425594233
460589530
403434345
351374275
653555238
778818923
564829755
142102402
475506594
219735298
697199068
952640060
304912895
132928450
503675143
610534117
320740116
975482228
142980155
586760390
454419746
805270168
941338333
482737979
767185003
269311841
813108267
827060391
658745728
974748399
574554853
737963515
617852938
571292365
975629235
609337227
593078123
688314888
719101580
888999530
685706309
734619414
891181117
548553676
780132896
830056965
569335929
646579078
391621696
689060691
339004859
967687235
761557918
600088355
472117569
896438485
551728622
188537610
230116937
122433709
413533930
914827136
844818544
952363621
287732478
201706230
930064556
568887199
823214789
309783563
890888700
826719994
172750084
502057021
173543602
999406568
669771651
906077096
664206559
522773468
354237486
541984844
852134585
677555617
534103660
453083179
645920283
505000955
937129082
346520414
162111775
932349627
236613272
611323995
262150574
937613886
427752128
659297636
744347556
190251853
171565902
680610201
778072438
151639913
900384510
187098005
373351572
364935692
786694272
493795753
418996019
431371595
874655160
289099981
708507991
738522901
769527081
625647914
270039779
463279996
746295875
482807091
192204949
312952435
586987216
258174406
321367047
980550487
726329214
766795893
837692120
523126026
266455733
599718606
550722792
777867933
346344845
525620264
552833819
361929603
995228347
162758185
599119680
445778409
102485089
626772402
813992591
249701410
957539333
660175728
452891571
673392444
653481634
784534626
829777141
599097555
290690161
407934630
966140375
572796631
848352556
342598074
815291756
486510059
840742271
312682581
268573047
110472437
364133341
741571285
579392380
585420237
111728097
751303268
325732598
642487889
943038601
184472655
964798158
745743108
919021919
809112629
435556898
979966439
428769664
835943951
461692692
162080827
767655593
527559213
809705889
227267718
548887451
583661826
437740993
868434126
812075854
904558495
541303805
948604976
778934568
106960124
343250193
747357134
426407357
247868535
264716641
493621521
804866359
878037211
413586018
194929647
918302457
427505545
967465457
427638467
329633681
982092164
215096722
293107430
337608587
155007785
432648565
785868372
732143891
517945755
131048697
737618078
378447006
627712574
810156132
446698700
316877543
847887225
351738940
338674712
231724548
451735016
136304625
575484032
374694542
594432255
515647927
657005529
312360082
876286348
821911329
826424459
102052928
947009160
160355669
802499535
176319518
649251595
361121029
755627716
113730380
373855036
707654316
824066878
722393381
524075702
402893653
245400159
945207665
986951647
437500023
374520912
525168079
732364785
750284873
339691613
427313879
685452714
790829011
838440453
336351121
813034927
601850017
615171776
214331989
342863125
189628019
584680795
422541529
160716722
227676870
598889752
223425869
774822226
378180479
957604959
410271337
413902957
160671309
522628402
489072959
614176534
669000610
292415351
307144957
122071335
893265796
406235040
798692435
209100555
476121233
260161632
830027834
947408985
705652720
284406459
427732232
150555416
973814335
953905267
609420783
786821408
431994063
924206766
756502757
440157419
573346542
331343254
202077705
995197063
587635823
307006470
428092251
217165420
656716739
597907972
858842908
111949928
112279698
106131299
264827033
371566594
611027820
848836178
733587808
949922893
940154240
915750482
447958371
650789536
429349945
395974159
299211815
998922472
992839397
825333465
314371678
516605700
909861813
878536181
594978540
460656148
998238428
972246113
908400266
467551323
869094611
787852310
947681602
525826522
173554614
192422465
360813918
941201194
165806752
514317566
840826248
756202000
363594675
430453068
527962382
467136630
862839692
973151424
837812055
975028460
359837335
281915425
736615440
376485598
416354873
742299219
808076603
759268191
204754530
559476271
263733582
719973556
834417996
316822919
566827977
101157971
331579188
329415548
477945013
476901240
582396493
280385198
608408319
798017275
588634396
218111827
304454542
125683700
337891012
508874566
697104309
292173159
372337529
296854817
799219781
552691403
469092448
916170399
576354588
568412958
199482686
862625139
182893246
218025031
994067392
580149053
668809701
259637440
669661350
336758069
148069552
549518468
630117013
810613337
463945482
528872703
547698685
176883323
577088109
493604653
362517641
479931868
726996378
985636549
505714364
732440276
172694920
764290293
536356921
491596278
245437095
762964275
962741071
285660072
241682441
944703843
529319189
332446846
452945267
647828371
312084521
827875992
301930088
282109698
169966047
499066647
757759354
568689433
468104441
265956920
301484189
779585840
354305188
945419802
162555289
970936430
243084391
664690644
417045393
607639357
797158048
340509092
981479145
792459541
114068944
524782882
688394437
947585337
301212472
280017080
766122582
279595778
920945378
753273364
374877947
338639353
356417251
288164453
992220024
265893871
969296528
165760343
210812798
442721160
152991683
936480053
672880648
632416850
750281765
205942420
130010522
866824918
200403313
726266947
633091203
461945689
385994218
433562735
507497137
423619853
900602300
635359018
736129228
910031638
859440290
911660119
599207927
265699439
457855933
712565945
263272789
895418603
246705218
140890442
439078551
294484690
192434375
489427041
998964275
603500829
323412484
784258450
905830117
388692357
589208157
489650788
563128817
649318430
866222523
770750236
562090450
776489477
183233903
243774700
532224620
934167688
305739367
816545018
361167543
781577882
102996853
174044598
109924002
737437937
931526032
103625705
780325766
157378386
721070927
483996955
125594465
352235216
729237707
887662017
344803446
977012799
994610826
503355576
753876732
374970448
310854096
693221100
353820733
866115985
641285489
305595163
102603158
673821411
343583048
156779333
960028946
593848030
322505345
384669379
695778608
536462983
908879111
992192757
142663664
839741321
720792223
808532547
948899778
167497907
458718053
167057723
390381898
762696639
415863445
559916514
795890907
771159501
637640966
561685605
399224506
690880637
505599042
874667024
945960491
573479729
363735596
529431887
692708919
397798653
146880634
968398657
492744545
222931895
299182471
846804670
817847805
858550891
798815365
679695294
669534538
610772382
244868331
928242613
328535705
383170626
352181984
594049424
367427234
414919467
539424342
789747239
209049711
738379709
305431221
562647293
126032588
473733771
518708638
748816299
462640707
872078341
732401102
600924021
463550451
487294238
459319903
123012031
543485016
861603183
500020167
844303528
941705352
790674203
264201966
487942608
385388161
678668613
953670349
939469666
307266102
397116110
385420347
739566419
899617996
615892079
412020234
127389434
175248579
114847410
891964054
489497028
732331779
288153030
938441567
892744586
609508045
212858571
671913648
678563472
164851055
383761818
760061037
650455038
980313222
918892047
897309771
642164055
254802444
537877449
762824552
273750883
824645438
433130448
536186351
242078946
695784732
678272282
622560342
395337808
742650415
196960893
845412984
434620658
650711857
625794223
673880055
943574265
544593797
171409710
764169737
849154007
191386459
226141066
715582166
982884022
383533948
489731530
923274070
346846785
823245778
140265841
395657109
200777823
106535885
712358318
558310708
623545595
316036902
151664503
408191634
833420809
609774185
323768173
580542151
219412266
548102554
549677435
869898000
294861668
635886476
199649992
545408377
653296108
664044468
845278022
643458130
411883134
560757136
177107688
194906578
769362636
350623994
485175368
629611679
913802372
388965606
711443238
752714084
619475822
236863217
709606334
723955233
141543957
906416481
252820772
752782845
752494211
272382163
332336486
592485451
835462371
842631916
617154918
577590707
887999920
928838794
710508858
479112047
236713602
521123199
730957786
341878900
412459903
185703477
134602914
572945640
891323869
854874525
654295200
436483310
927450452
283999019
515054416
677114179
665746213
864705074
235589350
235957887
501498088
907690504
786163463
434602002
878909057
833010949
811834607
193979674
964668874
663780410
974264694
350103028
269480509
146918300
534158595
860560092
237482176
776222792
937745649
118623916
348238676
344724462
640161065
272111640
582299468
437718152
180424839
530867810
804861699
316242595
111906843
431562227
137608189
420083894
698204433
295291884
652991980
926750406
424667017
968843145
522472234
580266305
308492270
742053680
793243924
588340148
929513913
731272574
701303023
385993433
918854007
615204063
149465149
111049669
507255394
377908290
483317580
843648018
145398426
303363553
283945305
654706999
829485008
297618002
345636768
445562143
185466924
352726054
276169231
812446235
944010996
991993187
534358816
472124272
957050230
180768245
202152623
678456493
678728239
813619378
528931391
214459632
607921566
495884442
412533434
493633031
231023308
145610689
379623886
122489600
921345682
909430871
531049738
941885711
155699553
146557546
434808442
885120486
145201979
475985348
601383958
744634799
332885399
404091538
724199405
591905148
143048913
289994017
622525507
338441702
205793652
671604742
703104167
886894307
900371933
716227262
145970937
878484829
353601371
463405264
312924366
160871400
540982011
979530879
325508781
361096117
737347418
222077442
370912101
507352091
910902925
888637287
304207495
933041621
960018582
695439828
179122985
951568831
258720146
395595250
963703834
229584029
897955398
614195139
210552129
401000101
885280491
154371431
897193261
439832050
908812298
540966608
951819867
785465561
419476007
658330432
562831145
773634086
406766332
776814604
273773133
556886524
760137918
771025803
531057419
284202975
635417053
524344497
874515273
124127138
605258473
638297333
878145190
739329196
474674240
239983260
197899136
779337107
999087697
630351659
136373413
245874332
928805747
232695567
583225909
663529777
440202356
180454518
746344979
946068606
613416487
800303924
891740258
393913017
189274732
883907202
750897836
918326829
534055886
355449597
360576513
614017341
856911800
631678602
117463155
154610892
435855551
585874265
161750950
109563985
912320281
999899350
479569637
240786947
316617231
791097489
853682148
791012866
968026533
507405687
962814193
413303407
403005170
848338479
678949391
802174582
258368403
263874942
299498923
603072911
831549199
659281749
141758047
185630817
163586208
484578482
525070120
272400360
998955162
311127476
990410642
965523252
710945512
774676441
573551910
828913371
843777887
396210722
368786976
692452910
410228952
628324568
711242883
997266415
875363434
141590559
118189015
716340915
541185730
530028740
448563944
237556582
376232819
553860397
274528863
506490747
837003948
999743732
469511666
597408958
458898456
908444064
464796224
611095089
908901567
883000346
694602928
712117563
231533530
838713233
753113775
932238844
521370555
155578140
385203502
414848528
257411663
425262635
584878170
724744239
681533063
200402051
379220072
155662158
820458634
700158308
696017767
213250531
191625851
112881492
770634068
607750872
144360375
115576492
175286396
927320237
460115097
160083071
156474163
903670467
854032037
669494287
789620111
420150451
191866136
464382537
339406087
437478712
382837212
398988009
861751924
592274539
198910299
221405731
726119231
553450389
622440475
305899319
999492022
424561326
149770578
340256681
641625878
748369576
180116366
715575181
101576751
473023443
512105551
398018821
170564189
670492032
564875018
535277915
395612629
160131616
751102962
978523130
900247611
106011968
117485555
813446190
938913151
479305077
355776145
133813377
337993343
936820332
633156302
313296189
889630326
224143634
637507744
702923313
949083170
121613031
525155917
410147728
940537235
565366724
524635425
376990900
483446602
510087539
717511217
201001886
214200842
300696033
466632406
275622090
242113603
648902089
494640911
406006830
279093546
766841339
821014142
995941288
469355942
274608707
136037079
793654017
148436425
260387081
559649898
168170708
119362910
705729983
941444236
739581899
496347442
233540090
744889372
610303648
683605312
757902681
638148214
513611057
540678878
200705087
887597263
192611682
120263855
276358646
348194217
488298639
458593623
121608603
943106264
330177750
983731589
809647334
747165349
263647039
589770228
555793043
703595638
138368200
149625529
705986614
673670124
459435203
537495697
971595288
671348632
601468589
882273135
205948163
538925327
217514810
724252616
510152840
994710086
409183000
341026949
582168662
761320217
522308712
121943475
358686577
520403023
843607247
571858292
262720893
388777145
253366851
878987954
318922241
523562253
569545969
768140280
161927885
359774428
750841291
156862497
701177420
147365102
718701498
636625422
492002743
998471233
126316387
183175415
748178739
192336238
397060629
533272839
458958652
150053262
758207923
764489323
679319806
338658810
674507197
974168056
424905598
887730713
432223809
451294199
300834988
791825594
951135418
557872737
244522251
494309994
396517032
795008731
116715678
234308132
665210291
602228318
631773175
551467391
741800707
986088283
929933201
300617617
768700762
321597253
635076976
730722183
902682226
223266416
768677412
204274875
574247553
978006842
734481545
777071926
826985921
325005282
189622765
578720858
975831879
328048387
301955663
317944067
791525344
456609736
235311832
441895942
914556860
350964293
884147291
562623386
832004766
801550998
991244726
929742237
291436955
767615761
673290156
650513747
843695979
498095984
910609795
955529169
519126993
577176203
706318516
982782581
175359011
424872559
480432678
851786587
612843868
973410160
556298604
151049304
172789681
295730811
370090019
317073910
667457183
565382221
265364926
946151367
897101691
758199461
693480812
579983468
880167791
336427815
822004623
127365003
674623911
479210818
756159162
449276079
718752231
851206140
119905838
382606124
548534687
390114030
909089088
780631410
561097393
850215283
116382286
246549834
693116816
858671867
332423148
721226580
306912256
729770329
820685169
398507187
758805247
884583019
234034820
763319645
480241724
389665977
750143663
390544093
374388315
472659340
866894435
195610070
517295843
663509466
386912348
125683974
818364227
833176109
413616155
669892729
102647771
401442686
326478218
768300890
388204607
700968854
869990835
982179297
789362832
680090522
895507699
125554955
686270308
768910475
505770735
464792555
777782903
585753069
471750486
353210642
425054070
508650705
248135220
263574649
262140322
273157907
550136193
177307306
982243917
848267734
192253924
939091919
878213327
657532377
677089737
811329361
324208817
571265555
110609778
826470913
523826986
586166852
181689863
370777847
797873089
553351606
554131371
494908648
989480681
451627259
955503078
403833396
394875908
860607878
185771352
299996834
621128219
269106288
231604605
317266682
516652806
498924170
265423746
717562567
359072824
198157787
448398482
130184461
560212423
794146503
524101695
427368978
143840952
630049030
439652909
804083196
539791616
138477384
854300351
748532933
839888548
753501366
724661531
418426075
512197961
294029891
977227616
428553849
375950726
850276077
249596113
958863488
181746957
523668491
333480449
619057046
459625289
315472371
340805358
670202080
703515928
425834109
302572821
170354618
986482960
574139790
927891375
434670675
486784301
143562455
969316327
581534909
242503815
103972200
357856032
943602221
964490952
452989491
277494258
722196406
119683670
840476745
986759370
357252373
201874825
753373507
857207888
505369942
527512400
929785840
470722401
106510789
277885686
722400688
406314689
516640859
455948331
722632336
649035686
605096690
358166784
179455835
403000060
620999246
876291402
540130311
873343067
862216186
391983446
680503784
334889120
428845832
499512455
792292341
323636842
779019018
231449301
123685025
807099243
394070134
689773047
691831208
577428601
248181185
977114039
860369033
102000402
540217567
594349068
398280275
541502469
744447751
142697596
342059404
917949561
647221987
863949287
869421865
627162486
319985383
873552015
887598510
645468047
458132494
128430720
126189410
495434309
763533278
741269112
796278706
767376431
921473075
174584852
304422520
725634975
375805237
397645742
791996824
125026610
214689926
926910600
998890293
113459667
830152870
482344183
335670895
585937197
442240064
598031721
622546191
693542191
998822299
240712883
914263473
826129241
175172561
541653028
391565452
161502542
274215087
319222581
301586426
202910719
625059536
317170802
263531754
407751310
969403642
681502944
909244008
684407176
337056160
738783463
390093307
380750912
704661649
744849604
271945962
703863197
475506956
505460213
818691592
634968761
605175647
506450442
183429202
759870472
154604373
767089526
148695036
816093750
503275383
292993762
476549068
817394578
743456799
982131251
425397126
727390125
970749315
963821666
375310777
253150774
190680911
101902521
348607709
798006738
922525664
198376355
574509763
643378658
960473807
937937351
705306323
104704027
913548569
527149184
593432477
547173813
503058002
889771687
204247408
967621812
221526218
970909904
761528828
409468915
297824968
964241763
339122385
680740766
580986102
643418763
915542588
337012424
309846623
571606829
579008502
217223670
435147513
308789307
449267998
951483858
102910170
788973611
756782534
862091870
488772588
684466347
733752759
625262833
473352834
807957170
138173177
118757984
359254910
167023165
304554433
453054054
390193254
658015587
543764520
257867567
103288000
535744413
706694910
756144695
209419655
305870240
562309044
574116840
766861266
606453983
188694495
423786924
628516420
806412768
851899636
804628588
478495411
789499691
917176434
720042724
261211027
350994380
245341602
426870598
811567485
750227696
432066879
792489477
119873209
151829052
973393366
234011169
948907619
531315605
660469286
296977860
174316246
583522279
144766019
929433986
162104130
355741020
877359261
662838547
869052073
785567260
187277785
251327274
174785361
954410598
469587627
470511870
345842645
668314113
991564113
578190458
164324832
906106985
783767486
715517976
216394589
976935173
917317115
456850940
403425814
321366368
164633364
515535945
737252952
494352149
598477459
830383034
882252002
448411793
872617925
713621913
270397406
352116926
787899725
278576418
891735653
816470587
879742056
801121445
368711516
743208438
204304099
849924788
634212455
577320028
679827177
647611217
620710809
351100103
562213072
670863732
533162701
295051431
944198299
319105868
574122745
756939540
643925057
186389522
724316110
951863944
242877615
471968622
441199453
198559464
560672755
598195034
165114128
202666717
520671394
834167357
294057627
302475638
255758492
362201839
242471356
157653307
987049311
789537450
746485955
760459719
707074669
613498556
126559074
128940264
984211797
171647026
812704704
195137016
889905154
910092809
646080614
255327099
884547624
120133921
496082292
364706101
637875011
282420087
933197705
577562378
439292344
491482542
808798109
927567558
306321181
570760244
713593737
684783215
618457997
863648540
705348485
509746991
515275097
246485310
495492115
301438670
848512084
169466036
272054661
581845119
965550755
609565133
873169075
423770925
341351320
348493599
107464598
287656150
852506482
121277375
718467837
141218827
126350120
778491797
503826979
666875760
827520788
550144330
770548149
905407458
495322786
362280791
485256231
220416867
210032377
731144683
833804642
900990362
144607247
324235418
797741582
795225599
448099506
413024640
481392237
371834650
242970576
510781893
349404308
656472019
875069575
663998432
104642547
797749104
655829743
222898298
831903773
263993609
464598522
476476855
161634656
350415462
163929345
772342941
850063949
157296006
767550195
786183567
360297960
659463227
931094976
866933047
812083425
166314456
852372306
506537307
388368193
555545257
685773001
476463289
684066427
609259947
336263151
152852250
129688538
143335275
618416092
820167549
515478189
570490897
356061432
375568272
611798736
339496432
679963591
434031181
616903423
870680345
151527740
617849972
626952066
227980678
255627410
659678919
644956168
881403571
229909447
744155000
814530391
560730630
276082580
498547839
810892200
213646978
655517717
463257628
904079232
449329372
330112804
237780949
981168575
994280733
423420766
785702837
706997062
305813318
195152075
433223243
903176383
306226817
576270637
667926552
207501383
128384248
286438682
207434362
594727018
499833519
286035743
350823864
215091752
140175553
789419556
482230415
288771804
623568952
446372120
298548893
777333863
192693459
674538893
663407864
960755979
126673304
488074620
387958002
294754567
682201399
592905755
586393595
928870358
726198117
121789427
979898058
413172042
569946449
833627983
370834844
629342374
879325351
372372552
681579755
589229174
846680897
166153842
716665520
529407967
700071716
455808459
112712814
464675797
599762088
905315629
454581654
693929212
951503967
960337104
108296410
986202497
633374252
542887103
916411293
575068031
808802366
468098691
599350911
955317912
452011971
234117720
750339703
674313691
720681969
683272838
573662028
451528432
195474432
538199348
502402166
614971833
937959356
615870195
737749509
372454943
261148378
734544824
621286586
794482973
949977059
847972823
838483377
525481699
209790409
493380003
397431353
123351203
573406773
962603747
848432243
379130739
206718680
365863509
770348866
193046470
147090756
607625362
659082748
917967801
483196306
141732197
126702010
947514929
836406229
519852489
710621772
366460936
866743205
379851762
629659649
558746230
616758099
713166094
492401616
828207438
520716852
597374697
139040430
952477410
310493385
787051627
233708875
798042781
354588666
376514260
867057343
978218409
616381994
282260338
285897495
236108493
748183081
692945958
726174853
419510090
651261953
529877459
293506591
764957519
656376453
905977396
264101514
696398164
248135680
976737481
404503830
478710459
908292590
523282414
702019184
869942800
765411042
480194375
850719997
154852706
665701113
500048485
313454613
728110651
106149753
531644218
814970623
168880040
488338889
696558296
618866679
937123159
703237293
359294546
696528061
280333441
110975292
184300513
692603738
762721787
400610288
221021492
854554260
195436952
127128601
631406674
978351948
958591431
838298308
250939155
714916380
911047593
504986394
795389444
605775554
408037215
628444425
945912575
971850316
193109455
712380058
772571431
204463455
262307719
670797797
845005896
136579919
790373526
841140143
794869453
326610396
430372102
406116540
469358448
924407876
699665991
597095663
599401417
538776225
199250209
499561276
154398251
644012786
828129710
964483941
621090086
797214225
947996424
176848345
867970387
409282139
278450414
340530674
568328272
219005991
432011770
887970312
573046235
776250161
373297464
856106680
444078900
321920314
739203376
766502170
197548938
338762307
209856343
263665614
837647830
523233204
848799192
134176224
452092124
658652374
237310581
547495870
844196435
977693160
353099959
293292914
637437512
990639693
931089059
865207023
333546196
532555883
567694096
431921157
567345099
926100177
492665222
358960958
869276955
348303939
223265299
932792366
191894642
370461051
864550081
642470596
473435284
645185496
157935320
662043762
223961112
273873950
349695191
139000731
138033312
715115335
270879813
890517548
183792840
999829805
375007219
270582094
386458238
594775930
938197553
158873195
982443764
373659256
456486051
356071425
901333779
640575996
886559015
119339041
284356342
199762121
695280793
163995519
975814892
884157306
180431387
270968536
170383170
484094400
177465224
314220281
376610356
180469960
372659190
812968649
732318062
445767276
969004561
134949918
483880178
669280055
959448268
154218414
161124664
968188164
640837498
483793069
333723626
814127241
871372586
733064490
856696999
593514755
838496157
912096116
870415370
702077552
544309733
534673147
347434766
994500971
163399051
199942102
679266264
256350731
882028418
995556994
374173590
452859879
653977247
561697124
490070863
462551952
975308672
574213778
925352699
777270991
893785520
866023352
573818266
740675702
607277410
110168457
108033779
715715887
585019260
537070866
384386449
582600889
650924976
243984620
902290327
725066700
690956888
107947930
956483770
907050723
950986568
578580585
587557071
404130021
317211582
676486541
904470133
793304591
376494899
980873085
791369539
525205283
415547200
471815499
546109563
350204906
939045308
411840902
835734151
224899819
710182174
617368671
475975008
372058037
299030371
757257516
356185776
592446113
505654802
935941929
563886242
105741483
919177576
725328503
701692623
470245300
444809464
391028662
750967724
267032337
364591119
634667804
660116759
800976969
166788120
867470963
621299745
996601381
570178534
308767750
781455781
617606854
222435677
953748106
346133690
299464433
681013460
800071256
885586947
916631695
902578425
357900704
412539927
401423166
387349211
902288729
989772506
291764058
942342641
184668761
726302489
920453423
253595389
762939372
281921934
687617633
564713904
173946273
345347355
786324860
385151850
964567409
298081753
268186839
572199508
469294071
527814352
968431254
234940155
749239284
333719947
182330310
424344098
157157959
982044947
282416737
292280490
877136643
770184167
983862793
283829352
943357814
793390753
345245573
408969662
374666621
953758648
120834673
442395041
979306935
557551115
415892873
324696429
545208501
403389197
449773866
176551710
120852057
518414685
984262026
938765014
538996167
846250331
822390079
820598605
875553986
176011925
199353760
484345084
455726248
537717240
777149956
106113184
548827109
867097995
419409860
704407293
962259935
900197426
412836055
712482302
819096338
465933102
140963090
164754663
729646806
823359405
916755965
758550015
148362496
986525842
260924734
167624252
600782703
166399663
587036772
223166733
482422966
103542816
489306458
979791439
189574397
324571941
285762480
253629747
544610924
335859381
111177072
427425596
866753768
405700062
287487513
136862125
416566606
275080514
579830925
875369989
343343760
112207493
361644694
982013189
296322190
819746884
345593757
830324950
964770485
334252081
262424545
266584146
184033927
198748477
701203957
438090907
747959513
536882158
551513097
868089121
997534277
364302049
250648961
781537721
629376427
706031727
618611673
182524261
686544887
575080818
814897525
286897665
434880474
487897489
960912967
423591197
881552070
386528681
219313998
270581530
821681224
429756107
732266091
249668168
524287178
919586256
761106476
135244431
484046339
118764936
968899028
162449250
975675693
546736675
787550105
369109536
598171596
706610869
713004880
651531033
871440159
588037940
631520515
616485613
980034936
245312954
389536613
528447506
167400876
724210354
984709859
559093706
215922448
687415126
767942124
533746969
770042766
360844511
952582776
364602580
949469286
363071665
185313463
951011606
855562328
355412296
772170552
158126497
206545686
212319625
852899875
318352155
468343224
535389581
302183018
355492726
220353562
247240723
689370178
521570271
526002622
913616598
339297031
851042315
146370869
619834179
822223056
607638470
147028377
962492843
891696354
295857407
251565630
477349949
918756166
376224287
222140547
592010630
957199868
732159863
551733886
210090354
257457589
597733421
378712546
404394563
560615523
697982646
135407979
527934595
234496505
999124955
646168961
850667001
635037171
223669326
146196198
226261489
172169999
806024204
267779039
543388506
535701960
654564788
331983501
966575211
567553426
930166762
668638042
438864866
776950001
195172741
130866869
210963216
360464776
199612508
881099562
877353837
130057900
929128024
959350445
237764073
375720971
495018382
248536122
475607838
878876446
100050575
888413088
419909588
973139184
390312309
557022046
924818423
311311237
416915169
570653185
284744339
260751026
609468603
159710661
329559669
754046086
103033500
591951657
995197905
605209996
368759123
553913420
453387535
539664887
862158384
613812695
947037658
120281881
872036264
345262145
792160728
995919394
205207917
682108181
486369061
568169635
360820067
227787263
735487810
677020355
185713536
702685597
740578610
663676250
900252188
270466223
198780925
143630937
440892394
488019509
435568789
876894173
255322913
774160648
490448896
298993944
535008085
695105916
210586720
933796729
699067776
313773030
933865053
657813048
866294130
764458368
884423212
685311380
890234787
810808287
161603433
580295450
772004477
284669775
720383521
927238740
593925903
101875600
270090589
206517010
757982364
719662803
829694047
252676449
774321992
710031771
722685257
457399789
436414010
394060113
791176182
737852311
148019765
768646800
609906325
356245408
356813893
515316598
724305145
141878953
935796861
795375812
764127385
211292368
441128702
937977519
986734099
512693190
939537089
526599092
703961633
615510550
749914050
690790660
505697895
409082248
169950320
328833430
213511675
189273408
426683380
560930617
740177663
727890912
961748752
960055366
800269003
448086762
781531936
681464854
791637851
779296666
995216445
578622220
595331281
257995189
965432831
351667266
620592508
837128677
709178649
748780140
682816062
881748335
834588603
145163165
659194520
500126600
321882362
209745922
789057167
855032843
588389328
897795558
848863036
412505439
506816243
126263123
549519343
597411031
659143210
873919327
511553556
163267270
836259086
629631219
373789758
449706974
322837014
897379207
214774443
506545995
303223310
795332589
173338622
490077872
741493851
260573157
278887515
537171760
947961127
319240078
565135628
754849166
452888525
827179321
688778508
738700109
529111485
447379035
647192560
461702039
449159871
395892904
447720172
606467472
909137722
666603144
743527619
487270261
932235486
830999193
637043269
840227856
177956921
468339956
488059058
129311122
663216418
394612603
944923730
378153599
282908213
517959032
702009679
693387610
710177538
101324707
102230073
980418191
703582545
820233400
729243878
139971831
699952314
818318548
284350132
760578609
242347665
904067520
837822962
392226210
275756916
772594439
651874703
795674465
734599292
505692923
475310567
445593482
290616152
284084569
532227030
773203289
324852768
395915873
717992930
130465208
599573399
785449983
418055854
458625103
845108124
853059744
307274336
791957518
186604609
922850441
821862397
964360170
498587353
423156615
675166073
911146037
987447411
226319046
972874703
917886566
811160020
336875650
325076346
753267901
772002705
862443463
664655583
732826321
419054087
296342469
369702357
636741024
542369112
420470908
991168285
479509439
138862558
539727437
681214261
108540855
531382419
502968256
470701830
392424409
147003612
280594825
127790610
759528420
157801231
130770321
363423724
226690619
417313412
427832947
907839501
649396726
886805916
590861285
797971397
157310874
446410365
351719685
318285112
663920057
221153825
932148714
715446213
749667559
932220265
844907768
136741672
921686103
206115860
730730740
838321916
161903705
180404198
502689870
193957625
403737960
253241344
599523697
562706899
489395813
778395666
286986515
278776736
794933946
145993485
584461243
221307485
514524194
950666703
984686944
623760450
320947914
525474536
607247945
450554862
210730624
220228665
580499417
N: 90048403
