P: 489768065
58775782
76242034
81064123
95348708
54348455
39414174
86333739
73374126
39714122
59601505
64355219
37397916
12847521
97790272
27124323
98239848
49659884
25064748
27465604
59392973
26542710
46793573
64383475
96497447
63909631
59274952
95688829
50165300
84617208
84081408
39135078
52469327
64848276
74528321
60897738
59227496
23858435
33723697
33586067
50111210
39812548
63120365
87445382
50112887
99444533
52902699
79617497
94565662
91107766
59680736
55822230
66972142
31512066
82314727
45752341
14214646
47940433
22536890
91881612
33412093
75875214
68614859
46896771
39157783
66554546
52610707
96166896
61993149
27467317
73188777
38297068
62402249
17237556
75620146
99018530
80006672
56958443
60364426
14574125
22777769
33440882
80672096
85513571
85005528
80878401
37077484
57506286
74271765
75268393
63465456
50662522
29747984
13021281
81828655
34961989
52010939
56010228
26125678
57343131
54002621
79900407
44212693
71525699
95116134
41020058
22016298
19220942
23009706
93339569
45295053
12465505
27337042
75000410
76583819
18434878
57352517
26664223
42437511
17221011
56713188
24992687
75529378
55228037
59656238
58121995
19784640
17236463
91180998
91068268
90726664
66557114
13600385
92037244
95185313
20229580
44515232
80785879
41448672
10470640
37244734
27618896
41247840
70111296
73471824
44235022
22135899
10927193
30865575
55763471
49985957
98833365
48823134
18578452
40946539
50312491
59062670
43916003
50783411
10702272
89401973
65065861
14132207
19420829
86068243
71006994
85598833
11937956
80706305
22554060
51365433
28460188
29886697
14263798
85217255
82829948
58358752
45242627
28527244
91066193
24861186
66193967
20184571
30502597
36043009
17728578
68533026
86515302
82500322
71475313
24120972
25732580
18582614
51158833
41749420
40375151
62519609
30518416
59564128
54444070
76139697
46531315
51730398
18115009
36968878
45985485
87016348
45225217
57197772
47472314
17191101
84649087
78530841
72623992
15916113
55031296
84086830
90833448
53507975
18092933
10322934
55096185
18773499
41692768
15246649
57733557
76409885
54867868
65524588
83805542
60711055
49293974
55857934
60562818
30230365
94045884
83072275
33444177
76256395
85574382
34918646
83726366
20821026
54573699
42197672
19255422
54598880
32479204
57134978
66520491
94470795
26989950
61354768
47891706
65184377
75047455
97599250
25911272
86777786
75896970
50947109
93946826
90675631
11348973
84793562
14426892
16710990
16216632
22499913
42462009
99864764
20042779
31555701
89066123
70231934
63679349
55456914
33473976
95765344
75486942
66802056
83782003
13956700
15635577
47570266
79395164
48218420
81234320
42750575
46977986
21222661
56525665
21408367
10560592
71292481
49059636
24530692
16431003
64734452
96968954
45702830
43038888
50458036
24815138
42196108
74857600
57609255
85080891
16845915
55519121
77619979
58481352
14389047
49887899
12419559
81806057
49341156
55935506
74149010
18926538
51973031
91239310
62029974
16097775
87533711
62329848
77226441
69627853
70614778
47977220
12720212
63035695
11558772
67040542
36732227
50576525
10972309
11544973
57564902
80116329
30129999
50263758
41037811
14847095
25988859
76929573
43549693
91193498
61258117
23952091
54778309
61060056
38568699
87367949
69253802
35900060
70279881
53011864
56815697
75258945
37517411
54217182
67065630
87029720
74663124
48156817
97293414
27167057
96862773
37953455
23973936
66420530
17971194
24367166
14483578
26544392
51042728
35071446
88511899
86211369
86641411
56228813
53389973
12395904
75279525
39485188
93568890
37828681
71478733
78634636
26546447
45572490
70548554
17864212
90277053
45848499
13823491
86596279
77762208
69866203
15157757
71048557
24745366
11220738
30538819
15885369
31790073
76536777
60013532
48896663
40613871
50978027
25735950
89087261
23258718
44588810
60855405
42972957
10838015
39475094
87398325
52488123
79977708
81577387
68893996
88756012
70627742
22089388
50935236
47513837
40883259
75698831
69399314
26920461
83589867
63698773
84580476
62379602
76465266
19260388
75514387
18654590
64025573
64487002
63065269
50316727
27193210
87690958
88916866
79983924
20323402
82897258
86898026
55839725
65653666
27317647
46291579
32263472
84076011
92990171
31530248
81415208
74206493
63463842
33487349
12144537
11099359
87912862
82297174
19758635
23531191
93430365
74391359
86867084
21965807
36156172
63704666
66938552
45298156
34867575
76718638
73379542
95302077
47535823
31050847
20399541
54256225
39943424
66776684
40246878
91153722
17694127
15148980
39164379
75212599
34733641
49326007
93481680
48741675
91760324
93190668
89907917
60321995
95444960
36239769
90995127
22830150
67952760
21906874
27063148
35437537
79188246
69181056
67548421
13287683
85989246
95011086
63450774
25009566
18906678
95932540
40426795
87837130
12263063
81745756
86381413
61328293
14206489
21359867
47352127
25497598
71582174
18819170
24647553
60709704
87635524
47945425
47194908
49797117
54612618
64704665
10065268
65632266
29503627
33111534
23864873
85474505
25001936
72825487
11628742
84669356
46313096
78351118
76040616
62194141
47655117
82094144
38947972
56291773
29587791
13601857
79330387
85619900
14766952
96271091
89256459
15255180
44531168
69509180
75039926
20733095
98645369
26626998
58551933
15276832
52820409
12504061
40828079
14062195
63340444
57902630
16286611
96598650
85090351
42466648
45167889
47646128
90838277
60451855
93541234
81929736
69767188
87133599
81119031
62331312
31004142
86555908
49112261
64344913
30258858
75187727
46937835
16864791
51808557
62756222
44094981
73452607
17670092
13229269
77577761
31204505
62905757
41900956
57170065
17714850
13614943
56049227
83497618
26479266
82412780
38887243
64133381
13022070
68942691
97283118
55621852
11285579
42475763
49516037
24529772
17382354
91561361
86467134
57310846
17522903
65189049
48921061
50720991
90689215
92110733
66619788
11599478
85131772
90297516
86835648
37796475
26513834
57295146
18293628
55036679
16969487
12216554
54713148
85049563
90077553
61944584
45081721
75591820
18965460
33634064
58978719
29219762
27504349
76925626
44485021
72939682
33484122
29802377
63609958
55372960
43564232
86601093
28466578
66863734
51511633
79502382
58093449
69046881
63141122
99096558
64315260
77559534
56853953
84666551
58807796
42745046
87070557
55139644
78026558
81179977
66313341
27407227
37199825
71028255
80764679
82843361
37071082
17654018
89530305
67691985
78078536
50947135
94632238
38038998
96689088
67054645
26468426
10908642
60896124
34951001
44252150
64104288
54268670
20510927
89946008
25443628
46456380
52036333
83087197
47189221
88465450
24413026
72828339
66614673
30492659
16421796
82692013
68404588
55942874
93926440
41869438
22913517
61361044
43988728
47498218
56288546
61122342
74723221
73261103
26701484
92840537
47361517
22870766
95800831
33711647
55235274
56229915
70694713
30215987
20485063
51907125
49883250
78765625
15459060
48701397
48414664
11370984
65546707
24058805
59670338
53646781
11425495
87892078
61771825
62684027
80926627
75057911
48993958
19949625
42812288
43182292
26985144
60651228
55000119
22168679
97638915
35047719
96959869
44696940
19823860
23460651
76817594
62623946
85286273
86914296
83527468
83806409
52174966
49556471
39574301
40323491
87638710
32962804
68397600
91420486
42297644
98868693
12349839
80009850
17879653
53314205
64331547
47740649
51744867
55625598
38808002
17896962
31471455
33712083
31570471
54842601
38598731
10883477
56425556
52434292
89980104
59966226
67384368
23040284
31739400
53787660
14772687
70231104
74281088
30361991
87088571
30370684
17480777
52674161
84500432
34253815
55160620
99688720
40377223
66935374
60303245
21310035
13414603
41372476
30320799
32558562
55032752
89422848
40133461
28451804
61583765
74202721
66400758
41142584
31030802
41520505
13444175
56098413
25579562
20608540
89514765
10760264
16223107
93289450
21962571
63124027
12805924
49471519
95033441
58044421
40161209
37375170
50959551
87181677
81714493
72327084
18812207
73727318
18827643
36181720
24978334
71151660
78425950
88515264
91931210
76314763
62659751
25907491
75809882
29859962
36848199
52280590
20863538
55829893
84646962
80125016
50453544
36817723
72464973
13611078
38303457
95259622
85412218
41012587
93708326
90789872
42165075
95950979
39721104
42568510
93470188
70706524
54132428
35314395
26090074
46674320
49712928
38843531
59928272
96112154
56835510
44447178
33417087
70918690
53592814
34476436
37797533
92818706
13454150
11350629
90037304
41981694
65912088
89237466
96763360
62320807
71673471
71859046
87436755
95527532
70953936
53900262
14638397
58593962
19854997
81367561
37597667
80720150
75193970
62277333
32498936
54232499
34626454
39851717
63539094
94879665
14611181
21506605
44056983
35547592
17767576
64186805
85936360
35109002
80462572
67466193
52383132
21504988
76992146
92086915
74495679
27315030
63412726
91628315
58248565
81009797
42933049
10704164
71777035
83713015
84842259
40643352
97873524
12472792
66354143
72792045
52214520
41206068
47327840
49811228
37531823
24436971
28013623
40351826
66252554
14271716
71693502
85028580
39055691
30026676
61482678
17294517
98488302
86743254
66616397
31578219
92903569
87138431
58463673
16674014
49077078
55332679
95728646
92539051
75054991
55043623
68378720
19831006
49096685
18143138
67416420
95426119
66590055
47053356
10690617
29983901
29475833
71535453
17493773
14318517
54944450
20160109
82706202
30531761
34197932
80298558
73895231
81769815
26186586
70455734
65149385
75307619
91109598
61553380
51928635
26282679
22955301
54267758
30519254
49823722
70822393
47570745
46755640
29636881
87583075
58084818
94016401
35516640
26591348
15692342
46066158
51727536
55670018
71522659
17213664
53698070
50931731
38330067
55949400
63306756
81673626
39051549
50851792
28778636
14899699
36936957
55325530
80149712
49332465
49974538
40047969
26191230
55103787
17593992
74757892
61618741
27488577
95654039
39260345
98482151
22142193
42896067
69960372
89466323
83150940
70305513
69188056
47902884
89777344
79102170
20276632
78672699
68343429
41252327
56946976
53762840
73002158
71380775
64348436
12992441
31489934
96525646
96252988
79228014
56411543
56702823
42774125
85894107
81771435
17707525
23813127
85344989
24034468
28200484
34892278
95823662
74343450
23452380
18999559
94324979
83028010
20235749
51177876
35362098
36540979
65325393
39672491
88035305
89533656
93946144
47186772
52023087
61188554
17865866
28396558
85668456
41373418
77180187
15443965
78808367
32392533
86055855
50055726
92478351
16515965
86185924
29937566
90378983
33596655
87307511
81388005
14660166
32065689
45504082
16891646
74554620
59406938
12766447
33215495
66641430
70411950
48762211
97657454
24195410
94606812
14895339
95995218
19437829
79577786
54305872
47408931
66488739
57837944
14980678
41274611
60918605
57307080
10715454
87015990
95722414
91260848
33821722
97167617
47691024
90344228
10044716
11082760
86642707
47652314
79960893
69168689
74319215
23628415
50837019
12683296
13417833
97266748
94871319
82300001
19695500
69829844
62222882
61057035
67685428
44309303
25418746
10349139
29517226
62580228
89001267
47322636
19747655
77729616
73065208
67081328
10734437
64402120
62565901
51166566
83852023
95218086
46106393
52377580
96715259
54317374
45702142
44972916
69835366
21842258
34244495
96898156
68587028
25928091
45799863
59506224
17777815
37692020
22601185
92742530
10859443
83881715
79403764
78640059
99174319
61961196
46903805
94930702
31981440
84840729
53500108
56488719
93474807
28293572
74891655
20148114
97493386
60751776
52596893
20590982
66503700
42895982
99753997
28990075
59822044
62663485
94725173
97612824
53301671
41276341
74330998
68006286
16411658
40451364
21946619
38310005
34520759
56224702
92918709
62382470
90865467
42648459
87461991
65890386
40919482
77533045
60937514
61786110
93620422
73787268
20251873
57681301
13383974
12836863
90479768
42813149
26538957
25940771
51523172
98966786
80541004
27890384
80823189
21558587
28811962
43051193
24330061
65006183
10380161
73471680
42470997
33065404
76777277
31252292
16678899
62980199
69741211
27319645
99409643
46661695
91812821
67528414
61725261
81742480
75648930
47604006
22081171
21298362
46809453
51673402
57946434
12453359
38756525
80063660
23607653
27760221
90256025
82678535
98902229
60053032
17737601
96633730
17616360
59958624
69958276
79747635
48852060
76649806
33796596
45590751
28171953
96496174
43715864
95644527
96061148
86705829
66523424
13547238
25140588
77653461
96114643
74925543
64293464
92069675
95091253
26829399
62985927
21358937
20345004
87495515
69422525
48868484
87347067
49539758
86299706
73715310
20674989
26894419
93097745
60523842
20937447
34057385
67357177
95630659
93112340
95891115
60291865
30641670
79839377
34939675
58005661
38786537
50965369
59911727
68193341
13703740
84306747
40399307
89956725
66942945
24284431
20165991
70500155
22873613
94101688
85549730
44731224
41998258
79378012
26213856
93094727
40815883
66595995
54123963
88418202
92300367
39153614
43053559
62545250
40828624
16890844
23694530
16161761
94427049
35581376
14681288
42386638
53317963
52666287
86824214
70004017
45631625
14241124
48463089
29384083
94599527
72048604
65105974
82171535
42033799
53009741
97308326
22171689
36238690
14403454
76904988
54049379
63722262
78994938
30746728
93348776
66681377
35583330
83175704
24931521
86858574
34506395
59495309
12693985
78742605
36832857
65201541
43070592
70584034
84559415
63002681
81037660
17191646
36796471
78193811
41059806
74965503
55618606
72378139
22287025
11183810
63422736
96023219
62993030
99920993
17792600
15563071
70036412
61081667
21160958
20690962
N: 34982824
