P: 305544428
70255205
77419529
50609648
99123982
29560604
93644359
82836667
75213165
79487550
35870203
15040155
50581203
64274644
75128394
26563931
67169211
82791322
73530650
25315348
40232291
67021294
21214388
69647858
48417770
13516782
15207607
36322441
41398916
98893324
55579393
95369225
38927733
58609833
89096337
36642015
37763971
84649550
65557953
86733850
18059366
32429447
10621725
95120397
77109013
81907956
65570698
20983143
67231003
12646633
68572665
46639395
22891009
41749192
42401133
24490039
84738645
90703284
53391850
85718123
20602597
83011842
40860960
27934199
68354669
24835553
84273345
31500560
25071329
98895253
27521748
86482938
71407093
39133176
33483660
44894217
21557619
59275806
92607528
56690530
94675270
90225881
65661879
73798890
34932138
23343158
93570503
36509931
72205849
82331228
37995928
19239523
12276560
14117462
43153042
28493266
77718648
42138209
78972957
49889654
75161251
36786443
66656415
45545971
69871563
83844697
85815429
67266582
84469478
46310225
70011066
97214731
96374639
12949753
76806229
71421407
78238954
17906611
14870763
95251329
71249683
79305891
18661731
53814725
96354708
67450779
21967212
98743349
78072517
94168156
65902838
31603746
62479947
73041516
85777102
18569950
45485290
32254535
26919071
15599484
61270650
55847303
58935739
58495951
99604175
96992161
49309262
49254662
48851519
73047514
72154950
81460590
17951197
63566593
98676421
24001909
31224189
12368838
25854501
40913064
87365598
90861908
83569656
98699923
11263295
99994333
87088493
16348026
51441076
26501390
72946624
84356615
31284037
10089673
29109862
45001755
30101815
84815527
69360154
72068372
58706065
25817072
18954915
57399692
12538750
44597725
81184756
42467994
84976740
14659734
81549673
73061468
23832993
35171837
15959224
93389233
44073813
68772821
32390788
34085506
93255078
87632515
83541234
33340275
31812323
88452302
15177694
60886817
40055165
58814227
56485025
60237335
85989563
42336823
47466283
16355911
26541029
36824853
73314668
14010972
65403506
53483757
62344299
19338028
28061452
85013671
39160403
58086601
46950050
70111720
37790533
69249437
96754696
28656159
34331853
77403856
41975996
95050166
34951101
80397312
38207647
22799990
61794512
70322483
76254376
49359229
64221106
55115337
64184524
94890766
77350381
37666161
12166365
98084580
11524811
44671843
35070794
77396306
99214866
46334405
31075152
96455341
12828564
45462568
69393394
16784934
80964753
96802924
24703593
45783358
97445574
60125260
68297438
26937764
98510497
44627096
36565422
35625983
69794110
32476847
31348052
98071952
92274575
81404788
94709922
87294999
44387081
88897828
29193622
75174881
93053041
38996772
44235624
81703337
97735555
74969565
40755995
83657083
67768697
44078881
41042181
12820270
90258950
27581691
59988737
51910446
22344857
98882477
32489353
84649217
11017438
84282676
19712174
84727357
68202240
77402268
12472027
21728123
84618157
46894461
99234103
65899998
16508007
89822400
33921341
20305293
65626020
29377710
96625742
55030662
38090192
48502000
72162938
33787113
15505401
11019804
17710599
81591689
90181410
31726313
47508448
31858764
38928713
78349788
24299341
94929031
77432954
71449680
22730037
75548904
12084058
21702030
55637553
37650902
79520262
98343309
34388645
65262717
51430237
23062997
55401768
17614814
27238137
60215283
87672331
50186467
35983166
21029067
14603631
84423431
56842571
77271733
28124137
32228694
42234600
95856331
75530551
10423451
50712958
13230696
45502401
31292040
82294817
44523128
59633849
57061484
38073183
52245714
48426783
71697897
15913844
29171503
60398648
72522459
67099192
83863499
11415388
39201664
56011073
43721980
21065304
10524161
15590290
86171354
61641141
79658258
20127832
68083189
14721294
56195239
71149244
29239594
78218679
15960905
12405289
69717491
69144272
62270849
45618253
17810640
53880889
57324214
35585051
57785877
43568806
29482879
58426002
82955851
82669201
70937646
55267601
91643268
17478890
55021251
52877068
35527042
22159187
81627718
82236186
51307137
67738260
94781382
95544815
97043655
17979370
26786069
98001172
69539597
47123584
70055366
95221912
26220483
93562752
40040306
48167875
44302911
71175461
92012813
50239303
56708760
98977380
83717635
89943283
86163132
48569588
86624598
12982116
67572012
93055016
51774449
32151588
30302411
55436118
11791788
20756282
31352278
91923814
26318395
48614567
70421962
88096032
56159379
51885354
93685574
68999492
78384563
27050241
37589311
87011757
61715965
11312424
64687427
36864446
29802238
59766742
25784941
94875855
88254374
90569303
40987505
43059411
82086012
92199321
50050614
90996967
36400834
26268908
29338229
47583767
80068815
12519712
67499990
35433510
42644130
70815863
55878800
21245342
75487903
91258485
91564474
24579880
74230236
85193117
20554134
68019108
71577492
35428763
29248128
47169603
18059506
75126557
55877757
27759885
24777939
27948171
17938491
26489360
49349655
32434634
82302262
42206752
13517976
25084174
43996791
59927056
38237265
42191413
48022313
36180842
37753123
57077374
13363361
11092712
88963472
21746234
87487268
19839372
74071490
23764555
88286299
33415228
90925756
95055520
35242112
92285036
10476045
47659957
71679867
54888535
44749616
93059713
67246961
26723839
57519365
26192503
26370288
83568709
85241061
56545847
11391773
34512640
48115980
61209231
98166187
71800451
82128801
67775927
42061331
97713421
68542119
69006043
63584264
56376501
96007767
75844124
93788922
83530103
30399878
17375913
87660488
21496503
74058719
26264959
43439670
73330203
22056153
12985595
57877896
62026531
73717714
59517709
92797479
78065542
94962121
53280852
25141874
66540974
99801994
53841853
49807359
51232324
73711497
29705844
95608282
37510448
25415901
83394373
57132332
85352885
36797521
26847073
90801792
11398765
78616007
71610745
63539719
95276059
35233008
66255466
40986443
83862800
33012991
92346029
10191401
71542823
94382006
96988496
34071294
55529529
84439631
32260714
67809372
54730695
66009096
77790067
37046753
84958970
74577227
83190846
77999408
85606317
13972624
70584716
28178065
81927678
21397345
64949833
23648645
60703884
81001092
48619524
66514456
46472209
37626694
23173316
24698044
61336740
80126246
82191432
95910380
74786325
73322071
85453343
55366495
46599433
83577258
56874253
95133576
11349908
60487044
20195367
20494807
45136470
30400422
59799931
45487357
89893978
39789526
17285171
20757529
36663345
38740484
83554125
59291362
47875030
78178683
72198482
13452870
66991687
21970946
68275394
22391517
67659585
66324547
42461315
47741020
47827546
96377048
15684947
30143733
31603477
83907842
69251617
40288868
69050285
95081422
17713951
84497960
55236875
50151053
44824492
22531635
29923606
87163395
75158133
40079269
20813098
60172525
68515490
90843379
62495669
98149553
84893994
11482747
63709715
43614256
33117509
87815757
25453686
12647121
42827426
17933735
57525030
43444680
29464536
26713736
19701675
77058461
47021171
26618019
37387302
55733884
71051004
65791269
50496000
99922821
78406620
12569528
16744353
31251157
28885360
51914035
33755731
35685087
63831501
29802636
32657966
83917970
97692503
38002779
40070107
85052349
65614204
84575034
46626122
24260443
87320413
35749205
33630539
92617768
83678655
71675522
38808860
47100302
55161647
51196167
89385009
17826521
72807231
61207737
72541682
26516234
99257390
83252803
14974176
89633365
21268429
89007252
76996697
26812271
71065151
18694413
35334075
25735506
90854782
57755591
43149460
61479171
29506839
36217820
73462032
47037815
70595216
87893376
50648317
63950328
66716017
24540379
80859256
20245490
85216932
92501931
35705849
75009104
76396384
70409231
28910451
68662751
88848248
40562822
66720181
33381269
33088507
22663647
36938454
29097526
96991690
13112622
25371646
10852841
64717240
32144958
75280879
22053258
44568824
69966971
11938687
20660241
13811396
16035908
32503291
46514778
47413445
45601473
45311662
65542929
62127418
11326355
10823064
80761158
86925623
30635500
85018807
72569252
48215176
20900597
60559565
81926565
64782005
46718391
40737456
38248435
43647464
97631357
45967980
28328991
99474279
10262222
92563743
73660103
48935979
77588862
54547165
88061110
85303773
34157730
56688312
28882005
69517509
98922165
69628243
91252432
13516747
39986147
73346248
21175657
70687230
90726179
22333805
77842735
55682613
98474581
90550482
45333374
35354983
92539231
94371449
11740554
50785468
11618039
61529549
71227990
18639112
90051770
86874040
18219451
24670023
24596400
22646419
68888437
17132183
74454402
85551134
93151995
50554245
28088743
97005455
95853975
60010635
66623400
82336285
12711844
11124586
78334529
79458790
20321508
45345924
79422978
85421960
58338294
44883176
39487863
23911852
92029305
29951451
86815412
39155216
20104344
33033301
15825467
72979803
99136486
64958499
70189234
11069893
81296303
82154869
87391486
65101342
50176702
90941281
11367414
62821691
27252905
22362386
57021487
52661238
48358163
31886867
57514090
73816702
56138780
39672743
60147128
34500009
52714362
75267211
83841930
71781879
89566425
14612443
97398019
17109998
61815120
85859454
84651333
33057320
62180264
56117643
63031951
91197681
88070667
56215797
64142057
24403550
99855060
82480438
53166521
11758306
16022500
54614020
21829918
23526157
95617935
25888310
81773723
23742458
76633585
45382076
26888042
19237188
98542636
14827252
23966129
70007746
26025732
90545879
73154705
44665679
58273495
71653615
16264184
62307662
39416731
26760820
79891104
50162695
67430087
72150560
72525708
52513511
63208901
75668283
84069527
80293939
26865451
87221487
99087428
85043495
98883105
71207276
11156244
41318863
29362017
96675754
12904706
23752862
91808535
72134900
49206865
23026307
80469517
35257362
71146049
12103706
78674400
76222826
89024206
77797935
93648525
26154135
73888637
16722891
90252900
48458802
74634468
76429958
35990515
79762774
27944773
29534468
71596276
94433984
93163885
78485514
76362791
64129214
77872348
45109616
80623469
83190391
88255604
76090635
93490551
72930788
39869118
69329812
87180383
89588886
45574597
70009394
36279302
48733989
44747982
62839404
84381847
98076874
42025644
79420981
70774208
35184581
61701157
49724393
88080488
62857464
29148494
62248608
73513077
47991269
23918054
33915706
72259984
68785254
99888086
42768118
81042463
11893814
87468833
10408431
49156157
27134329
29283912
97629977
26514466
61567681
74152339
36667536
25415798
50419867
24820961
58820274
56378995
70433372
92688475
38991836
52555252
17443690
30583902
87607066
91502318
10461494
93352882
50901013
46190591
86915008
19642646
71683382
76639482
17892774
49839957
96914754
86973453
78957330
12694927
86841615
75488675
58286604
74593289
42166611
98451911
45275068
84347060
86185546
41207197
23451672
45338230
28760864
71279769
85601964
33618596
91456581
69562209
37911188
54880001
72333875
20198944
79317572
58573472
89543796
66663594
62136101
49477810
93747117
14901640
14235635
89722889
93716357
83818122
97071047
72511104
10505027
31692152
48335471
94100655
88332953
17363593
50606398
64006533
86794198
20512647
31053104
54842449
52566745
71290516
24828401
73773178
78871765
30169794
36763010
29704145
47566063
17512347
18598876
15815788
19916984
77312722
45142032
29472712
13094600
70437805
47018950
27398292
81888499
38611635
78755164
99248856
18536176
89210798
34036018
47632712
77089813
54354363
83712390
25490879
13798986
83127344
74420138
29213013
84575627
64262803
24967837
20858312
72289251
82906843
77814494
32406796
12332803
39935236
14947264
58131596
84154612
21586231
30207327
94915640
94638149
20859159
71952853
76905290
28966223
18022574
33297604
69715621
98028679
65558175
11312925
31838412
31715091
82813557
48395973
13305580
23366678
91850523
94889505
62506750
27916275
13735882
52575972
63309676
13893671
93434943
44462517
41076426
50556176
63811456
78588782
79398043
15741714
34109592
62878182
67984115
16726195
61695739
80272085
44029523
88300454
46293303
21488260
91337140
41201123
31807316
80946561
78618096
54390153
11701017
41536834
12897430
32445448
82514114
45637779
73864152
40042168
50377502
54504881
33877778
46004877
39363859
12636486
18186708
52706558
68318238
34911314
56260778
93827710
80331726
23935469
64791206
22909640
81857165
35672252
84465674
85935611
53164595
32338616
69020560
99381809
32520853
41518352
18342770
94732758
45965028
37362263
55318844
22124764
44379603
34284840
95536933
83864822
43104575
44468633
91679803
23107301
38822209
89551291
96016930
80305031
27607681
53318658
42385311
10606309
74392068
80305628
65676705
78069546
84692830
47682322
73408040
28474489
71676189
14808308
38386516
48074448
45784236
60191875
35222408
37400768
41008447
63011009
36381801
28452134
16434373
64593871
64660821
87269013
29529553
19487756
88410547
37788482
18209215
77789604
50269624
67762579
63735801
35837749
70057335
35515791
11057227
66247349
68205076
79658732
17728946
34688410
98533337
40463388
58456631
49739557
79724540
85143622
73889866
31275518
73712265
34388109
62541279
53470979
30061597
33429399
20738109
59225054
16269426
80525679
32583094
33329158
95083129
74513910
85590052
85416028
16641121
46628745
83416855
74745069
71327788
34466556
93747674
30390786
30864396
16995534
86569988
89975269
17826713
31860934
28859394
30024362
65262638
40702057
94993507
34264928
69479743
67538087
50917590
83307300
69361406
96431647
98174525
37581567
76468240
11115011
64226693
34349278
86851203
62846373
96589545
14514745
29260722
99593226
56005971
35735664
75235063
66212330
65275857
34561407
78981168
24469836
30193633
26587998
93887422
89588313
78432815
32165985
31719411
68889047
53171288
99631492
31868984
37201175
72094147
46354863
44033206
19464771
95695853
93732940
35963552
31697916
78956339
12189752
42128395
32942625
34212739
95515197
23243844
45171728
41571876
21808095
54997502
43163314
85435573
12604515
10039953
73878892
48826953
73654623
84230658
27775906
10229738
78614119
65384396
10023069
44618922
79013184
26008947
41905438
41934542
51140817
96758482
28853037
24780936
95228177
57317380
17344527
85664056
19782005
12401897
88771524
49467648
91424893
91039743
20917526
41739446
33086492
27482561
18281241
13688110
59896786
81299392
89437699
59891949
70795402
64956689
51656361
56617457
85704359
45643891
63397394
66236642
66465992
30854992
41968471
19799445
81429075
27137801
24653484
94765686
15655661
37245995
86165821
96871597
65875829
21563742
68228126
86964860
71246575
31337147
63006959
78184052
32799546
37615083
17873563
24219489
90969946
96151279
93923549
76861755
45582544
71564301
18250020
39125720
57305279
36775081
43923283
65715458
65318443
21750736
59228877
60026924
98720389
72874940
10470183
10448308
29113176
85764395
74842266
84224822
76002459
38991001
32800987
67381101
43555707
26648803
76425139
37083591
57452921
37728602
91398590
52984813
29973009
52291250
60118371
65635542
80690698
74798907
30823501
34644502
50200905
36948396
17146366
90088960
21072692
34642042
27366714
36829321
50015993
96545741
42857725
13184826
55714870
15101657
25307487
83989598
19979846
38734467
45123087
65540407
70982476
51549213
57206317
35987547
19025940
15812580
65349271
78483100
54351090
80017791
32473884
86950607
41394365
84098761
38872185
65753748
99408860
12860862
68600782
54693739
27147712
23000301
34879226
50640662
64559465
17388746
27981155
81735977
54714375
17878348
61785078
88451709
93758561
47238690
63804336
81154502
76372139
74391334
81717550
75269980
32966372
70261466
75835228
53134137
14038461
96227372
85678567
38024597
29076022
43546143
74282342
67049018
14401853
11601106
53843853
61650660
82425102
48504504
95507736
48312266
79709720
82157971
19398775
56012103
63249113
39550712
89083019
96674104
84922014
28231626
93536254
89065470
94598881
73354657
68133442
98078392
18754896
72687884
97865490
78313512
44123680
71230178
28931239
64514822
71660339
64438616
29468751
67364456
80611676
26459343
76512132
27026823
32219646
11301923
85527214
91153707
26980081
36391742
11730860
34075122
34444501
35550408
15117918
96371143
20262516
49258921
38563670
28136913
36813758
96836871
97281041
97383333
57820553
90936271
69665657
60035874
19444214
46317119
80858339
88066192
59391889
11516062
14280086
13242311
77521198
48492355
40537648
14506326
19014898
37566126
89675688
34023174
56796386
21928127
67071864
19023467
67297434
73131906
52858220
64146496
82028406
18041839
61745478
91063686
96873458
91413325
93303848
87384252
11403069
37796580
37228247
49716828
99795193
15324671
24665593
59274466
62168855
59322241
31416696
83921719
98818166
95338104
23098337
24074228
65122038
46870433
79346009
14480840
69014097
82969399
84095699
11259938
11481721
97310555
68201931
13228687
92558943
27450809
75074634
84544554
34034118
38184119
82288678
29786000
36645774
36151233
91729211
85155980
81689423
44017782
23129826
74624300
59704989
80320385
10508525
80116836
95248642
28580160
31844844
18384218
39469281
74746710
50437218
10215460
96315563
53706480
34996586
50192452
16977574
91242548
22481504
87879206
32839819
47640187
78162464
58459825
85189495
65525466
N: 51588559
