P: 288535784
11559253
14845374
24228499
87790673
38732108
19755331
90815858
38183952
46265908
28257256
58354435
66317944
22853778
84647417
42339424
42854502
65672703
42029771
28597865
62511740
69406077
96259745
12327872
22440434
34130708
29508074
24180730
37317268
65937289
95100958
60042103
25852340
21395686
25076155
48430812
84929972
45207119
42557987
81904946
58080535
83747606
60715271
66758568
32678074
72506059
47723865
60556188
69727077
84064250
36124842
18203626
51990320
75367741
38983056
42636849
75790993
79127495
54959414
90606773
64170456
47424633
24373925
27052802
91786049
33418094
16466633
64333768
40281866
14234235
11224325
42864178
54817370
15487702
17967642
74040411
42678456
51870986
72832036
40332180
14409542
82595022
45663990
97835423
25639823
20751422
23479780
23553553
98820487
96968324
80695585
24696112
67134005
94992732
19861797
14742725
27575539
72804650
51211963
11588299
98151801
79116116
98605930
70927982
21300647
44495971
74200498
89591774
77987767
56545177
69401343
73192533
34103465
69474480
51055452
36833739
11808140
24640561
28416823
35259360
54152200
72675628
32800033
54542267
74981523
25410920
62070258
28190125
59265251
92575264
70859681
19190309
60676635
47267645
56913280
36713604
55032197
81197343
53210953
26160913
10971173
68120474
21970796
96980197
67577575
78832027
37478978
47462081
25956376
77524303
10140790
80161329
77797070
70865538
41498206
59458812
23225184
28082004
25632078
14113289
67735820
61578675
77021428
47125770
99996556
20131789
74917038
96387350
51424392
84402476
89766324
98758547
20065025
82081930
67192905
83670290
43037326
58743908
51552182
59140276
13962027
76981626
42798917
84017015
78952097
48883338
32719129
27564596
78956967
75020444
67072721
85720500
38969774
72989269
89630006
45885571
31476536
43563855
36712773
72126157
24945681
55801730
89848624
53794438
83740446
71307278
15719997
11776234
36318053
53835759
56545076
28380917
83192892
99179383
30444282
40914259
68214885
40166486
65818274
56871867
41823719
35072473
16027903
56747704
64552827
58018739
54403225
89506789
94447676
71783384
22336899
27570848
49079836
49409497
96017590
89360946
25472921
92563566
81344912
74410232
26278246
11270669
19756987
83553654
44996532
85059672
70713779
54364841
39269165
37831311
57215617
13144591
96098197
83983905
29026248
24600576
87759571
40128353
67336340
26754179
96896390
94190594
47236597
96563931
48300224
18002911
64356623
93901266
30219370
76265930
66027052
93347373
16138476
25748149
83154192
75006143
64525810
76031090
38997659
71755986
81279417
37038248
15728785
66752259
76506538
49129846
82190347
45705740
12686564
29897698
53448894
98092616
16193873
59195097
93435227
27301346
52729611
68024768
28011991
48082392
52570593
51149499
93977722
69637131
91597308
17867659
46966427
34325026
34564128
43065549
17400094
18264027
96637719
50969107
62165652
66241312
40248777
45282352
10555279
32448286
11491616
21102755
96382182
52720766
43097642
32505324
26180387
91954975
32773715
99018067
38797884
36111851
24165583
42742987
15907610
54863819
85496827
31914922
30979225
47355573
39757384
96727267
78000401
76933994
64462622
20181419
88892573
76991525
51591979
22085164
79355177
82748882
25542919
18227902
50465851
90214344
92590168
95839496
99678741
67283768
35521180
45731029
73788114
47103589
57475179
44325303
58707880
35614142
79195988
30657749
16940455
34251287
11347001
87350231
58345073
36957576
28276821
45521256
14355392
92606443
58560134
64077950
26307443
56080510
43642677
82590591
66367096
29408484
24117516
17090306
57422788
26257364
72187959
64327208
55510776
70210124
69020382
49623778
96289623
76718952
63803290
54662659
55201728
80263665
43234738
66366067
79776212
96991870
31635356
87140846
38011119
95807684
70969223
10876070
70429558
10550787
14587800
66930732
69222170
99066102
42150561
64067193
57415371
13649434
86778248
79527740
27346635
59201280
59761430
79293026
85050640
85968219
42330144
97757220
54518676
11852408
96084010
62533448
44488121
14470328
19246326
91850765
21747706
77291829
93793411
73358521
95664409
34105528
50626913
98322953
30562528
71007085
56398506
41388883
97424258
26250286
42032996
28703428
43642776
45831992
41025385
97442104
59034726
71952046
79847716
67562453
49659155
17756694
60234151
48454379
77661858
27210709
51520685
43894172
12115346
33145543
55220125
82538051
99251065
78371484
42512029
70725671
28842785
24317416
43515257
70413883
74684208
16773400
63834278
71233432
78780144
68567615
40775645
27267404
71055547
33605013
81587542
38323499
32527776
63997512
49484789
66402522
64266354
54315760
16011247
16981646
72853407
83678554
91956514
22767375
43815895
84188774
24379902
25016360
11974931
13987962
72232904
10894461
27623140
79338174
75243338
89232055
78331282
50749550
64636603
92952844
39742698
15238451
47397277
79814947
32605930
68035401
45783653
30554584
29589618
70798177
27376122
71542992
58881886
71857512
90247441
90242434
59337416
34285878
30762648
87929146
42774565
89899520
63748059
82535899
56925149
84853369
10027085
83058816
11050340
45860023
15324976
52682152
44072448
39098407
72766009
29771126
73605231
85559559
64021675
60047224
50077858
13710106
84525744
62627145
79946946
67829165
62789042
26289493
84122882
36874595
18430800
86336207
43515012
29600705
86420520
86026521
30875485
69261829
76706271
12139973
69572206
21704398
14321832
23128956
88761812
48565091
38309158
30382897
69585618
55976108
42443401
91989688
11432774
35553698
54775875
30843590
30682741
73055922
10064391
55005277
88983936
27846767
92220777
37280489
57283676
96493111
53075942
31529420
71175293
94137402
33862231
48427184
18373261
62105742
79412897
23891866
30784894
97896037
29740372
41070695
90595252
71155861
68009078
30882587
50687473
51044359
23862148
92898901
27978542
31904416
57856859
59819668
77873124
75637716
39130694
89011994
99748693
13720791
52448326
89709823
22702622
89211456
47940863
69290267
95063108
47443966
86517181
70490412
53455182
75908892
63454833
32728285
81642890
43326183
59918099
90910674
42219278
12966014
37922160
49769872
33332578
30242245
66809759
98181580
24018618
49244334
56720380
10949391
88267414
94027560
66908478
61918460
36382710
96415155
86241078
95979336
61981926
57096462
24678425
71233818
16877035
38196104
32566767
75496088
34556994
86008478
92637334
99652454
86521058
53627442
74903742
29994003
67777175
77782184
69887303
43689492
64731934
75539898
26214793
80368945
52650990
46795382
26567423
60932181
62045328
35309528
26342405
34401005
48676047
58626424
45634485
33404191
46973324
33326408
63947362
99284838
52487035
65872294
46040004
84163387
73540592
38493319
60885788
77683758
15600598
69927102
82630290
63081384
56964113
15649023
99666207
43163166
20022821
66947617
99878840
20637091
12241517
89017643
50004766
39461952
56267809
50138579
63417936
70917497
16622079
18060591
71357327
17461687
90721990
72191307
64959607
95188327
13583826
62933616
59232708
12549826
72672412
69489270
29863455
30024434
85836069
10361266
19224665
61615097
93841612
44569807
38058729
59933405
47129520
71076011
36373332
67871343
25467842
85136114
21207311
96835174
55782271
77245153
88433972
70889546
39786925
69068031
13951771
35753750
11446172
23003746
92757013
40250281
89581357
79203575
45865628
18618684
52079142
23505306
70394628
94754268
60543627
69050745
86022312
86733713
10503444
44755521
14687109
31457195
29043862
34303222
77766710
19521963
81359214
99818444
49850292
47404124
87087828
43841958
60188983
52138616
76792170
12108756
15493089
66229760
86867232
68941513
94310410
82660182
67686458
59330197
53706161
97548495
73587154
24887819
62621565
78251613
72008062
75612415
81000901
16032751
66083468
83958716
78921319
31685729
89811055
87506703
12517691
51760335
67623301
84164523
46141242
81060769
41661932
50392790
17212770
48676735
68861756
50112072
82625189
53492336
43888878
49672434
93038064
82206325
59183026
27093730
75047624
17279825
69626821
75653951
86396612
61441420
55584934
23574694
12314616
69329317
18660352
15901557
73212042
59523981
98713013
34616084
65800719
25455125
10144034
12901395
95347446
62416335
94624033
88364435
65493481
71352960
54519087
32545576
13092953
38973401
57659684
71338168
92383252
55690239
34678665
40726184
37295507
51775537
56001303
79433522
76149593
25512329
69368273
37734354
25590812
32162842
88657723
54058507
93606860
35791856
41497327
72794248
60551738
32139341
74831545
32503313
85547315
77519065
44038241
10048974
87544048
90466230
82577595
61235477
60872986
45039249
14621274
97592151
64554114
86582327
93400601
39314562
38873183
69375849
39223417
97268099
76137284
31992874
65156189
61766572
71246617
14543141
76533759
48843611
53254666
94428022
47023485
95956891
26781624
67851592
76685362
65408708
80748976
44128872
30134530
75615390
91626332
11326387
39507982
65100948
29121502
45309676
57507048
73798444
20979233
61999186
43778869
34800658
62307235
56682010
70032196
52887874
25114888
17183142
33173320
41394421
33853755
76493885
70536366
67286191
61921392
28007067
70231623
26987282
97534361
84479781
16580193
38294495
88309924
11317622
70201088
26744209
40560627
47888071
39350363
61024550
11578232
12228382
74950305
46522878
27155393
17656640
55799444
49592663
12660567
10244999
94694884
97477914
65740346
55394489
51278299
41779955
66562229
54338929
89193129
48794027
62896122
49148876
89342357
63518053
93686416
45398545
34820078
90086319
57534664
92698087
56783051
25310387
41903966
74913420
89476861
53145420
68515462
35384382
31660398
66336629
25245649
41600352
31010339
33086736
23170533
23190087
67841012
87563287
28747747
17366101
33215103
97667730
28381055
15069505
70655879
81748794
30130565
27020837
19086143
24882350
62973167
73581751
16123377
53324732
60579662
95187972
71804700
17870530
27552248
88297840
71752786
68323861
93593279
63788738
21928612
17774201
51858814
69965392
88987634
20222825
38763163
42408070
26631997
49567315
22394809
22844198
88430290
19652027
62535230
32191586
92925601
77938709
36799857
78934693
31381157
92412252
83570396
65358595
70933801
76234315
31093340
84581519
69384856
75029325
40862303
39147541
77528081
24326974
86791518
72651997
24967193
49452456
28494928
49797715
58922072
28083731
13161226
94750426
98536083
18215841
54196727
42315433
58844597
69291695
63913758
47660899
87192436
34366112
63084265
81924845
41094007
27115251
20089102
83296927
86613426
15460669
99581641
48173608
38048731
35624307
85169379
32046931
91964607
19126712
92456041
32300061
59161962
28232845
53275812
75181904
18227959
18822330
86893570
96638589
10657464
35636597
88737534
87816666
80439397
66960568
55600132
95587619
62314319
82792179
50536240
46818248
68113777
70497733
93756629
42996239
94486493
18601992
13181106
76434062
99064081
93422033
21806255
59717274
74019231
69788305
98042737
87596752
25857763
52028790
86331806
20956675
95227245
19373402
50996522
17008459
68023578
24211364
69341718
25059981
24149549
51393602
33784246
27862528
24234864
35397805
31992413
54361261
13306221
83932057
35350063
99553197
56179065
43775038
33066798
45737375
20045211
74719355
61200045
34047160
93548355
26089289
47809247
16547675
27579824
39208617
50874227
48574453
22599180
41568487
18767481
72481229
83370362
10387923
67424502
73740516
69497903
97482932
57314029
83133908
64141067
54652334
67542969
26510962
87206993
60504642
24450919
54941180
65713339
60278902
42324645
48332140
41034881
42656252
16068235
85192659
19888250
34148179
92553017
82881529
55081872
29553262
92000374
53038800
64729318
11166324
77260020
44371796
16614637
96033114
80698282
97116353
46858876
84493143
18087796
82506664
39028167
56526354
54413145
54099651
25110615
73039460
36127224
23443449
57665840
78901481
26614165
62477625
80303307
22358175
37622011
97862897
18763743
36403315
50939884
18730407
57923449
37147036
17701273
21497393
91053460
72737919
31205827
88420970
62208012
16021344
46507635
67568198
24123791
49150069
84430901
50391612
14557419
20585216
98235223
20818020
20252265
17055092
99266947
97949621
84328274
74808514
94944355
95957466
43393868
77682338
22025884
71268202
89548754
80912991
78698145
13032028
19257810
56462167
91936386
46858847
92370982
44300359
80681445
74797799
17023236
56092541
86547483
32154513
40499383
87894229
22372851
42936960
46498601
68417140
58525733
23226783
86613518
67016521
18924675
25112085
71362494
39137106
79760790
61667090
19922350
82890922
15561304
95815687
99132965
56959063
43780917
62291533
14279302
87867744
76702850
47661581
32231907
17595458
39793435
67760328
63008382
52570377
67273340
63796444
72383582
49721044
26049965
85970211
52852997
34374938
89850383
89803849
71374393
38758546
75956407
56870840
36659212
62436857
65434193
59760607
33306627
56312697
76039284
80199743
73445740
25812544
71438837
75213343
15647038
28377892
90669419
70879528
71483480
41819739
98997434
16209050
57611197
70210124
51337696
60661936
38810845
24526782
11952483
21016090
21840338
71614103
63386209
31829924
68573630
40989469
23145297
84955892
35426771
31696840
32929817
66965925
79173191
79058247
76826140
10432066
26475829
97299144
12187329
49778137
26325808
25210286
33739557
26231055
12147878
27184859
46450496
50275786
42299148
87356531
81927070
56228118
88699997
88471172
26238089
51384983
26513954
39552999
97447943
61216524
61292560
73018556
74200941
88605753
46633772
58074469
99916493
23561860
21781275
37422002
34798443
47569089
66195307
73112179
65639207
67139115
26131515
17953712
94322658
38654789
33718244
18432396
19783831
76262990
39051185
34273726
79209049
77492459
75707423
25472377
50117377
21854334
54755695
65573824
59865578
74423645
14076201
55523398
94315978
25280034
84433526
71201723
12534938
47450141
30122437
21547039
86571791
68148073
52749631
65246871
31010414
31446978
41279777
65516905
94828464
81002704
90532241
29848876
47392732
34074980
75302374
94071961
79457663
86318276
54050420
50108857
84481477
37104900
94205133
83983257
42090805
28395550
40396296
17529712
24427558
39890587
73294520
91452992
62673974
44797667
52514761
72682661
27817641
84348617
84789221
81674184
80227054
94048636
49597152
72038558
10842516
88056209
36405612
35039651
69774001
74625054
52967479
32370142
29777800
60603703
26807839
50284061
83565457
98795464
10750051
74556600
44336517
27947800
93580109
93324538
53473798
96639923
69896989
81242164
19410527
40808079
37920960
13041992
70143112
40773064
80954592
38031997
87476518
24621905
33978426
91904939
73668061
57689059
25763237
79648658
16667845
51627811
58189589
64543945
28352061
41339742
28132773
66703394
30062410
72620377
86175881
23753883
17472531
97193479
76245760
22321230
40449619
59118086
87362288
82546071
82925427
54272563
61096760
37253622
13561667
99716625
33803139
96686848
11928039
62684985
13750533
25666365
26201487
84117961
27801440
96260241
97838347
12883877
40701703
48158225
81068617
79409002
69291825
40206970
30594695
29805124
78425151
69063301
20728121
38403587
89877937
99113193
20249043
96669586
72149993
32909398
27576761
85818187
44845346
63365573
62179318
45552096
99934935
46989335
51082394
48916073
57837160
97905765
57437450
12443502
51612414
70367627
64185460
46290909
51018925
52208777
54616150
50380366
96959700
64565402
57481148
25502743
97207328
98014233
11567611
59323384
55815294
44760838
44719692
63634182
51733730
36916205
63372979
13947809
25826585
90868523
14634126
32655549
51026034
79142311
54841180
96324118
36414513
79268604
18080430
88773643
69996136
58303773
59530254
55278840
27825908
98087744
29989821
21396263
87125560
28245694
28768673
38920465
23008636
29391286
24620972
74549389
10702951
34850788
79063790
50740532
88013224
11100451
71057043
40565938
94227186
95644048
32857875
97928881
75874765
79965300
96351159
73271703
61386766
77715577
50959374
20661444
27290782
93460332
97529099
26308929
61799510
12271754
17023104
71564366
53968553
62564088
50774063
68795952
52242478
50036719
17967928
31026938
10511045
22428116
41854947
12886949
78550633
52481571
14470271
83733040
38520863
60960828
99274125
89382473
87683997
62231582
65442462
48621109
20761098
85913149
14323143
73840907
56089361
37802930
87526317
23111598
97588974
50213129
68971211
35578508
60278714
78613814
77193493
77813338
80645744
49682895
51937451
91274344
94606366
92221341
14247679
31016931
91864334
52777650
41309228
69960083
94095710
43376248
30009798
48656426
50051321
97918301
59645544
23288673
21819705
45840189
98458895
70817763
84191319
29110450
74346854
70556472
90171780
93026793
72424926
50021767
98772385
63187997
67448854
28007926
72485685
78156847
28980757
57641865
92761447
36951027
44735180
84971132
49282530
74321912
89887142
94283651
45304075
14369054
80529219
57495220
67164090
96501681
36841341
66668261
61256542
53793562
11292508
62201359
77986968
58497805
61189131
80366709
21890629
19030984
43533530
92808549
90798392
98151779
69154813
64235178
47783667
33708787
21295531
67570099
37331432
53643862
61458583
29632210
68969610
63045001
93728470
85340011
64605866
23187830
21297741
22263260
93539737
80933205
93189675
84765396
44818073
19629241
59476224
59941231
21745813
40141970
42327695
55756519
19172823
45559467
86634229
97144622
54459877
76021554
58619187
46307860
50129877
58115872
44417842
88136938
35304472
75432853
46806165
25700523
69952007
61167494
16439261
38270884
99216463
89817814
86605480
15156577
88566893
83611948
11490682
20283803
N: 04569940
