P: 828445301
618569
585501
688679
775720
720928
629787
100449
467340
320146
254392
869948
969116
254281
760016
763741
713193
925801
249394
278390
376848
509668
832672
731132
809998
111785
942423
625992
298161
694385
303368
885233
727220
338046
215902
949979
259481
380605
435547
223083
582358
354698
595230
767365
795436
643447
969947
816809
354864
187789
429426
978555
470661
405107
983239
306031
710292
666782
577689
524532
186854
484283
447599
700479
424755
553709
697302
615353
110932
519023
435440
146935
480318
871351
480967
127460
423842
722108
146717
263240
554851
118040
952177
839869
695944
640239
986878
158605
462637
743113
670104
804240
823162
812648
421822
536622
541686
576725
347010
377748
155275
289531
646126
600285
521951
567720
952423
802130
614564
413678
643937
205624
114919
874178
162770
629792
371006
229611
263542
934181
276943
716388
270366
179678
339885
128268
682141
110071
336959
775022
486398
786952
656108
756718
491849
176828
853149
274306
131170
884852
181966
669779
372233
627072
567652
783238
830805
677239
737746
565529
633101
446543
681475
928423
998716
671448
991230
128731
186299
177557
367604
462657
915789
118908
878449
992503
939869
924851
217754
757315
214445
406221
640939
968256
144082
875910
394771
975999
946735
593342
269757
931679
505987
692602
459511
179248
182826
182715
498621
409142
150325
480033
700885
309818
538252
394131
426068
933545
219137
696722
954334
426009
941054
454739
194436
319719
191911
961281
454228
635033
933460
309038
734585
329713
826017
186231
124491
840174
978953
331025
903483
404077
140886
246029
570959
228450
993023
989575
138428
816751
589362
374546
366571
990489
262256
425886
166661
806851
687639
674903
865439
857680
129919
309651
503374
933943
592586
549460
317300
368278
585351
134645
210542
513412
813089
579285
344544
905119
466604
368507
597863
145169
572624
434326
802975
381108
541715
990649
322057
490710
363252
926803
326741
798721
552352
458905
702436
114172
206967
784240
159903
808251
116821
687954
690556
863460
850823
383971
N: 67504753
