P: 598986404
135984962
590646227
341531939
131388169
333596267
672734095
503552721
859925174
399042744
725031471
735760292
924516349
669197265
387958605
419494032
155138526
497321128
679735538
935535256
216052267
281192658
765252934
932030707
723397222
642826923
197711105
336801004
975762777
303231986
439085576
562694323
629455326
966251181
406040582
302050664
684739226
511753339
633577156
438727649
347625247
416255084
888589947
533671254
858574570
994411897
186335854
902735443
654989407
586199382
195849346
412010649
824468569
346204121
267655432
653011689
449712259
382994020
552831131
386926132
385672765
801488735
734606012
940535754
947071592
182119667
229870737
191505615
748623744
362021425
162131560
506052604
746830816
464546043
688644468
225523591
925985693
810544078
988318877
205116893
717800663
473722552
750409829
321342115
687420167
660700626
603966358
313877588
836811330
737389721
363622221
372448550
938317773
654310464
819269211
705576515
483547163
623849193
645617951
691790263
354093879
617185399
400792674
731229311
377181681
264689137
286826769
710399962
492751847
105619790
823204998
257021726
854478851
241224310
595372006
582594210
844291652
636841688
337476088
454887284
269543116
875257407
535578595
114087169
711368330
311968273
576217481
254362873
774052990
289017991
437268438
927338045
134329183
600202206
891780015
171870466
700727102
188052135
975453905
632697166
775742016
918346624
290085901
788268267
783438896
593579087
309242984
414218318
868481873
719951111
215519697
146287471
994503617
524920742
645160824
260192835
379690785
331105922
703643902
987048249
270418417
762974742
406471040
993475410
851041591
940905539
970556321
125607015
604645893
477500897
698535527
427291032
997463481
656210785
571709936
388250224
526259968
533126438
532557927
323383321
880113000
809637482
198372391
869197589
129813947
715466049
859065820
294686930
590747388
810646628
663874057
519976021
876593454
907721100
871957953
871992979
548375821
927700907
883999394
877150624
855134148
702923939
127718581
842061994
369165876
555840975
865939524
732965256
342224225
537008111
264482806
108946325
285989661
613513723
907620613
239068909
429036677
324807217
201521861
441769118
924972783
445865780
978755788
274999438
777475829
949593374
274628958
291526627
166487202
786481615
654973306
833230521
199158537
306591295
255392834
994849443
710233905
337200861
496229075
211899065
905953369
821566405
887022759
208916061
265449980
343339535
192362122
731947546
223521579
361501065
609180148
315197512
752986336
104530000
175501062
687672650
548334418
212474948
153621411
428520219
398837951
118387714
788565542
412884294
270976025
303144467
674914852
640020994
177259370
779156471
618230412
680707293
717718860
313461218
723083430
475272312
256351716
552858994
591630935
508431061
953862299
113237940
990984896
291397803
946618072
549561483
708135497
980584795
437756802
795302834
164728772
717506490
547449765
912783388
375190139
589024950
150062141
119754256
968282049
967391095
439940755
726095340
299915009
651907022
908685403
966837648
878038986
716224999
888447575
505218394
649727704
332281813
948730206
717229546
809933590
747743598
114023880
387789757
609983215
723053073
680769094
994159215
887783478
181193014
400838366
937878931
922558669
524471496
348905296
484879635
652866214
840726689
882243634
280288610
421030030
563626441
371360488
440405350
630774139
942792311
740969224
226744304
780021127
144895631
487758752
815808011
212862006
266861802
332657185
918768034
456364995
442118640
983092631
139107927
538353473
100314515
284629286
494285664
753366314
699265698
822347521
655636880
103931584
383443626
394372235
213495489
847901552
106300878
111865844
702829836
719651346
843591619
134064614
275124599
630501335
804586316
240263250
963962689
586993230
421087781
242296835
813822730
241635645
589180411
745868788
940297934
249089198
914018615
577478272
306188008
166240588
905550687
833080425
966314873
494643878
304925423
807707865
784423615
903022088
371306517
396168757
707974260
824224618
807355215
858736513
956251769
395631704
513029105
982031733
887730307
431551472
497224967
771624291
297170092
294812986
152753549
115105941
252368542
823223099
100484910
285754248
939222357
335410933
182335768
671175990
661825578
154276846
884806029
354961318
178586457
530679469
828809393
212742537
190751917
106663483
789310120
623964052
553671560
120872049
741565340
556413638
439328558
143920429
145963346
779055433
179884648
955806225
453115389
715081305
754851584
915005354
724808905
921699386
101140486
485239241
715395894
130553752
519995619
294313238
721202505
196805799
820524731
998426094
672797029
612546182
653404184
149053571
887092415
505050912
529533180
838674513
610273403
854348615
560796797
391974428
290909489
535503569
642206906
948711166
812227814
588773024
177471967
157515146
833854462
232269197
820584675
318195128
541641581
564766825
928908999
136308835
899854096
204173159
761507902
781593480
363996928
324938225
133312930
613191651
812603505
568971093
489250216
750842080
867250310
390367027
679582549
535877397
217235954
832312760
822322612
248171542
473990972
291390839
497134957
839795078
250257120
861993062
953162078
168372767
744719538
281102300
764871799
583173926
117566298
472718559
237935171
956613109
306511021
880070803
251660435
660965143
857301733
967130007
201949845
992090461
838906102
247012663
364170274
839054544
326116794
744898153
306185945
802080802
396513537
753412672
913389385
260437945
619511643
130845710
446824301
159432002
959818258
267833355
628362569
838030620
263927921
484761185
967889538
577913437
595383496
422482073
122336927
270027836
778524040
791423083
646950909
224641198
163132982
215913552
671243015
953302558
788968321
168608059
696498262
173304688
424530938
678884972
594961468
323396280
943315410
424066951
541226274
731793664
768903996
871611095
754834026
332775782
703372893
697011492
706940256
717273595
573248400
292689826
148515171
284138661
207330345
923363175
208327850
467753442
968769586
151319569
635703747
431726652
881620308
384587896
757042315
567770634
130868216
539300894
774892704
593818079
939422488
945127574
246803839
740127563
507927524
855029288
842359542
113303957
747267828
388138819
434847994
556561396
252260923
826520458
676645084
377293213
810703897
364684971
610509940
726814066
314473471
871811572
963674526
902541183
570738307
852170424
568301934
424144835
562841477
638440207
959124185
356910545
831571508
438289521
932712336
323829822
623655256
442594747
252765678
850814526
455908028
241180455
742332343
768135328
702651390
235254997
422810930
445942966
634030738
863944872
110501318
708921016
221122304
729736268
232820080
266686540
725558063
480412362
752999031
222629280
812424452
273999793
464380163
826723971
682082949
645986476
818074111
884946248
693325541
869348032
255979738
709120120
328811776
917374401
838162026
315472373
742185945
373914017
720586965
498786147
155150882
474012230
983665650
421346344
326183618
146027207
498466453
493439572
543359518
415174700
863939632
886223050
173759381
879693726
482998061
946248421
322708753
387192011
585698712
570458507
395613423
433033066
224005934
743697225
265252409
110150399
261070860
207613448
205316154
472420050
962576110
392064041
979043436
508197871
756901383
705470969
552768195
813467808
316756783
771653493
960714444
102107130
775283613
846678607
924953441
116289497
409111789
896633196
827505252
496015724
404302442
516009097
162615242
243863672
253343209
686296261
806430166
288553286
758237355
198023159
534613422
758305389
845018234
951340209
902976214
593528292
157005423
212593099
708719853
129556647
750769498
373512671
818561878
508898237
229247210
705463364
524316477
609023488
326485403
367904661
440837950
364750114
136479732
851201485
607979058
458460286
318103558
909162156
892412944
600697776
153944061
738806244
104966431
690363265
471318002
423188075
913023101
842485751
500795814
717156627
417645854
230364247
183470445
853743352
535458017
917443586
517378576
575788264
593891655
380472734
219446468
273064082
487853240
234155035
862634819
254293347
251604001
108121391
658319327
752111960
701995520
341835629
176780013
678934789
752147113
153759060
492107578
965898389
957392775
108546298
626043244
722004429
907584350
512465127
427043341
975893012
417692078
174994679
212885703
977645652
229092216
949226082
970816937
161696111
925533124
699860223
698985284
821757558
144340014
738312484
560358807
480732241
436355995
188088762
678723422
166741650
704345519
282487789
385893571
631350340
626038308
651787293
535786882
120613097
234188048
586953837
963700276
658105538
857418848
166064877
398283217
510191260
979427782
889570658
873610444
501986604
992242331
459378918
546086512
659404981
909004177
737471471
797516593
835193441
145316054
212538775
715202321
160338261
276820262
337867826
265388757
806216233
704907107
308778044
690081832
776406609
357037527
665587705
494487271
965342723
453592067
532149586
659578770
242103780
985345698
275739786
139109165
911723661
642545411
142955436
747947447
816445518
818767783
837583170
112292398
198027003
121931746
184568984
262177686
174025124
359452737
908322647
623248275
711376770
919268857
562969379
227635561
250138593
338419607
580739603
785433936
649166692
307852978
220422139
450773396
373655525
938714001
649085326
131290665
721309140
489836870
340048540
822106863
583975292
117872781
620931534
832313403
781888672
653811163
464253457
143671089
881186463
247923760
880075323
131531092
394110690
347447620
308677396
625487835
133907301
818077303
546674699
164124325
468455861
395949438
459719145
185512457
778780106
838853306
282653800
284964825
197362503
641012292
671262291
606592763
540870020
408015079
564294475
545914284
523029621
105650877
968892906
922484769
561799993
191448719
974574177
779780136
669184053
715100273
791440169
303199981
835399187
987558425
893056996
841245376
502216523
593875145
704029022
816252920
750107037
804341127
603182999
504985373
601873834
955195522
718850576
347419980
415450779
910925587
369159343
383689771
636342249
869365195
428011027
508930896
686885436
986925759
588003512
873483769
530156927
497164723
737835787
410335416
178845289
452619258
964150410
822990309
332091913
581500512
532094398
232315995
778982076
565844425
286925786
522536167
371234909
100118438
527514348
923847406
892392708
255549101
808285089
224294430
393309340
557089721
850542662
379252625
628204252
916742046
682452660
105655674
549369048
492712071
884194276
277866008
909329392
663825348
538045615
936414504
919947605
470528799
867073484
741771400
426415350
713114250
804314979
234038482
238244058
220212703
559526164
379035643
589716117
808664500
591578156
663066153
548366711
100490037
927993963
780084245
448312552
945046274
317361665
816790696
150091350
590083567
714427174
491293700
175364930
676174767
963817630
674203797
385950272
121207063
740136189
946017475
545193368
143061191
598843667
721279772
316472338
270531476
637883733
846546843
524451713
874728450
863413260
437636026
748497796
143077763
945094958
770684614
940568772
120858133
627554065
812046872
143136035
112898229
422935489
254437758
312841279
681331772
979800327
141718314
995942537
113330689
389606651
302445081
209286185
496804541
754853835
428915607
975205757
743844637
644820420
984635514
475807381
969637011
263721301
614953516
601014429
714277178
453434395
575987036
771451751
329260356
987009992
725986171
169871078
764192877
987951820
867789457
319013549
823183340
317694360
129310967
534326063
430673508
133277447
498067810
849669833
339932810
753635179
396047511
714353485
323418436
711812768
275305085
866362827
714886973
106724289
166227822
266243329
289639973
448096217
205048824
127763535
393560779
571957653
968233063
719243050
710963489
612433846
230992253
513460251
179281988
856671114
461070403
470680518
820606725
669664274
209108485
518744421
988640048
524657018
301279165
497028286
282567911
699950333
159136492
361264476
527646023
193389360
793410758
890256790
376037369
390381771
166196841
149147230
636738627
996742211
466902503
916114521
959824934
551181852
227963946
904101148
285870241
262319798
561851211
536224400
627291574
296253075
603440526
459883972
509975327
629475891
688552587
798220518
217429998
914568012
647094718
476153687
275257803
774248346
628524725
242250025
171321182
328235581
852311080
827357733
529714114
717625016
585705082
328922851
199071071
768449745
571565761
873160801
809596797
848320700
166632084
462221909
233452997
925815856
827567611
654335747
319007728
467431119
108669142
885176696
640356248
420082549
520771423
420114498
342413213
222441636
823152010
132856830
881799060
883019929
317582532
611590539
855933167
330368829
668023514
524423215
261314368
138548605
534899599
154977715
570089205
212028790
865281625
599636290
771600510
886311087
969681080
248636866
537505388
354484467
978265678
461491941
116679334
605364331
408964825
808429672
579449194
789218548
950410529
323294446
634816355
672028681
284694217
974417135
270047240
877592046
814814727
453951314
690129327
479886018
833273809
526837412
131425455
949817019
345093789
451831341
734437327
646268874
837318492
566481972
486837512
996372615
962259086
373720528
948151124
581578228
605476076
984069977
609456044
713673185
947425331
973109140
988013852
200740547
198264731
934933185
381665113
852329728
722848666
281056091
933390952
519804715
873087585
716432185
690282973
934781689
905614584
848494301
332269697
553807170
453589510
272919133
602365099
840408844
201772745
913921137
263209585
691145462
199052301
163355529
269342103
769955392
764383493
908645093
725989118
730238674
464373163
441863695
362606823
895762923
742226449
576875434
319027488
572047733
566091967
658432088
804743543
345641364
889634968
612941964
603396070
830737967
771336114
209127098
288294154
960103595
680456549
718835237
187170008
608068377
753787198
101125790
905396505
971745470
986828808
584561666
733284708
155678135
704103726
197542213
486038293
895397784
487043122
488098490
525996603
547623027
811852070
766066925
550979464
594240663
516746823
378405413
152513458
121231306
756675686
779859686
225901700
543102436
670169701
548384331
359458902
125862860
320335432
485668675
441537072
944400286
780258516
993502734
574199872
569350277
976140056
939469628
106371890
831303831
763398925
635695356
170557050
634876528
391019429
793415879
102133719
810890059
257473940
208397361
395201841
181589630
306446127
825165980
147316474
365788310
745828826
882256562
754034002
417760602
525398927
696527919
373954385
965463128
348430707
104257153
539500056
278449980
774147434
308257408
501648602
158661343
158851623
292105161
410635384
910345554
586552838
990584109
153432225
295908748
994303655
647906127
432764072
409628961
738682421
959008493
427108796
791460687
410899096
437537471
702828053
508820886
135917062
642032211
289840939
191683064
399489556
954827330
549007106
684183477
812161528
384036816
864502258
231323904
984588842
743425164
403444033
492173279
754070606
900019843
212450221
754160724
785636495
313884063
678526556
218192031
444596092
771009468
425608556
523878339
626631189
886396623
769514297
227156074
953385461
570512181
762944011
976225564
943350081
101820272
785603740
460685772
177733784
498979425
212603159
259172618
525785450
180717024
373319613
280083276
780003550
508159064
106168917
146753422
147480496
738725314
862262165
489884616
930351856
514355055
130662688
355561598
890041540
805772462
103509215
485725904
964746363
866555944
951433558
363172029
441020566
916002040
293933789
835643580
193261571
123188925
919643025
905128249
568021481
580103145
926750481
477692745
481538370
313709944
382428454
102986816
429793617
903796934
466932275
436092573
530193033
574523943
660318571
362950391
664679551
254762995
329489848
542097800
836184498
486012473
860008020
980373320
288913301
362615059
897858346
159961067
114914467
639876665
410449214
868278890
316283571
760650188
241988776
300253838
246641889
906384745
527923121
859851190
753707820
179106292
526365679
104532628
439530821
466598067
162624471
906007984
177566701
337440086
807954765
616007222
492515099
921699918
789633490
516690837
657108638
763812456
808771159
902948119
672363732
690123429
321133944
170769219
830207024
788355864
990936864
552009919
858390331
646112083
752544272
650930422
696017948
403178172
829973541
171335585
222785615
973871109
387923138
545524679
116972469
877835840
776497605
742247121
677389443
974607570
391276924
924916190
237307000
128550406
857585235
406756553
588322049
116358599
547600949
166651817
462411413
685315378
362814602
747986083
471179482
848360303
749106659
461684694
598755981
268095970
943687103
435911785
923098954
170486040
203243995
543499898
945203309
804908366
373770142
317461333
171143190
785741601
870943917
827692961
715955015
510639492
151067373
780076688
880295304
898317425
892210816
940717891
708225052
998623791
859646433
879170675
428222077
105324389
854901500
673933766
295647609
600373111
332179093
523731400
793361739
525614726
161008732
232330294
720992939
606260415
562077321
601499855
320156881
841338232
362275945
573352025
570703762
178809046
219416931
986281308
560344681
611957922
809141884
977639585
700960266
946936633
424654015
906612097
348805125
538141461
545823026
355617279
849470906
288589592
524663857
845818815
999743473
487539642
724658473
462097499
819123255
832292722
197041819
175866773
683685570
587475665
918924546
861767725
427120639
698527849
730926244
385138701
524054026
934495322
395388849
744375270
633795345
847079839
205371885
526226073
692152469
966109597
769329616
362260123
488538072
868727844
399603188
296586507
156367581
335479492
136512178
699480484
840191197
772249589
348837598
164896420
591186003
791119266
380743069
432582657
834979360
770567001
906564102
965832879
903197535
399539995
527602725
626799737
596266615
463233367
752734024
148309729
977066571
909842668
818301017
360222062
517134443
684338518
673675816
710165495
327812440
511311933
548820089
493927974
581731683
960828152
812705796
151266976
147824705
716409405
662417189
206464854
333222409
386074186
391165142
995612894
296075827
595846585
765267875
566290483
521711551
935677907
431244387
793158612
495148933
552741441
273719570
437212968
509158629
242221990
640353050
993932560
260092724
740256320
448200951
896582738
532844078
546637871
194566783
391969367
193582323
900493204
844605019
583063912
335790723
730544571
954561042
888129396
322592688
846807138
331123400
456408209
169460106
807843640
737711651
109250623
424739081
220183912
791445577
721076181
147158198
235551555
433777875
227996995
776369722
409914652
579891844
735865993
212408903
468134446
996629663
107234591
891050506
635236908
365791513
730049584
316765589
399437557
963175504
578762380
867057042
259329718
339691740
178161475
770889071
783594738
923118162
979535516
352280228
992215022
770571657
468913164
292351572
893282742
818508870
182635831
199453232
605117420
946647957
730924544
263472179
848889821
279143434
472371611
629556208
248198024
659487305
680942785
739672440
315261312
885494704
306189231
477632901
325446680
181470712
198552160
249012226
634483332
463585455
301695904
446726537
593014483
564291181
944073541
133840451
267375931
533724611
540553154
414414263
291008452
888483203
783931965
346616707
347811761
513984490
751309240
732155560
533492458
800134979
630920929
230610532
667836573
303020812
241908562
514685471
584036442
427567368
834825089
248187566
720376829
373598325
504040852
697285420
121562169
317683324
392776744
909372131
925584740
320168389
486973480
295567213
702631519
601125792
391851833
668713255
893568958
369535126
412780657
891356235
647947963
168229927
419544520
654663669
274941629
162993029
133111620
954883531
926589169
372932386
240903456
148301466
524806342
694328843
579077313
708387339
156589919
679824959
924610284
482630245
500338516
635968792
868566302
180066182
705311100
371473926
171833766
562947404
719891354
312345199
874029824
813632408
871981890
639095798
222572381
564294655
609488447
199519405
939531120
773613968
517626349
967409532
460602383
627130368
326742092
773724093
234815327
756366708
806537764
882412964
815644993
935142462
252089490
817197630
905508638
606039398
934018408
965175039
355603793
669681521
874594638
134674199
785535422
243817502
967780934
146769248
241919036
293516829
493096985
963345939
767209719
611183891
525871893
339140016
460408525
594392360
541014036
220124124
569343687
530317881
489622680
391089022
864019685
402672917
448798011
709363029
578573653
315264069
129830690
547688968
464673166
549179041
869592715
117813003
161373538
296660295
475831699
886113821
211023853
675484829
970016997
667230533
184639694
698765920
972422262
824393886
661633170
333213527
324809792
199698135
693279628
997355260
928387738
810477667
589003472
996370099
153490188
165153879
515303045
993775701
658289387
465870821
286136593
615010363
150942164
339798424
919776710
457534865
937559755
328796773
148622551
290589235
416739716
472494833
349392632
406907408
550277085
604474433
349225669
347820902
689757464
290701292
460151617
317639441
851282209
113878330
218665089
425701994
471745115
103139881
534362517
396735564
747396952
742078974
390473248
705345810
120884957
499991570
343829635
249016927
598573886
699358789
800919575
343501307
498806970
912887634
719474135
962351095
758147322
299458206
512173081
115637503
480982781
923720136
384001081
173225287
442651163
400850659
747906489
751412435
462599762
955432596
696148291
929248417
843828676
984996330
750452997
621988412
279316665
511411930
348184529
303613659
628507597
646478511
237253487
162416752
218536520
354755316
641358714
919118073
340649954
390820581
172854915
322350457
399959674
378926711
669050579
321849087
680710702
315102193
553471845
569484421
443995118
784607226
116278082
554623383
676830727
642904299
331148780
408233031
835586849
293573516
975789270
872443274
147021837
414805579
982710503
815226475
979597160
796980900
439037802
158288204
218572590
925644249
913366955
864399957
224046490
272246419
298302328
642741841
531347071
246165518
829452291
591369240
196340390
993536999
609067894
577130764
112683356
665523195
804158934
613162323
331653174
158550482
747991078
892339150
426966172
680662701
356620113
701876979
228479931
183938626
506161187
785748423
864764522
851652304
284514456
891040429
815288167
258748664
469834465
974928965
577385990
884961878
170787313
783587305
298003394
256564653
562115408
398465814
993288703
220588045
841843197
801611234
692001872
193426970
779567329
541528392
865342574
343551844
852273324
236162895
246603518
476577229
228366187
531085854
801216946
479060443
323801015
110481302
841097513
344521416
537399157
660256890
315520861
395836006
197326540
794598936
964902523
313983635
101199785
985979976
646244655
699340773
590716339
287276483
598329678
519855371
450277671
156396795
817420898
808715227
861041380
892871753
285790105
736537423
409081577
979349874
287670642
630949123
202921093
692535410
359614579
878434402
157815305
401228197
361636935
316014980
354704099
673437101
734835212
645252970
936378219
660576956
694194077
495248712
401799506
235356682
605518724
340441272
367797318
605576604
813611326
588461794
314799392
395493428
719832556
900994850
105963907
426680808
116136350
359510553
164121037
526089503
529297378
247519656
527948612
451496197
475385025
408226882
205188733
627192251
449921021
618488663
756148832
108116287
798465793
932210652
372337294
999068935
383064627
762598797
708090276
333393783
438574769
485941360
910160205
612740847
437465427
762693885
653297681
621195417
661146321
496873906
632174788
705074531
417500676
850517396
827887882
107792516
439140810
906832057
299779419
951993730
568433129
230667099
973246378
870541615
131538517
347676561
869649152
736762468
929805672
566266232
828299893
586507622
413994553
996155292
407897342
826564594
797586769
824958282
356774907
450429287
889704129
760990157
893939207
208966889
699395015
492795529
343737967
815450247
804189350
475339099
201702743
206415375
627305505
346297288
821823524
132567371
750395897
870281539
756801929
329347545
213937138
529750912
165555028
301688723
288567054
639689310
894989096
380016658
726154079
850205303
869046785
716963149
540838463
400328486
912279162
292830921
232137715
899919656
520361191
394733429
382135943
461852898
838626110
345671689
967011215
152695986
431245330
166387302
972580853
931431187
707139735
154616574
635433623
432261577
269897207
989762818
310961464
643372702
679284749
996852956
148323677
842377663
456976075
810128706
728613315
243180149
267311154
924291948
836735673
363271738
112434917
678268035
271595494
650561634
808681234
481448468
922531943
800479952
442264823
599535482
895005920
317268765
229373325
259219700
430247033
766666318
554716281
594394020
799867602
198505840
231587507
106014193
506144775
862172937
674111130
987315516
736407505
424827186
884798318
635490535
893765236
731943631
338341286
343030495
653300345
681664529
619645078
524498930
524622426
444887168
797878921
191818093
824221408
424712300
370101876
652765201
532075997
175637536
962028132
709603219
523641709
503211247
744566609
856342044
327396596
234581741
857151657
999980133
366474476
570631422
469945463
991937233
158370291
270996011
860049401
117875020
406734311
165798882
851518632
602963149
326506205
770409099
453249707
333201687
509518324
204074382
250928467
995352224
774903950
374696211
364793885
514726261
542573859
647493272
498039233
883689859
946983872
738343995
901195685
554745715
872349516
256556123
588693569
230231588
685785354
540603820
383891171
899084721
397919493
834847501
565822558
772213141
129170685
671472577
364434247
735001873
582344649
217166834
319701196
349959746
853579768
256024382
191251216
418563066
215400262
426330914
437029151
103315817
464538317
266710137
502713956
637079629
464248812
453236191
641256426
976202065
236449586
268603463
421142541
946608404
954718912
235042608
318977099
102640049
827660956
618926666
522130307
470296717
687075390
163836156
729870082
673059291
942926011
245945361
859833062
266089145
407137125
244096264
280410422
877294527
150954235
137145571
169557535
190381557
154939441
111050314
262830005
453318557
282586500
273470070
201616975
589069803
279579193
308115957
467936498
461077037
113163539
831053919
970121456
210203197
820023278
453029076
694553501
312895638
413512015
891189300
980709587
220357513
257166861
917807887
847062099
673575383
553785971
494977503
753232681
722885411
863473084
541265695
455241425
194378771
219524399
487616054
504367910
466375967
371083773
604959509
206504062
215949526
766254892
925276703
105075065
941232819
980319462
480752094
403273764
846902308
119443231
648166488
981078408
970828283
403509570
568448708
776438881
906803282
562877985
218543274
451523571
812348083
140585434
972049637
816629020
553428685
749434337
314406347
742303931
691822942
314471051
384110326
148817303
790534049
372583814
635847013
706538037
532624121
509810349
897248867
136574200
614539150
994459540
713778987
754412097
635989989
744060334
234978803
985417857
386737665
458401304
130165297
288282238
718778670
332106282
442213934
557661079
820360181
626022110
524737067
584883037
359449020
466021202
798603371
553516120
845735150
836266364
976191339
111532919
509119769
148884971
483941600
729171437
248877641
198749430
350312071
753954819
316158215
748405466
780815865
143054066
691989934
520548658
389762967
927894439
733116050
100870955
766581948
615187947
565700657
154834226
977172844
629194444
488857941
574402440
373063031
661805078
941438795
287307654
352748229
443333481
499235081
277800880
713663331
824975408
981671058
132407585
711114797
239924999
103599579
133089412
469364073
803413701
428210897
403439176
235542841
370180934
498032558
163228193
699612146
641056145
387701831
465723305
945230336
279121547
625835350
624968119
534165893
857128488
270944785
158064185
952906734
212490683
949501948
615502536
492720615
769225329
791478099
821098341
629794283
980365150
635832788
185422103
254538946
418916469
890795562
113509571
938384214
566115173
492241596
262518558
841190603
835847251
616975133
532996389
790531246
508018699
721007848
643583545
160397221
206036078
999991107
189608821
273179476
685800938
455738078
323709051
924564465
899445806
684854810
167914069
810965074
425488901
693386187
553659733
471511399
396109846
999020825
887578045
318252798
612765335
690792407
853339596
588978186
780325030
966572393
717194416
282123784
579488806
131869612
863023333
879628217
205146116
336712700
727925725
624890958
369234740
416071875
823106795
874678227
131848669
987252411
600108999
913379077
657243652
941686659
143257191
138331301
589865123
457970307
696473182
880395139
548500830
182359392
658251906
325819859
197411397
438675460
477777768
245292196
494321085
735442174
160858487
548216646
409470794
481278298
942966366
477470994
483858503
818743905
415089371
430364749
352643796
564959668
491740363
951569909
931933136
907705208
510300912
336269735
999285877
133177507
904373171
406699677
561732273
920740721
261741859
970104638
800912041
492880136
666678007
656164061
574200342
213865989
287692447
464233716
899033667
783229261
588686275
721040209
160243791
905198319
658805111
453476517
879027352
977493965
703514226
602487258
969482199
731814861
196672409
890359477
788165481
316301424
463245530
483901175
454020370
564248222
883438122
537520182
970698298
311265573
835501829
285627030
524786918
838521657
447646911
506089339
624188497
382816074
127180916
129136280
886959125
587817419
341806247
582548590
905254718
156389225
841764493
705455440
585022097
734226060
583697624
597123188
764697783
139968036
688076048
820839703
975508680
179109483
685042962
145896071
509450415
618453374
973574221
274367643
318972032
154291416
134455252
699642545
338652422
554223156
755735847
235497807
654210196
218717828
339003902
713655510
881407940
878815192
933684736
670713483
158619266
215040709
653427276
480760242
280105682
910087203
861244661
166734511
298595837
998524411
765458100
121209110
348373075
969122200
420860811
801869825
473149106
290363470
444618041
164179810
940590023
366783014
983910207
495746651
855405173
341504441
626065707
932753901
273708964
209644990
534211004
957015795
131048802
216049238
778190930
570451578
359821275
937120085
702824320
329859389
269512129
170093052
434930159
883933502
934749237
499044854
506528791
345782758
264569855
954803307
954657898
906576593
501522482
376738500
703203802
617345701
416358568
269294478
224793452
855969968
180844588
941193184
239770069
204122583
658484108
636061538
577511075
822791933
157401212
437590454
303817313
468336864
299684351
811648816
326978260
816231038
820791081
249977571
676729574
753221212
775826359
358363569
564925139
817590489
790213904
833756596
576468463
526199743
705636171
731441331
721606067
411701441
878948480
113082077
439580126
555695516
767704010
705877330
415873137
914541802
844248550
412151026
394894704
742908608
653738047
898160053
396265540
712431363
393336767
498051565
345792412
477482929
335461381
676333849
996843430
797196943
737924525
420377103
423390844
693356247
755895732
438739769
538050388
159662067
791915479
347285175
206321757
691189978
726765328
468794910
164486590
909242371
922671946
449707918
666109187
234897250
658551834
828164797
691248166
698890290
769829751
175509066
261109618
524630484
264491699
275035230
586174049
111151156
660509325
385429770
815089007
183829293
685130345
469318913
121120292
337740881
391062622
268740550
681772085
571395653
558796269
136311176
374952868
543792188
473847742
460646272
110196689
429133031
275089669
738249346
444081520
720247329
197736911
406539689
825052927
866382270
528723675
446204239
433000525
777183004
807616980
407813294
394478415
436225082
444896350
778057561
156478836
449426638
403017959
739578421
456242144
269840824
699406875
954925717
501493268
978122121
166343750
532629851
685871883
251766533
799406229
952217258
230127068
807557257
604016700
603035572
289383233
701514704
901386679
152893251
153332083
714765001
703840662
766666324
265637058
404621273
967749233
174586504
181969403
183493634
167264929
616203986
308982870
692890334
206831333
701118194
476975969
116520250
307765328
402727422
401628874
742088727
660241501
381191409
422660485
676076801
116741432
143651648
262658367
599918479
112465344
518750317
846310625
491148527
619516983
410350126
302238286
704192042
876952166
614928892
117943436
446271798
617741340
614783674
725626428
480326418
515416661
231051673
306841171
229887724
383531893
424912698
403854440
737151545
108379064
785524264
218017413
370195678
342117646
664829491
460350780
862106102
750346865
599598100
165046070
778213921
402374906
299997891
579700976
997197250
932516193
520196818
506509192
752927713
217582734
702622211
595412530
988259753
718940793
997961267
828568690
117095956
847591285
227284466
638934978
759604693
240231183
967650582
514011684
110250382
868494093
933525356
934297618
881044472
606882965
984624165
894545031
733614559
945802765
962572771
516800443
225098549
568733708
817024562
166265612
596331662
361301847
508353864
781545497
553855645
588772411
566677978
247447652
225173669
475013950
753004345
605456302
305693150
264119769
448012975
641389115
802079237
173164187
529078570
223248698
497254428
626293949
627492979
176876869
553756240
349290864
258329565
437467223
682980756
857866639
867014139
203697217
778833308
974214273
602421561
293800620
620070900
485885216
791405741
532261283
792404024
502868994
794016013
865948645
961956580
208725343
898206155
636745173
776626078
219463848
474682188
651911171
673372643
394205004
578234871
400013430
206031424
855043245
140826581
907715410
465705996
619786802
416660069
658662973
221275247
834365412
476737720
510751382
434902660
577904666
394872633
601921045
826496488
867059750
863086934
420498277
295197508
370728537
241248150
411608836
916625284
847325501
604135575
166177008
154648766
668319755
502930922
792721470
723978676
925261709
579698712
293519108
136731493
308350057
500094974
869706089
503896401
709611772
601643816
838819824
132847231
983397251
560627917
688850977
177559344
782045435
984380215
440920053
174796974
393759901
374521836
195989202
631903079
440271250
483782448
789634759
909374645
214418178
391282416
741064395
175639348
169132665
256100187
141164265
277378268
981250083
626180096
624043367
485854305
608524262
920383103
705219173
303500925
142860355
487911811
392511244
717377749
919341076
142373027
474547521
430921317
735006768
575343260
450345325
176306965
671830829
517160285
404160931
963230307
316103489
174727842
227845091
492372164
303843961
417373143
225819230
972464534
513276989
381583170
664058435
681636714
183954742
460042651
606328343
637376419
161819917
898461381
345719492
801423553
525580491
916881971
407635108
383188516
707991344
110162303
869379711
758768770
662380881
168078326
390276193
886890384
538889301
767537473
700299398
638879714
942640914
415613028
201973789
834313660
769967251
492652881
433067191
538069082
583927616
325996715
397321855
796571675
108571542
964148088
276725455
885833238
514826299
531073011
913355050
196524547
774087565
522531181
357843164
272762043
629239693
525608426
236256832
160312734
992711858
722374327
696348457
302894452
163575534
852525537
405379218
721832341
477699054
266560172
171582894
679964793
195977522
162154448
734442859
797755493
628106719
614979093
521952538
341551892
529922567
917514072
860587249
292785446
791364533
785639692
577658083
373175059
130830430
119259109
732056758
354073645
129232487
383102086
144700171
202455173
277085896
604969518
789736669
714054380
344151920
840992623
722808553
481869561
351174074
738514167
925049545
887703335
370701872
906096791
675332223
581212828
425971285
828931173
187659815
393166063
140939200
830701683
493617389
466592407
543518671
756169116
741563018
428047723
391943714
194977304
801355675
656187104
623209240
237350105
147816914
945756075
275578899
512269749
881133179
335987163
398243883
489085135
501808500
107493681
903257575
204498459
878780546
395331459
875742821
357035641
114171397
257801857
430998416
740466193
422048059
681264409
897224817
710250253
767962550
267850426
857509303
885780042
567132267
497735371
544077288
746260097
412718786
820051164
804394945
878776042
713913317
731255472
418158104
550865787
580432742
287419121
791940213
867515144
887156733
694828741
998703496
123756893
649603007
840682528
311774086
340223045
336218551
592233849
813427489
399016246
989559012
224544025
369203780
515912217
350013855
628504741
626620435
139811564
335424951
901185144
593643509
654677817
676321176
331091507
694333560
826543951
158326969
356067489
150650252
242437604
740985441
939866832
548051504
718436179
738608205
239956225
150458695
915141053
601334311
746666898
168582664
669025851
692949959
437845212
171967932
638831930
360917522
509341658
994931786
949984307
532048263
425909304
246368187
156766860
828868548
760018310
492661977
807518393
272350929
208189303
852568533
820688831
462393392
839632802
938381623
499965996
139987906
321356325
879371250
213895408
610992071
814323904
223249860
122351194
286151110
914995450
439160062
352889547
861840920
862030926
879706138
267680481
985349783
251490991
727264252
802986851
724779989
275543108
952243256
595108787
256152519
624319804
400128397
136913677
573303521
203706170
445198645
803078192
120234392
580739665
365245748
461330350
594464920
717755660
278693512
964366477
718759797
549443781
960604822
939737407
148706733
688022529
804148929
471766756
351410869
779559517
847085901
309550139
805166517
314761361
339596069
484630172
622292666
879469600
152260568
513316431
625855962
756093512
265559987
495481815
799915125
497834056
402956177
557885187
407359110
549408498
778642558
362346063
737674793
516731699
148970682
144915594
407401850
246940221
617985222
431407201
107089593
297126935
399953279
620126428
384872133
573302944
436904307
445098253
912772989
568403639
460532109
985162376
369270559
913386800
982585314
606685180
997225255
563079135
837160166
603618409
976429745
633604768
820194872
467229681
419301094
913070033
148763152
661494013
938949036
570970013
182060127
353787999
104953301
525200984
913813909
538927358
918878253
244623688
705981370
162028902
341722420
892694987
828792220
942740859
494420002
112998661
482596712
685986771
574031985
142662507
951433253
710668224
678286429
874638985
937307973
526840453
279006577
310058218
435301556
707859856
235884804
545168614
874461658
393672889
275257170
821685557
303431502
618438476
549788684
763649460
934052031
674988015
862949950
119527330
686509778
713714432
294462756
927462191
571182389
914703531
375832906
436555822
453393202
736764370
799256856
571620544
545547053
642624591
649338298
244420627
229639070
263402331
611163208
786575739
989443836
113649786
971921788
790164145
163292291
169086508
585076584
478650313
868945681
905341017
319032477
588125833
780787689
436361625
397096305
474432096
980473106
921100662
295149207
210571179
574967686
668461670
250425402
689016366
281920232
252318028
423150012
128658295
902064652
640093949
965744910
310089753
720217592
778593197
186167503
196301321
182335191
263485025
667397602
222046254
376187881
455396093
142165606
262334615
820534762
203332520
104457213
264419237
432026620
759777957
645059544
139797027
380640534
555985061
713033461
886462195
755845671
719845935
503281024
226093424
632373835
935538408
421200602
965574411
434426485
503136156
744028505
508880511
956865618
457088284
746469198
849308564
576648297
109459772
713065296
163063063
664612230
647996342
167257785
696446970
601296911
431392078
641399334
692077554
888679671
829272452
103063390
848725605
885168508
622899377
475667393
757539181
508376197
361196240
692418070
525149458
181114652
933936825
171144336
529009661
399904508
731804899
872511290
374924599
429157388
249979881
330455233
604841796
601002073
740356283
537838109
501973303
621163065
160211183
950891985
650036358
778699575
241380566
823232108
722579756
387331133
124958581
477173094
104658733
275792179
567221576
247006310
209154464
921644647
692430680
291851197
436173382
514979847
226726856
199549723
506524724
432941697
541766222
685914445
411778600
424432192
906467541
693642923
106846328
624411146
853046653
125723320
848376430
341365957
244629995
580719721
801123997
660743449
172208746
216661284
407980149
728834765
782748311
473842527
434731536
888710410
926050134
404846321
587750710
694752736
739020158
289014970
314845909
621590357
916532054
602947110
331573397
931321443
440781968
496555063
916568971
440858736
682568405
620063544
182662518
130893672
363495018
618807931
360515759
499531207
371857085
293095824
992102829
552675212
780890081
259184106
589339416
162768342
101536593
342612968
667863926
809061068
372922076
922019172
942031906
358670842
364578619
631228342
633947404
837380991
905550872
762884206
828132456
860498314
930986973
899678711
374115116
627759393
162842653
533376777
781565018
214111980
378590635
809612541
336125330
527443500
327881538
707027197
968091189
829524371
604923608
270287133
488042517
604768482
875685423
755343157
765797773
685497267
967219570
176310857
337582021
614642182
794454150
333193227
443109546
435335010
201701487
338979546
674905794
228597646
550102738
504156646
887187045
780453374
955291173
706109114
686583297
977473212
871352173
208321555
538237922
760154530
534215760
911979065
229664022
292859437
930365518
775898168
582757710
450493547
260035556
290453194
937803354
972004310
748659579
391922627
614981252
186495207
551160897
922483436
230448660
959209289
289078184
996295176
498860903
570499535
996434869
782863328
249862083
299878360
353739801
934731925
486956791
101770697
780732213
549804525
490962404
586804960
684991870
512264772
195190386
701931769
666141482
191651207
971254865
791579662
808219176
563706028
367918518
870775698
925737229
445006052
445654349
408513424
825232096
312330823
361204462
244913163
883223197
253743308
485253884
102047705
264538926
986334377
418020004
151325795
606199151
504343292
212648588
316201367
273258511
144941575
198455609
318180259
796919636
274948588
359585858
187342652
384206866
126338710
668040712
123949845
855530045
193246185
952286127
503232588
863364962
307538788
567179519
499142285
897913719
574295309
945995136
606978878
444258196
920039373
817184584
271995245
543516585
975691960
857439186
490461957
210285986
887853329
735213408
269120304
247125817
777240070
961489057
319964406
433930518
870195014
311423013
255309962
459762984
997684019
482378413
793221608
473162793
691500229
153543127
836281303
616570334
600504981
978382227
417113554
894021517
631702921
104581983
297635366
194688528
787865468
486759221
992404981
572752791
644476376
174185610
273028345
227068349
662941922
301981456
721802607
298678004
976066613
922708163
653472910
533596761
543711563
591976838
585310211
589485731
233522700
405769109
325740429
590357829
810275662
311149345
224056443
904215156
120586678
502888495
605923555
281721395
862286125
123483726
309934900
556998236
284201318
832141871
683152221
819542809
747705644
736359792
913254718
798557341
157738376
859823633
313153436
448128288
532647998
767173627
958897166
769705143
723396443
411628133
904156034
109629813
549556106
551143127
121741470
326427942
109229197
188521818
509117606
539615967
110834657
597462511
746220052
206401520
867371505
413938629
237747307
541960991
590207605
412418825
326696699
824530929
692371164
458362946
197921946
707211514
417125498
126007549
657590386
895268825
509162858
140852288
509574286
588952609
567377782
686759025
444267180
636980067
191271144
445187596
636016375
488749055
271751511
580442189
169145735
625403129
378065946
712412885
200900741
808748881
528121927
481258020
413043367
722815365
310300003
996267620
781949722
422212082
955560909
271291596
607810108
231428596
338073706
390836143
381830503
706672669
140031251
970626259
205395934
954293215
777834682
775753087
506184236
917800550
530376006
156783218
747428302
222300054
523138842
773533412
729983792
930852018
595058948
864290653
798685607
940284252
944983463
233337237
563355719
699478233
656406272
849146388
390354208
121822119
577288214
343646398
661880161
651410301
838059962
388526365
900704803
425392039
809817212
382289663
618164656
375097691
809295386
610521132
615025078
953660653
853151178
740150666
875290809
284557258
761621951
781880650
449994597
903823155
312784366
567912065
265687148
123751497
978990344
857578719
662509579
276006874
255493193
643173813
523390379
211402698
805574058
309323871
911352596
164434747
688501812
272492107
432214278
300904870
292375828
204074337
785968989
170386895
675868373
113152366
402945570
778500916
400644892
306022007
291643078
278177858
409360523
923172798
990157877
324429925
524811809
981609488
616103002
870795433
400708504
527348944
764021413
208918878
976335093
254863007
777996613
405929453
128223436
338368979
187411593
445808349
517172506
624649752
182841515
127203970
759419592
960320386
909422371
774675265
308853021
601446214
593843917
625795395
576535364
812674528
343545727
961227193
512954971
312737961
679157159
254401040
254396269
389305189
919432404
860813593
895256410
308404835
252766760
334510647
662585167
345439173
811344727
659528095
994825541
680392542
746440027
765814421
114246092
127036444
671170757
304186826
737888392
310823980
136494040
796582806
185763939
674175325
127599649
441356515
847869700
428497741
885444104
378477606
773409630
137100192
823580620
469467925
162206495
792343521
146626827
193499699
409314558
880799908
163631563
725573907
120476196
260249736
455006292
975941728
497596953
442432156
387300130
880365882
151504851
560852637
581090331
801359513
128245024
379474050
984877451
140921008
858688700
761337706
276885246
239717354
610451794
220652488
499732468
573626753
921579622
983910154
645251512
472550428
505876003
426616091
781517102
832106394
945354267
193809535
514448385
902302974
324912378
651238504
169247209
512358607
457724792
129848739
198624928
332162471
705195327
620676119
215737647
109352487
792785749
324528228
619000532
310368861
759916831
826421522
652672967
460226390
758527159
871442816
597314453
147713824
867921308
699729043
278208406
792959679
609313475
384345098
538589122
784748898
141951722
154783522
901409002
304474710
127169429
764879134
911250342
655327415
191068325
313742566
205501677
828352874
240941030
102287845
207591869
622426058
527314978
136377819
727098138
984470995
283906233
946241557
327406632
557503989
913481349
642123791
211164490
136902019
581325544
409249140
623791614
518424497
654755022
623285936
441286703
278164397
991829181
282413231
362017035
886733606
475226846
544464130
410323812
586841219
476414645
191933723
503513283
647413465
376513696
672144011
242926051
999926286
351542021
888981357
315580328
793070190
659012580
351474481
632619099
679923247
357162878
377766489
399885377
258469587
859939186
914637044
530339662
502930667
328819326
656620234
596456239
353902631
357289551
437994279
284597939
945654057
483133253
517458277
833500368
582561100
769217342
231659913
375586026
543585499
791604801
677079195
572206635
152375287
611394374
634079592
320351911
147360494
326134998
626477977
611715799
254332282
806533936
724292699
200456681
827829399
597888442
717253648
278560869
783151416
240822198
723379070
677432834
365707654
431649347
525786662
826014826
703395743
580919459
190919655
560229046
483518023
787412182
908112785
915183818
739669943
287307985
340112855
912096062
665740865
517916021
108615941
421226348
408042541
898397214
631228476
265723789
245041389
806161463
479971982
279506139
884710511
399484299
736905788
681865772
567347426
283337879
319368720
759770947
735962566
720127539
329021645
345302597
235075883
195021459
845540479
275557332
792073622
145829758
622912264
666841754
684383553
392957096
482025084
677593046
971837721
955854108
417174747
627739125
465396830
880818423
853089856
534331870
588494387
503955207
802501475
767458321
489297546
343767643
930671031
989743918
623099507
968068754
965805802
348051461
577635161
828706892
863557752
570399140
955293715
709303868
926028958
513455309
246249399
380729804
776029758
727693432
440769126
498624731
739863177
654862475
384741589
568409365
238490574
234530979
635912009
217612044
999866592
191782473
508536198
258590067
112790501
815104512
359284145
369045121
865402849
920748905
672383219
831084296
866382751
976107200
378757679
241477042
323276255
738716408
843958071
647880217
400949155
297735842
150429318
174235934
689519143
440138248
378837806
820986741
571199722
876678328
348123185
173904989
616188353
333818749
877611162
174594196
330868746
703196490
131207179
876075212
996225866
152107855
296301626
203284556
216038504
497312029
370787328
643106978
190612209
543854006
591954398
982998225
778167813
135194552
874220878
699609494
282897705
403291938
303348684
222801516
960178521
681982752
723290151
609700292
175481343
706520341
443459153
349442384
993441971
822315822
364855284
130221049
335079245
420405763
958644792
803356136
146670420
969341314
709271631
480588557
385895462
245153584
752697001
932589280
905892757
849444012
682819948
817779656
152706368
636447561
471842969
244878353
437936021
291481442
844884342
217428727
809860524
116288094
454129341
274548467
897751273
514703790
637024957
506558901
578136331
511071530
479807759
500119623
918325521
842658099
262221660
777112449
201619030
461812594
367929429
622721325
811292788
799245304
868777737
192354244
689004800
174478693
261718369
858494748
858246228
435810212
208022274
984199813
522741023
589560659
199780659
747833083
725475279
760404686
966199178
374155770
904554058
438213341
323830091
614678042
817636818
254867891
869764239
150518713
463814442
555896048
406387932
368874218
936301754
345068220
598311030
747606720
786395517
460080375
840589993
804726629
776634700
874189996
994592870
387105598
272274778
810401726
987789725
749135470
630629136
129276652
206309622
445607511
371034212
808931578
220013472
988948982
253885166
211371097
483932040
896596777
147648125
123056785
551356841
866163858
246197109
111465868
987451479
924926475
463106735
106936150
860620384
430358679
848134248
945947239
739347080
760648037
980744335
N: 61263250
