P: 963550458
520995036
531964462
547512158
635281306
660043145
701644626
798430721
415583796
954875436
479256149
434604697
530596113
115495037
419408766
462266587
697817033
391560714
175359102
350195993
588367350
919567486
560515511
367937660
723809481
830264978
486470240
778771990
674585477
894705895
938080253
145633770
163473925
606466224
227301019
119879028
190105602
694650199
774336541
660530771
618401835
615097368
392528503
533324171
222694122
888468445
237642724
635896546
127234915
752202485
511330368
413720367
293196226
445900307
143704314
531797379
364836041
340304327
236140092
991055148
353352269
132889693
270517411
710596726
944067219
674459145
877015401
415893711
209669808
827958751
139704755
352890397
701922535
621628674
961938404
839522994
619279585
258726166
592411258
951380258
879639847
904934572
405795621
388316608
429083033
181790648
361677441
353665819
738308913
871903510
538740991
841683637
222583137
736863692
623040148
590440330
224746631
124250266
714070280
248346391
454038150
619721463
865828406
980329620
361932531
617931952
964373756
158905889
248886580
848737564
334400380
799637001
781935734
177906833
146261444
605740288
285099445
814718737
534716552
824777013
484141865
101436249
798701709
971182805
656721098
160165516
649136092
415045348
122127957
873782540
160980411
617553763
381223035
600248960
625454504
174568263
325944377
597041273
335576363
858192445
164771336
780931038
583845404
492010529
780974123
291848144
281457311
641714284
189337060
620514506
983240228
577345357
410468414
277126659
586513388
554918301
172062046
720287819
518336792
145806183
495666833
752121275
321848592
516329456
329219508
818173691
713431150
674814478
970502714
719809007
776651421
937107044
172476388
623956027
487569860
540622754
780562198
853550233
904341987
435687863
730828650
869160601
119160076
785142624
309749261
454490289
602182878
207918251
500676832
271954738
137467287
553565912
397157501
324365211
991655358
425025894
824171937
507242059
123076746
828134794
141672887
255082463
458851757
652790977
835830800
696456202
748429128
126609544
643164843
116456372
830401946
629669209
818760475
173563879
292654009
832826612
892610269
286858435
414101293
144217058
371606276
684064668
848609951
134625968
601971015
614216053
432171353
421515769
437886757
567478733
249870841
657803794
431179090
776949287
185567471
378918805
938837915
604900869
830415556
761232777
943210497
256036323
886013430
280949780
960405399
157938665
732858844
268647949
128650487
803003827
612908886
528593209
723430405
563147894
870562730
280759136
991857033
977137618
166414340
293210043
534590157
623645926
310608504
402610971
466291147
384050646
229480592
944571891
617536636
171176089
298626710
680832264
924564492
120222448
617737539
257209828
373886691
586230951
966099780
860023561
519393448
146193669
451532044
588477858
345072492
865557177
333061056
321344536
219399626
457555176
962717794
328245758
373481863
291747553
526068267
937756840
243586303
878726967
315114611
426181941
816258719
440135442
474418670
580147940
484887789
322313926
575454096
825920256
627315778
975489300
793148274
176010152
646408767
801002602
640751321
235708073
924202883
419836898
814810252
510744184
632752550
816756181
372966755
803378962
632786749
972181143
943410525
473468404
889605455
611795085
889799843
498930872
670739305
662680492
267162285
204708011
822657019
470581770
997311117
771091919
148232270
704843314
132806300
762050842
463799779
560793413
940911845
541536704
539249257
740459435
154448976
272097511
144339429
634669180
920307013
804355896
390932245
894000773
454743290
322480525
143914731
270797812
996129033
911373122
745023246
226420497
587890053
855662528
969373371
259165457
973772720
383823760
841880346
892586352
931124700
968318874
309437985
720292975
762371236
278022124
855228474
553583395
308311723
499272089
504860952
446913354
780685399
445404746
790431524
625518534
714510525
513701895
674649884
482117783
569824352
340152877
374094654
762008216
659768211
508656411
426151942
878021908
532740067
492038052
912134352
796533517
703575990
176038794
308551493
189270670
812647629
972867435
991896182
653482764
634973149
642466615
584763434
807208996
205462929
116798777
257331932
474388062
932271808
320874284
505820454
413896715
202230321
147661786
510513750
834147663
161398594
318293561
736744923
958896036
316793987
696159478
202190197
598574515
946670758
766183413
520542079
211397027
489277924
912583462
180936714
223687838
521407784
339163118
322870873
443767953
893249423
516659053
248917056
240938184
131759364
733625477
939470090
447900381
161960122
271720899
818796372
787943767
758728099
948340542
611846822
922877508
121367595
637425699
316892953
940348293
404283949
775986713
605997883
390299595
641894683
810291669
205903381
809660770
466970671
494796135
730319465
495026223
973799604
382462953
645703115
477289288
475064702
424577724
699531789
825873092
630404043
952203824
632289207
520442556
436874801
789934381
139762891
716265224
485789533
199644405
670815791
131746222
150173426
309780928
520059448
837069065
613119832
455694794
269115023
667542998
887389824
206835427
943543215
730951701
750681284
531114081
243943814
711641312
667192698
314458382
672163993
806652448
967218383
233218665
276930552
368281346
315169981
522039799
483676683
922069396
489881081
945963258
730088923
873970542
410129812
238503923
152010380
708752871
825316510
958964131
761916878
512693494
701027160
971331972
384183554
620258449
114496807
197404362
227369003
571007490
917622595
214172045
237182040
994359872
567512617
122363716
680082274
406006384
991860154
188010246
321284262
776872171
426061803
898403523
984814612
207276512
370604209
121512728
186910629
532011301
410348751
162985062
873050114
911210061
805048340
498858975
722897229
270675324
324956206
221120370
747459695
649504663
430738330
209135840
360634096
332274097
719215670
952411193
706192086
635801493
504127313
456115065
542546241
534944945
224959521
431464722
818346609
312641517
269142323
893625911
819142016
722660809
635575988
139517079
192250945
980436995
529418280
293198021
303302257
628138807
787614119
694613343
226756623
730036904
464426235
117896788
486988706
942501053
711737748
694936723
537718380
319974356
605768692
606907318
847868517
141037518
687631643
979066158
969455695
110614855
401443187
996653496
146655188
475286085
776618574
391970304
443359164
438642938
113265588
727957934
156705404
982525232
155834358
162268903
582054267
885673686
136935856
165922403
682146806
845132563
380603433
898992971
945071935
223750573
817261032
572586868
170053092
739823657
569965136
415250867
327521584
235391700
887711617
447658907
673371335
602257215
447856175
509101641
536499584
846590968
724442012
311678461
458112746
370056735
175625054
913951683
293753208
883167252
266920597
768011311
590137269
552393130
600306246
865569424
447652534
269110613
493999592
872567571
728125159
248729933
593440560
619674311
601672067
851164105
751336766
597413880
862218686
389417986
493251287
452082403
779338707
432220359
946566128
741397915
438227533
574438159
588547906
133886299
910192881
158052652
930178719
298397957
311711740
991827856
771392708
621193502
650624372
928198618
902003126
625252842
520852559
382270727
200199374
244693730
940484395
165824550
489586694
702669848
725563877
688472797
554731130
712297998
267208829
928683471
923103181
993697679
292479546
198677513
594551039
794762876
733401989
943475918
340966088
238998067
966606225
377825429
311223263
836429800
311751380
887087480
689207655
948449932
541892880
491213885
736198265
402289853
795591553
796172633
733624184
642903115
257108138
857110313
687534014
501790858
448656785
813976613
870330756
677613383
629924983
581369329
438461260
885889699
513329688
601234102
349504026
995453515
201508357
418807656
112478419
800156706
668574246
287755200
578051124
924461393
469042717
200326338
316250362
752947463
851265381
509149096
470394541
350952456
866734928
836469606
304676803
252011250
878883531
244370385
119818749
439727352
630664041
188044637
331790508
852514691
157719846
797969319
182165442
811200454
908345857
317425614
899989784
201659121
440774659
724440538
755783855
279628824
826400204
411992445
776116308
890770650
340494231
720448117
543825103
236983214
443270980
877048207
815310494
816816910
878965658
252986551
671798788
471469951
855964520
741035606
487604908
679484723
117268827
389379226
499579895
773036863
865820844
671534887
903209349
459099149
850737580
416572220
280174407
731585441
254442364
922085252
462236381
565469796
623358046
384715298
409890416
744259416
143949414
424927030
442654998
435634376
392575009
913060266
392170645
544260591
722328408
412794826
388942880
377483315
565930359
144811288
873995204
490422181
567717754
430070332
946276686
352412147
273581085
522850825
274001824
815970230
606045534
306206988
183710441
895490355
723877250
319690024
557691812
536123224
651919555
350197251
879952821
494083820
866917426
982138650
525318860
995602593
360366392
351016051
380664357
883317849
661796039
855157609
888020423
525064444
504049525
438120662
248897613
543823495
493219847
540969472
937805004
383526837
765711205
865172504
260426995
184432681
607805675
886945708
594591601
503080808
737179420
760329114
306703489
191339811
153884708
954056098
812991622
256315669
809328457
501766184
134437251
684076462
202370852
319592597
530164935
138233904
734834854
592262439
577631143
640591634
358516994
217029546
607739028
188007521
405673239
131547745
278362528
398186817
748430122
775583662
941802520
669100133
917207336
303616135
677510457
982016424
798862927
280651422
511764141
128071884
675227585
382199182
477920117
586482013
270744721
406857432
174474414
220580842
305693022
463003636
129225913
501350557
325931303
208834913
673345307
334109803
457895920
853005878
380866397
836314832
103690586
102997302
635247204
855904597
457477220
549321632
628280336
842028346
892277845
795864712
283049741
636317977
544895130
524138941
591562150
606747339
903035525
747740353
547313071
326772664
431324795
301745923
818846079
682419783
658355149
368221977
913858598
688342727
519355624
214134662
882550313
508623330
190154175
441081015
802532800
582019326
140498687
528618229
784002495
779696403
695962020
263953440
568427045
188399037
349047073
783782844
668051151
956379690
723078802
393976163
871768158
350766096
387980913
334936436
535911243
922362890
986895865
671508635
137583856
482590588
441765928
354648513
167437801
798242124
702331862
814339612
896699431
929709591
807243011
285014219
475046665
129326125
966505663
107208876
870252415
733691774
750260160
480442657
481465130
425615563
208368910
485339275
359551906
556301764
383875361
872422374
707487841
447583312
950840351
505708902
813306806
205890838
812821876
864960298
683748231
963911756
602599403
801097611
812864915
294498237
399816169
641024869
842866321
369485229
350563193
694912300
843350665
359889525
523092348
325843470
853221356
360376776
672814241
601448682
957648198
191463870
481832172
672972856
771201456
827097418
181190215
695695732
811289709
841924864
266257467
167049291
562706603
871266287
429004481
198300761
183447980
179116651
220825383
986474604
479745192
872273826
672492720
616050456
823205329
888278132
135594644
277253829
433724347
896683890
565593752
925373673
692497054
368327667
108436296
938344067
769147406
291451255
123380315
316758711
886611947
776035809
942491293
358805825
766667554
328727158
255024633
607933162
374154807
875966255
793221240
897552358
541483925
205222563
624614039
545430948
689381870
181030069
902329061
588146304
665392683
771853144
512488318
759173913
107950021
439433069
702917182
631542355
758965380
401614066
570854737
101696338
126274686
351304547
694336889
215461008
635265524
751662167
851253474
214752388
956178532
871826750
240811471
359383699
272314044
371314264
491486425
226082275
615193122
803382342
448284279
927550149
707527551
303216587
445130853
156167457
164887376
429330118
699181356
411578138
952766782
799332768
673757882
815490399
755964493
114660695
131333627
898131346
410572463
824927154
121609062
324176535
909062573
714582952
774749657
925454561
497957644
595450037
556978106
261477203
450243668
619544367
416091832
518932134
906066806
261744071
691842359
953942001
288428919
471150216
118632461
912219368
123164181
556495518
928462675
120519910
959257142
654602765
163618283
359595078
759957781
995714007
985651760
150027726
759665211
495308347
752029429
593872710
147921076
797227780
569209586
648809102
805582419
378363738
324781093
690257335
212086392
884095015
390419300
712979127
363147851
611860084
582006409
543022006
267340928
715755238
446522777
831534061
873890832
933703385
726057227
832681003
301949514
141114443
717605528
219713479
405481055
944076733
688472451
403087519
650436584
490406872
154713568
806482106
762351435
702407504
783330499
699013593
620676081
362852105
134256021
488508506
692301749
987531033
141998138
926730220
138208979
437685418
436870845
867349225
830459183
446884264
739012316
112287418
284646804
743646592
672226815
920576299
853419862
955031601
446299782
229950903
391409774
878726335
499379619
224037648
720605711
998557149
407581148
458203511
130005966
584526287
871947920
105167273
475714641
602272277
724778456
558153360
611835111
803380483
486135117
100368982
689238273
618163724
998431149
506367737
481923181
384490670
946692079
529938237
430904734
309618882
932287377
188617254
875423151
345095641
662069961
223056196
957774241
200424560
363944241
214814854
503697160
418742830
208854697
680357244
879470280
203885467
211077663
884399532
863793995
593720914
501816473
166543501
669094458
717664753
561057206
807129705
792256296
113931634
959788542
777633219
799261908
645572677
242960389
974322310
945611610
248614340
349873084
803448796
158967589
277354272
215712683
622562183
821343839
904504831
270076206
468402650
792202467
681850974
804358210
929327884
451942373
439554294
275493505
865574907
775838950
229691826
521090617
477013933
684475412
129269565
135357652
852750914
113192147
137810502
977576362
155286458
303028166
458645433
112126433
847090693
912872805
899783379
183140809
508679555
663817526
186551766
416362976
617997725
659173403
715959100
594033826
488478244
393210809
811761143
606741974
207631055
614837615
434931991
703487959
505880654
241622174
524316804
334833063
814281859
714544234
961561268
796456355
229251792
679803296
225322724
793737918
716318448
458724171
339417586
993046338
149729686
329275407
170994636
940068003
962406639
538636806
555158122
427701683
916565701
706076564
235583020
631957932
995475057
546882343
634536040
619450324
338012106
174638151
158511029
923387484
901288535
638166073
110885148
899069821
856128983
257160064
365310955
198429016
280039166
432149658
224987490
333593331
812590939
487976734
487722627
726957207
421111729
936315398
919185171
614820709
584946582
326749805
646190140
297866811
494547648
271211031
416477620
468124131
362236441
691550969
365285137
339711424
857215521
378777493
288683506
624070014
197134590
295253977
342772908
554294477
758288049
261529709
476014783
190231648
150207262
423750835
302680165
384100041
509788671
317283876
412049025
689402051
269624031
388094698
336214697
200095278
435378932
905678284
441987047
818607280
964513162
287978372
592766185
427757804
926665888
975705573
841113047
933198054
541227813
541391419
949107989
779847515
628225140
479454248
583758453
563321604
550575162
436850536
773197797
844195807
668148799
559108178
228058061
152801479
117354718
650043409
773624458
183970875
567566834
346754206
211650049
379754718
965824484
965819200
550911517
531240628
350150733
120931153
169846321
244762650
202968344
797355825
480764508
634997076
959317447
622577407
893366659
275626536
422365325
659956941
206485922
925688351
837286102
656311868
592148247
895110592
199786126
830616968
326900933
531678600
297417403
966911901
131812218
228895507
384277582
571450010
120954096
404116543
865017784
457117315
778198105
572499657
523169971
444725926
343660946
331491319
894159183
474574291
298544727
435971976
209670535
844962796
962880933
432700782
543117760
509441526
969885648
674777943
412472632
557399109
826739703
857471232
911813305
213641873
326657190
302704564
361023471
547549687
439663288
861618373
297370313
878082610
167023263
254292718
684382808
381574034
753094946
444995210
733256499
639168942
435410870
972954075
412000282
229993768
965835381
216297860
244613677
323013202
697780920
558217220
506845731
881824197
616318308
891671462
617063289
433234618
285703478
660638832
308147539
459067985
149616132
811750166
699780909
682087960
518309064
921377254
960668533
393941024
855553515
482186700
770334238
486952605
473627133
768256428
214162503
858853774
245705045
717925696
935433607
138265793
741029127
174909041
688453809
732623153
685578704
506671922
679034248
316870012
673656447
102497163
883450995
663336076
279427065
158508866
891101557
868625067
212139986
313665389
232863280
195905215
708650938
163344584
972244238
687721361
540319815
753914437
881145298
383307751
159586924
330658408
231248164
629070259
163166145
955105523
164528484
371177697
975782353
793748259
825066303
314522979
778538102
249324694
848613259
973928380
898533474
896268325
552057979
665871393
516065204
755474209
249661736
598675615
331278282
899342690
260190601
252539266
387627084
338756522
113729219
943849579
523310617
399656552
708459841
491718194
733427516
254576977
724281178
118167746
302133123
366742234
965810406
490122835
647308933
776212620
212588901
635809850
157796531
914105811
392774873
496827130
147291912
382835456
501332678
873251059
476997803
330934708
287096538
261165933
876927763
730301640
513846886
504957555
386291909
386137065
482677697
621596562
342131690
344889306
173295458
679502619
566537736
392610518
829668936
460097837
888323820
956698569
833983730
739412076
817824538
237171779
279659842
720749901
969089161
750010361
375987083
552035479
999342054
659361393
527647139
261826727
674518796
631101985
548374958
535770662
548417489
621840703
383326846
994260428
862240355
102191093
402758311
794559812
828954898
544117246
171022736
170655310
263602776
735924161
528082624
829203374
953193991
957641081
590030076
708501255
961044622
248043496
276381209
973520009
505310882
381844176
105140508
927034974
589131943
361370706
517439832
588268072
672993941
582718861
872785370
376518613
240747802
508032302
455462171
742244083
501380971
744445596
774711688
145051317
287178857
600278102
123598456
954129078
628676512
452021081
171108405
695587443
857798279
492445974
492814869
555617800
625547116
675801856
813283217
331520489
275784077
172149912
423196729
990859359
306954968
254639321
946618959
532182949
293837087
259217895
466557831
949806761
792418092
876674115
626869316
102842742
744075931
343721990
983593873
773340911
683844344
343506648
850135689
261648723
164836827
127939740
354523367
253273145
848242293
884714370
777787289
743697551
815718291
175762795
205137446
940109420
312459527
963626956
981300957
256951122
994965033
305629729
477492305
674562846
566576343
437659491
572365885
906446264
456303321
979771553
849429112
931686199
771120827
262559167
242755884
534653158
501667979
299666978
780590958
234852183
527289493
213767553
463478342
451220573
461571204
885804909
218958570
697972245
290340459
469763472
853389746
744546476
739053342
861501766
662650379
388671820
387067204
979630874
127132577
615812296
927392055
821297576
676293154
698018617
789044848
160798797
465441959
342379050
295495984
626588940
410232842
837072808
472002404
286397651
606315726
121879538
715399587
338009390
269238628
863075851
863412987
298503430
483612207
837140799
229100884
784639110
495861267
778133075
348064622
671226708
140056897
875509648
198336360
978942247
473241969
891896967
453594206
797135814
284839962
456655432
377565382
730244289
760808976
773558390
601152551
822727030
165773939
747425945
165220741
154334030
805066752
310951675
164765026
591854123
508771698
469834928
631198527
498543629
658742112
281302145
396525742
657790687
634611214
924678433
815038533
552075463
710520741
245745855
148766218
294015712
194723020
548222041
262069282
872003504
868367094
426488556
897478990
287509464
307068829
634679160
726030699
459677801
630261253
844064266
443914184
250792380
642540715
382438703
288764459
719961845
510975195
948648011
280356012
843107039
325601846
879987622
809578716
654291009
814507718
776978444
523583618
941300957
792669433
567701779
862444031
385892755
759704952
783018122
258962652
257398349
831698401
561614760
373275459
236931369
331295163
779191433
563686025
687732665
173298429
466234450
632633754
498662616
403795841
502141220
300853220
413570380
756585831
448422237
118663179
582110012
821163548
842585600
152374344
624276388
241040835
647682828
634468680
488797232
434051632
391920300
936675798
593494624
265783646
139457613
500926252
411557450
504533655
927039702
624684732
904441432
312992074
621228601
166101394
332558725
475885396
708332103
829253642
681613259
146181996
779242321
356898210
217538194
611086804
401293944
346943446
266287326
581678183
612907526
161083847
965136898
675161335
267393685
783477715
239114038
218582432
507667441
643318722
259518038
203415066
428137285
825287018
242825833
744099743
488233445
807680794
295298705
703674215
467559783
949436468
178548434
110619521
806138576
611340629
131979519
300106582
158442715
582699389
382544106
330704040
475050933
250236073
139244115
608718763
555063567
854026158
119069624
860711019
159519243
415119796
900504366
357429277
256773205
301072970
641191879
802114371
824092670
130525509
638510614
371305163
519136465
907360175
832771537
538877351
842503115
126559082
455250415
211315994
142321637
132344755
595259555
199634369
648947763
724998323
593041189
492726858
405583070
832918627
219586058
244792574
145916355
420310413
676774746
805916691
506910474
264454482
556840881
595292225
690985998
364886170
217758072
309575835
287245262
132955863
773678228
741616303
104410906
758105416
860083576
548932475
503154679
296316793
950458674
719428132
273688492
764439344
354168894
497514855
374628510
757692272
331778423
346084606
880095918
822709833
116336218
276888586
335158413
380946622
334120134
721798761
511666817
847417032
913636894
164508947
232253397
835834970
773247577
649317496
714553897
481492032
255759519
262942572
527599506
291168124
472947880
726035397
304349780
953926199
383332670
364181245
777421719
335249280
227144957
475706834
425371925
108646058
831379147
885971865
778957748
529960207
939987240
779042976
605078015
949990069
163605910
231160342
159671338
345377078
158287101
966951042
335217819
433471005
246766681
537828902
523742389
773068647
591737748
416773074
805117922
684357155
864591557
562886136
967151172
220869114
857004253
579802791
873231358
840801808
232036272
197031997
640971130
205092132
892520651
641954552
945460161
707322792
308368670
241077236
853878281
740550840
548860602
100208619
595512961
344512262
280150140
194074669
590285558
566436529
107214069
391097315
131313412
462720086
533649911
634934168
570886347
982607139
474392090
452746221
302721709
873651398
846429031
369444476
333629854
601442856
584140508
179340747
767043123
418070236
174509567
440545563
695800235
335398305
130042813
592409297
252875551
165524850
698433181
204534755
274522767
747372422
966031334
261739184
797955810
234553906
165482281
161385518
341937680
751905960
429113807
706731921
764701692
582012398
534669855
835001900
865916676
694005972
480236136
312977602
656617521
489466085
338844539
141547405
869950526
468718601
481943625
252245528
445320987
766270451
787029436
833803871
174167618
412323684
919831799
462155172
475788108
864474268
910934304
819350680
140349588
831203586
366720526
839833728
890987725
632156274
893178470
720425886
230484007
103720318
655153686
347810820
130741515
563101734
158168922
411960500
452338713
649606565
100759509
471113912
855320001
612385989
467085573
951137073
183573881
653728850
787964256
813874880
281304524
621483842
681728359
712672445
664243351
803751138
482532477
746043763
803964207
725450625
999667800
595875667
222204104
378422848
233019098
217677868
329993709
904925601
550689617
714894653
590862432
240407297
812806302
860325776
932749089
616144347
165132974
862950298
258486529
360374025
777449179
619363699
579369176
953902638
142883929
582317567
312922929
473440932
155777359
897203483
449628813
337233792
712990736
947406956
612802516
836201511
246843957
861527326
119884759
693735914
446882202
294185593
491908514
689145833
120987586
417861523
824336969
502327455
608961067
292890511
359018588
754584266
367641754
911531969
800009411
611633443
756006615
898910691
690011153
281629513
253107590
183621410
398432640
344943897
185894108
405016989
675685316
708490124
936848989
283911291
200846873
391586740
247704869
956725638
352841664
767865597
833167365
643310038
341793724
370006868
766356558
297266513
202310412
578951439
526300206
304995911
195074811
162908901
218953684
309780283
700516170
383586786
886806440
944296832
390962549
690908106
452341613
305354761
895967419
359501202
905812760
656842306
811606197
243905101
263421671
935961415
437011742
941140748
397376944
448302642
324533142
114807482
422248639
378024858
125712352
345913240
849092721
846835631
656244943
783149705
910015486
141555287
630766672
696920358
170897328
333236044
462027068
894210287
790675775
683637911
835317694
904326002
384287567
311254014
270523912
749127902
900467078
421689855
140392638
879183197
738343897
227609653
944515198
330376411
909549674
308117898
875706880
257085333
383446568
635801886
755274783
418212492
557135811
324461606
490509459
441974707
375202640
926863650
854015001
377515476
639282980
675665907
380070451
823346839
356564655
252515127
329928010
631283089
591673934
593455632
629311387
683438765
545861950
368765694
419962670
483978048
234763455
158912901
746314640
660771858
639906609
707207855
446488909
213904445
336879419
462441153
136709702
909022071
627512961
285735935
288476932
125240212
338535246
317900181
598870715
530773769
196553508
356692265
129360984
300294477
306869252
318947531
221057558
666099844
977006291
212702690
311128821
798421416
566709518
162689938
599081609
302464167
195640263
542757281
560153068
889832214
161185889
449635547
123752810
759720177
816293638
713092895
809176598
527656227
884129770
472924884
815497859
448385193
988124814
797353511
152211389
911071616
192032973
947004437
267857370
275323959
165110572
324844252
196463498
544688126
996193525
456155823
715845371
734779040
480933800
530873799
296171998
502131423
132259741
835511690
423253512
220267262
153785501
139501207
629668160
948613465
192211801
909379052
286039733
324418414
448169534
625859149
614414112
318967259
710520072
167087593
914817001
604576300
778275716
721458004
643480988
538441352
268189725
445255595
503894949
891798065
306135580
715297111
323359673
317605890
381272060
159546268
244307100
801995954
848998790
753522160
940701004
633285642
343708213
198123455
966560930
572042363
217785092
835961996
586954741
759521172
318072596
825051804
697450697
356975661
603077555
223837671
904825207
442430781
528584005
984610443
644357609
124029400
497852589
714179153
985776644
569023480
120123415
268084273
658900370
552965409
610958986
635624622
927294152
341503278
811789862
485229835
347078536
549777522
897214421
846449903
455799369
637673358
434436951
484689421
553306004
420300525
558018871
211386703
817842622
839039578
747211030
480219183
639831293
799868008
638773114
967945556
226902030
763461179
852642462
655610789
634113615
586347794
673114817
791628587
981875236
115731734
976124379
301282637
535082957
191394761
290881042
465388634
564632222
796228822
293384612
798533895
166831213
766444655
711358150
241062314
448229289
244256550
985541345
228991026
447324318
962297710
614994400
653889836
444360835
379819808
872048101
509198540
479832251
680703878
612833084
735939699
611559712
621587834
492480835
520519723
117435606
773314470
251909128
479493032
840230970
748709751
480252086
847064100
496032171
459326291
356186393
553115146
686072595
882881965
135465763
801098864
550210413
839079356
900673834
347296632
245143438
436832602
880847492
753474775
626126398
813984096
918267827
295027752
858540781
903100767
556544617
414384215
578384808
823267852
465278257
444669149
763935009
598612701
729737314
610608639
387409862
432917739
717535549
723318326
156439730
458437871
687346025
283904536
885249579
810348884
745637904
170993288
216428188
494494182
162781216
247163945
441614859
456160323
728674684
160524520
145889194
900561004
408920229
598989012
944736943
954835424
820466440
469421404
255602459
513307870
437246521
526227042
544899848
705061632
508839105
525656427
896171436
492338171
390463787
400377937
163765517
723790769
806331747
391627500
111126902
850588734
300224025
344399494
128492979
470274494
296441710
483571454
454903691
620370625
919240100
798695386
850825897
183216670
768965228
114618105
532358926
886401621
266881237
362467380
296088716
335139327
220168624
607953769
634545790
439832986
767547567
431241306
198399400
355054893
203760397
359750740
812899309
763529485
867000417
142680055
300764540
335423128
143143830
175711564
225030782
121647821
954178604
332027399
538052600
476004787
744949709
211813954
538648869
115270216
798035600
444523766
357003858
169516913
365246370
230314899
512216431
978227839
524472784
619840055
534773910
616052751
809820779
854618345
987416659
519700435
656527557
136369346
399898407
258498674
262111754
167828340
950211469
497369480
506398914
685822973
510171695
831061572
672280334
595408006
164099763
193934989
781546678
115610425
762298968
632037424
446468853
909715291
431435649
257595766
414117616
565826771
107526871
185731933
180371469
555845829
239077744
638177402
805845343
376442072
739599975
532856668
207601679
509260453
255258253
924044167
854118363
626921495
888945146
525315337
980319183
938828581
414939275
997415302
643176472
613694832
413856375
365383671
795979018
178832533
447256033
446590324
534624817
721603430
856755951
541152638
825001214
732139265
561238157
332355074
174054324
979033824
268026700
297730491
313179272
510606595
212423553
430204465
750982381
878181467
249995557
429180411
458321532
615711139
245011423
553514933
746858515
904786159
245295941
783769772
151828743
248532930
713437228
308664214
953657857
984077204
323118400
140071841
540984538
973699605
572509939
311077739
355401164
264842059
535830767
633750370
415684743
737952891
864794297
599036816
797848682
880635291
386634611
816300865
581779086
311294937
245619043
708427264
124741301
459521746
149093290
158637385
106982670
779427054
962850433
976414444
175218753
694416421
235135052
556244537
677693654
830112509
914674661
135976688
110075613
196350731
894221934
138881119
799205004
930504833
777922772
318235053
997407978
357260596
976871125
567941500
427751587
113546984
938257029
299328163
429757086
500612881
845080230
683632515
577128528
952184773
233826532
457704497
317561901
966530884
244229931
868986358
368843889
835566702
125737702
756882203
879147568
621823686
525974360
651367082
661787302
387855904
180417118
332976661
728747097
668893531
663813684
800763250
957500166
287384348
923741722
623994002
324392124
629899597
255306062
228461507
296671917
560736278
871762036
914517242
301148943
461450940
460006374
300026665
959780183
472945696
870861982
969270048
284927421
250297145
849498897
229913590
180854447
204076321
884420293
265187250
901364554
284566588
729474038
982870114
540366977
972831762
475049018
922970679
982166396
404099270
364327146
421293107
875891106
717246853
934140132
825714746
162198052
857089259
886276552
638156627
200726840
586530235
982013761
853566652
487359393
518024881
874227295
467812102
446361147
396890456
743084750
834239028
476507423
952444937
206354367
313232852
930128546
355347048
964769460
217638737
731523752
817462571
507983521
618921619
803744795
136142721
584486992
995767856
681573161
114698590
803788982
623898084
380356182
334369121
713090508
785989191
275720057
371280715
134826694
612126077
299628558
245804884
716033491
746647138
619332872
125547350
548445980
789455384
821472382
862423386
958136957
565495752
237292470
161904765
386143169
246899174
554676056
299093343
210127146
935694819
432880816
143984594
137786707
568553778
459302534
988322882
152692837
466432338
665929904
106876857
306298592
195496538
353437742
704104597
323062914
653756491
868934773
774739943
602910700
924134002
177650655
766697893
370636499
264917938
403009288
956944840
519227615
340512465
900742937
425823946
790176711
696172497
225321135
312681441
517180481
391920474
213208150
773121096
389237180
757079085
858820910
396186695
664607543
604547217
782290894
501548251
117189761
777826541
387430138
194833371
210953611
806753774
976626804
949211358
376128496
926373086
968579705
142676169
949038915
412144119
435506800
589680132
444261485
280513944
905762791
155022158
649312802
199393082
981687828
317403489
907828785
642787918
861834293
575252309
939397685
661741985
984006629
419008411
921868972
285997212
346373197
477121072
665403109
652220084
509331202
770904471
946480358
788440207
238224764
426564035
800614865
149685830
859923319
618884960
507818800
942075908
503810951
324228752
722925008
687250964
686949280
639183499
497554925
130968052
377846565
220963764
136965313
123509695
559180176
758025965
604434914
754536659
851986009
187179532
808589759
433030124
979821321
566808607
679232884
226800883
768039896
963184869
661200448
723184686
783504585
182404865
714444724
664878444
790861554
887516868
347249525
512779357
822711787
241253674
906154278
997323167
453356917
818339478
672567420
285439986
736219044
108914236
136561243
966427955
690101933
159624040
968677286
873489685
895534569
346925530
119341395
964977240
221296218
234515907
975508709
201336829
501176642
491365146
572915496
788921523
740223133
499910983
443323454
481392139
407139509
389518906
787761109
363337217
789674435
939340562
213774675
264234195
531082634
553087031
353473711
337929190
784337125
860442720
132913226
611690621
584095846
124878246
499511232
390269139
231503168
697875494
319488660
606114419
879583522
115270395
331108124
806264024
481428336
564092200
721987970
471210144
797467492
729988571
774013752
768288629
528039862
650640609
864150642
671013832
740231132
900186539
762095890
248541040
250565485
544845713
813323877
742645407
968596756
427133744
519419507
278507535
453212995
874452652
398226024
910908932
302075001
287127314
831578113
303024788
998713202
326438673
370399432
338430514
956975199
931878196
316711880
300438657
931349024
499556334
134419324
748330625
775512283
600144983
772319936
369559840
550154565
550155691
782094818
587360396
576696682
137958524
429402485
753533487
193514801
963047367
974036686
893508526
626712693
188115937
140195946
691062897
428999633
793437132
377490645
653775060
564239217
646380404
765124173
511858961
299705559
721786178
666694380
172670754
278742066
244798230
685395660
243685241
362464934
412559245
825738822
558735493
759735645
862487436
466372399
526803976
157216476
920936987
456602315
616878019
492629983
785822063
405354724
389245603
599919236
781754716
986514991
663265828
975769459
869807797
471292198
239331856
203203203
153219317
666728901
651394244
717766664
502268730
855459179
394094484
449395541
890190323
240845385
268056437
851363153
260469927
577695757
384487459
806740831
847847915
733296615
756061789
760786011
621644514
543301825
908882720
183076358
167381190
113449303
180975068
314660985
189469005
187770515
644366746
651618630
992773187
984632243
425139350
560001565
937612321
711479638
317236124
330449576
484557897
938899313
577534741
178820955
227110950
528348955
172561453
850289393
617110726
746849047
938310322
981755263
140055271
863230881
571089548
875812093
246764643
238007940
250732246
389114382
350738956
625579738
604353179
767622154
696682204
581088282
911097179
375001942
996267471
794291700
747130510
710568242
649761171
844807249
497063060
262525941
748040483
492471667
283287616
820110803
233018374
152128196
501131546
117183772
973157949
762833890
653855180
147787131
934236362
566607416
324303619
590804420
824751945
412437055
672032301
777074974
645727150
662219630
746827269
871440567
801218217
885409168
662094542
632795848
851064611
424635192
548582785
746552421
579888806
420741406
537870651
229621403
744064411
978764015
476456103
467225797
795014180
489904381
814328942
238780184
172905168
129718615
448830888
634117781
589419716
225626094
742102612
512941932
299539610
595679247
929258721
442820679
863326312
551485209
345950524
812577070
459674652
979701566
969069514
537386348
884087394
731993983
534193237
136525705
470133752
882801160
288812404
904010850
591986533
119903731
344479531
840909955
714233615
447707959
201890250
488663585
602425912
754664709
117923165
351824814
450930356
509149294
698258394
134779166
938310143
261826978
861237124
430230046
493140078
858234537
136495337
157822227
498336197
637321992
376150331
553550824
674497500
161692661
548412748
800947676
311926144
850076853
163609924
513917696
623588761
611776792
667923751
329128672
223210231
883880755
969073340
951918466
796431467
442935852
859983360
967451837
709726151
466370995
469534399
450666600
849048015
355937981
931188092
372595196
435822491
426054046
295416530
372346606
972975251
209109855
491291800
434397094
358062472
849124794
259009330
201541463
917392773
698321063
814833726
208677636
171036486
590937474
136977187
229248496
950519471
766409832
465707116
892138036
704267766
230487484
504116411
648521720
511570836
766364824
441962855
282584441
480757806
491527830
130624118
428418869
792654146
116824058
565228270
396133969
486002197
379152545
514675059
715799450
210672974
162761423
250371740
710283678
467861753
202009387
379432677
393038617
734291124
950326507
192328898
121704119
370858257
235253195
387449933
499095130
395420248
821569524
401255710
608582548
746233227
558485256
194550014
530077404
222669689
727237437
108437981
641315925
928001831
901771021
834821400
457160830
366152699
992599973
389508524
411781356
820398862
253182998
327491443
775825796
894283252
459188325
618211293
198241828
853781595
921820267
787023043
549795361
426802045
296438925
211673307
629010719
150009505
606166633
202047466
949480854
965130393
387680419
501751800
770576561
873533059
679704089
435088407
148760745
181945260
193065842
957717607
247805052
937741301
227942100
989222600
490001408
414688212
767038196
862855033
240955418
265502591
434343307
679865244
834812496
724912380
443418816
821001925
233976008
788828696
542009085
190930856
956454776
361822979
169259561
731468028
385099203
705332063
737522194
216017957
555669473
886267584
508371517
200524218
535771834
458154305
307133490
629646814
514644935
823291887
177716385
984716727
595787970
130806481
440624002
316289464
175892223
177179744
298867537
866817252
539426388
192088232
876067709
160124872
440378474
461874593
678158673
276752470
469820101
864178027
325161693
762404657
241563421
608430817
690769790
312278956
109116283
912391736
599165139
596138266
893082827
732418415
372026399
665839925
140199900
413776850
461200560
813629540
720852019
403512531
248423668
689558545
356267382
472630170
552554950
725598256
393733861
677596615
672739633
645343509
516799552
393512779
263143015
362202929
945488493
720151346
471372054
230879609
276051999
445467517
527288232
131497433
354188886
523110935
793875040
740978766
523568517
747247310
656822096
529046321
703610713
510506434
419005755
561107017
124212202
688219216
491767859
551872668
570710475
440443095
164312019
976329881
539418027
906880316
959805818
561411212
368746232
572312791
750723603
786642917
753915601
908780866
725916714
797670535
111709211
655547533
323712428
975020693
823923878
518678823
948106238
783077216
848914209
697269238
392429862
485882336
184636715
192701432
849625587
855058549
719153960
284080819
595641582
582675927
858760380
914238249
588443821
482381646
822308346
929218917
154319379
991622272
309340509
217725369
112648935
696164181
493336012
405774183
830973536
481119492
829640027
651328963
461202404
612387979
487563466
561489176
462635451
750422243
897325985
524723416
906354253
996652532
915985764
785232549
682806296
713178707
654442094
933130307
856373901
740769771
760075164
616748385
348973064
385965388
218128972
314741714
702552634
984851622
134026232
421472576
367189727
493783444
802431006
359990424
161399146
960323649
127771235
508226151
186650520
409621610
957527005
957929753
391962047
748733837
951881110
390601401
363932676
388067041
648338028
185178842
496310383
272550084
958845519
353307739
709578886
792974057
351535564
766108693
626546759
193749093
696240777
216799811
649291021
776558769
873460139
919035820
783866383
472271884
922650464
593037591
842407927
216387308
153103900
393041625
300220101
694320182
457215959
301185554
292813534
856405152
696793096
884565252
871854094
726588774
311483010
320197773
636213847
239686274
513648774
248308585
702809783
370549680
978900268
663769831
868880536
261519992
955973286
271900903
931571174
210166525
825239849
795077953
486010637
524583464
345137552
625114689
543103111
455030012
881303657
199214602
158038677
449134989
577419411
863874946
778815277
942985560
804053987
630613364
897359890
295589013
465135213
679181219
136838839
911004057
953944858
473915617
905796610
975685842
711644756
895420844
958872475
533811561
832710318
356887989
819658110
338700606
548705827
264590291
134662329
272658085
335712741
562615472
113939934
748707637
890612155
158425550
191172882
384940166
945764426
581200337
110468259
485248807
708849584
151172595
875005641
828549172
678840778
315925800
437808233
901593532
193585271
465405949
209519039
471813766
496451136
402710472
959552233
771872910
574917088
636822645
778810199
547786367
442789136
575694572
133649174
539304274
646050820
523905206
603672907
734656110
321685509
551214774
853645630
387304215
352540895
608177920
420900956
693216724
809360945
367949293
723779520
961734272
280269604
620943914
409600743
892243471
765246025
551661742
742873663
795458678
623607271
150651906
157467372
272133286
836658541
329776404
721364055
999400927
156873681
365033896
156012577
401676406
989774043
815204833
311351787
898152800
843914835
146224192
442340283
522548503
507107597
712070026
455609749
237001019
521596167
589470187
896516993
916380813
896746743
310983531
292691658
139861828
375987601
395848059
819835097
542836776
760583356
655269510
159721795
533173344
117857558
596407171
579875212
774602080
621622885
964395652
655942671
151931448
785050606
160654052
172953652
322271200
852024508
642508374
931379076
183567021
179367874
830940683
686982631
488433849
245869356
303094152
816611808
802441396
553998237
635386235
259963752
664475674
288019841
475806104
713535049
560617457
181304056
903659540
234967681
782417331
351533688
821467339
762031410
608164314
925510391
679708699
694218715
474217892
426844193
735662043
704792142
366014414
600867404
796501368
953578025
373409301
584290508
750097014
280017470
367993098
918043887
822536549
540724899
354015936
357293185
648457821
333930419
889560294
437206815
364318215
132027854
860872720
963853561
481068020
851196210
255864645
614737270
794034123
763004167
499253020
309239274
137466878
714667416
544426956
350193809
375883363
931431306
880750764
890570307
844603337
558084601
688587574
367125105
496480219
364016399
885430464
658488172
104958769
992363463
125387263
115355014
658359042
586586082
745415769
500297876
869252121
770895397
585701506
391632743
985184362
625624675
215838784
380060212
615169571
306262689
123879055
248953810
965750772
592269938
679548420
933681521
893753360
353958951
885622565
896531708
468078238
495843326
203981997
751284775
797455999
911037724
142050591
804686831
408630553
240894883
143443890
182666509
450248446
397520779
916007766
612854218
978155503
166772831
282641201
984939997
629196635
997056957
924068622
658311013
731147491
850396796
329225611
458380063
894633785
240481828
855954878
769615942
704880885
937431959
731451039
295498545
603921278
381705840
568429537
205125683
733260899
457915871
605608941
362073380
275225464
327105538
883943293
243712327
806168370
726600404
737949955
704046207
166464409
345907666
871854219
811915324
666856379
589436073
483009085
330429443
891757661
725367356
498556424
747645888
551156301
935117147
201366033
352353415
358248706
986878475
759871742
371143667
440075782
293918986
920085766
572237098
146699732
511719203
897964569
755898717
822949002
113282387
935803582
254844014
925264735
595255653
805548762
478351657
310764869
931538721
262183036
694858290
193496174
940954602
661346077
426184315
522453820
951254798
375687027
190484432
478522808
152896303
807487953
586896883
906154552
727815269
346343342
201061089
114717223
981262689
682055954
558322720
410840225
592527013
250072108
151743505
111770045
901634169
287611719
203618812
563663740
644258303
304888675
518920741
769209594
258401742
161579077
781844671
505305261
830090704
860443963
702612716
308432121
448647112
682597042
955304138
887588593
811555052
278024811
601145940
926737402
411094154
523287722
560772540
358924007
230822867
351952412
566090097
637970984
621719826
823921365
524806891
263374347
485261165
380472114
165249229
700291720
527643998
672348339
375144097
321458088
754110524
426131720
523194744
681620040
366529875
568920610
526501750
596989569
544539134
125916822
945547503
713432943
909938197
760403436
780679544
362325650
819282112
637518171
837219707
297667051
287780942
403121215
462662834
976225456
386959358
331421474
965296320
212601617
537092686
659468512
943184357
468597981
654073898
420784981
322520001
791852437
348337139
310093950
739111458
518709502
896813803
962824257
574170270
348095152
218151982
789457435
832518579
560961591
361137091
960129683
456893508
181220808
469816924
517473171
526964834
246031046
674757126
636909313
522509178
109859170
416042174
824704640
675426015
799123987
181201364
705280724
423663625
712469546
211847843
969963648
717717230
827531456
897070340
160726890
653979138
309809680
320669037
748462159
577417473
284358608
204872242
740695799
233393828
537855212
905854542
352414798
827204448
351310290
968381520
162942398
169965190
239559011
638355422
306580223
825354028
430199699
484398604
357867582
230519972
571335724
587721524
448184638
452998760
675421585
993130150
775762379
969662013
978753582
929015472
324817542
230520233
300766478
928005330
701169256
353784773
450727754
625180592
130524567
615956657
984861948
920912817
197761380
561103039
406559846
611821472
506737647
843410899
177889322
154890522
147421898
935925756
116990083
140946587
471339779
615889125
661341887
746395951
662439544
156027327
128672052
872592345
900831353
549204542
531186287
183582770
381828868
854096793
595159675
633041392
606884992
362734602
862732803
721697547
604838994
942916003
733196854
821793258
278052723
564521360
887760971
171276259
335690403
810672764
202728041
688908950
963711367
922747134
527875253
139210006
922849292
608256423
384900111
600870280
476752829
200352339
456344471
193898052
352393334
606578745
554240520
960710454
972203207
718341882
518280906
540397971
194247921
991659284
893095266
564275483
161201785
872867184
962923108
777864608
227932783
639703697
153025096
941581327
543705360
288689263
684369428
561531171
246067650
356768564
790479884
771444897
232728053
720668548
682439593
120013836
164908035
986472593
607463149
103902462
764145099
393824051
704464001
708765059
273971237
779738806
902117930
965464673
422915796
446121226
208096005
472996846
248356466
295217171
482563762
896666070
186470288
556203966
412563772
397720469
328515483
406817490
998484503
348564792
606621520
991304345
167186327
814075439
297808464
280880122
828543012
258843878
682643103
514951317
767825921
563543697
472588738
670799742
710117431
309560356
420940675
256858169
477527448
200586471
584174556
757701937
221303077
286271023
800161167
675330664
263497300
345949033
217389943
311317255
675600925
524054343
142410018
410683019
179940017
502430981
178585750
601817002
602909648
681483596
994364799
634835196
616992768
797999138
405526947
242873655
732243033
944330776
716793786
579872388
155186795
380926460
361359544
901149128
401629795
487243527
544470108
478284926
579835156
270263294
667912774
256637656
320990013
371963591
217104218
884933433
567703982
767431341
610016221
766970699
702049216
225253482
260715656
843370836
498626707
451526299
358741436
861685063
264438350
689212770
480663564
447713895
234746791
445696958
958708229
756469698
504832862
775369885
456424993
497503646
708444763
531816791
291650300
178181966
759709123
870823866
445712149
544709658
155807139
109423282
753058537
830329024
897959013
577250803
468276718
573974913
562549772
680843121
469605291
759838879
676296550
769903100
361921975
285110360
649762481
928928796
939992206
192760200
969840230
547028137
847621684
913416017
679751694
230452712
642799425
229265566
432111359
516217034
636999699
758814517
732479214
899238233
769632665
171437938
176381205
446767699
475404474
492475396
932486736
613708727
785570840
543060492
968201458
279913846
461328721
392777183
434543632
107389377
715366667
647843352
507262320
731513700
604681155
786228316
245921164
247539070
467878730
931458667
838119054
849247739
147710760
813149820
108250346
110668210
726978800
253678680
996429836
897361151
694276432
480024274
219437979
500444595
188699033
189975438
799835002
698093218
999605406
708575605
511677057
381919774
324415690
679092828
559294021
106143389
918906310
560247822
235465364
516385486
291530433
336776659
395613890
284166414
895848230
536234297
672087231
514306836
121243847
455588832
367944360
521196094
407035199
458344081
844752717
849298155
156814842
421874274
552858155
317405899
621012010
134441184
970353578
573224598
596299650
865297932
459212069
578562850
329881976
849883441
228957769
196808293
385574598
360952350
974351395
847121446
370127333
644894766
813296086
768150900
122918592
698775545
505745690
838338053
271329788
210780141
499566689
562299238
138221109
218768857
813197317
288730977
707622876
591146442
788060818
149308367
946766948
N: 857653870
