P: 445384220
8545286
8748944
1707715
1440241
6371143
5358696
6296778
8558367
6583382
5030981
9432874
3476107
2245860
6403270
1037930
9791729
1530737
6227583
9418173
6303515
6512030
8393004
2498034
2987005
4525262
7417916
3708395
6642241
2399068
3843626
2412169
2437103
3561608
6330022
6280498
4395005
3696020
6300309
3340845
6649526
3377693
5252005
9503004
8424890
7336946
9589489
1261110
2242115
4787866
2301547
8916373
7498953
9526151
2705905
8002121
7935436
6548044
7474251
8882253
1016444
1346893
6239797
3780435
7283865
6698409
1400622
3876947
1850556
7570653
3071630
3857984
6345620
7283549
6807925
9923577
9960623
4379227
9400749
7674777
4237218
1517805
1405754
6986603
7664647
8659021
1865417
9137608
3631105
1929186
4964361
7585562
2750583
4540122
2692679
4099143
9630527
3042266
7958984
8199641
9806458
3629430
2261367
3314684
8216457
2084644
4779557
6934431
8467641
5937742
4859850
8193992
1167410
5489555
2237080
3920716
6540662
8366272
9004625
7258359
8063907
7481497
4172010
2506529
3770037
6890171
8959184
2807818
4573211
8025338
8245993
5132683
4564680
1737081
4380563
1172637
4940191
9910815
9894394
4460897
7927150
8493624
5702792
3431342
6914608
8734340
1825120
3627487
5627479
1929920
3920843
2947607
5690058
4273289
4218444
7604982
9694773
3631192
6714170
7208714
8600812
4364640
4450493
5747478
2975587
2020151
4215294
2690002
3852802
5068621
1897134
8439910
8997447
6887308
6886440
6748974
2922134
8906049
9252234
6848870
5799993
9727232
2675502
5480647
4870663
8436554
5049990
2854227
5340850
5784257
3594698
1799610
3879975
8148157
5279233
9783877
3261912
7794348
9898278
3203813
3811729
6878072
2845609
7945898
2280843
3403381
6558574
5827454
5031619
7057171
3101884
8389802
9993032
5973906
3087077
8126273
4545849
4186644
5556988
1537960
4238977
3241578
6068242
7642053
6104804
6126295
7100487
6681854
7597392
4458182
8442378
7125817
2318470
2813289
4125897
7666494
1180837
7499367
2199110
2723958
3638278
5657310
2556555
4892433
6600425
9613736
6157357
3874695
4015048
6919230
4589555
6174881
1202994
9898815
1399273
3476820
5698162
1640435
4701097
3866679
1639837
8382133
6816123
8029214
5671300
9905668
3740891
3426588
4955174
4621548
2649257
2310166
5450506
8597987
3126154
5754471
3814657
5082720
4458063
8263093
6419465
1679760
9456895
3597767
4720297
6197964
3583990
9422065
2598121
3957854
9414528
1165697
2034868
4482479
5431431
7102334
8329297
6978727
8815667
8153745
8338415
4452896
9381936
5330748
8977276
7237686
3216750
4116670
4445661
1160683
8226873
8255146
2393231
4149433
1306311
7975600
5223765
8388408
6362357
3415306
9485080
9552750
6541671
6444306
9361282
6085385
2368592
9585123
8869547
2315251
2498053
3596063
6942875
6331708
7322828
5355305
8521873
9351931
3634213
5448404
5826150
6098090
8861858
1390854
4052476
6658806
5537407
4237502
1313597
4960237
5923988
2543400
3957206
3677572
8521057
1253401
9124080
N: 85724723
