P: 1001529108
1734899
9066533
3123558
6544666
4710811
7599281
1734163
6407867
2593260
8189067
4699985
6212478
6218091
3249208
1037002
2200715
2449297
9382382
2006282
5771548
9876065
1039877
1336494
4543700
1544905
3297791
5897548
1037819
7612192
4331541
4816685
7923772
6064627
9698785
8633516
4001182
9143925
3284095
3075185
5849250
5660740
1777285
6832625
2082726
4524222
7219797
9609499
1303627
4621617
7303365
3930480
6497122
3386321
8424808
8694221
3635946
9089999
9011141
2886951
8975322
4801232
8099408
2354855
9520081
6608805
8107477
1985357
6551234
4307697
3820267
7186698
9985583
7754976
8886673
6289845
5112919
8489635
5662042
7066816
2039982
4733211
1119981
4360638
2062625
8695675
5843101
1907076
3022544
1855517
7576206
9634003
2638416
8683963
9729893
8594362
2774296
1916173
2844651
6820848
6323250
2230038
9120473
4618029
9071452
4136935
4338946
4751034
6037416
1020335
8517932
9852999
9779012
7741103
3801669
7974203
2469092
9614967
2692914
9941199
7151480
3787646
7514871
5880952
5480506
1294084
2419095
5889467
9553667
1900942
6562964
8540084
2082362
5597141
1799770
7348184
7405546
7910600
6612349
7425268
4173098
5501107
4737998
5471864
8652570
9480342
7031702
9035720
7297989
8383403
7718804
6685675
1479094
9732092
6147880
7280928
6551162
8257939
6879292
5921395
6380015
5359176
6676993
8560653
9365602
1564305
3626605
3353390
5561307
7501951
9105637
4846534
9674311
7055241
6380986
3671764
3816199
6258373
6389590
6494386
8394808
1898185
2586553
6317753
4867753
1133089
2147156
4015080
9671003
2871898
1566841
7124532
4189391
7860401
1755431
8117251
3594704
7597713
9658385
9223742
1293300
7445030
1291060
6668210
7325949
2495823
8050738
2322070
7169260
8774257
1959708
7117484
2820534
8022100
6688698
6033492
6311822
8307682
2422446
9461139
8517977
7572127
6395298
6513592
4298971
1787230
5488106
4074601
7471247
7594319
6199294
7188375
7455289
8219799
5552948
3831898
4542674
7654853
8175125
6954616
9038738
4110726
6189407
5650510
4923809
6285530
8973728
6023354
3209712
3922068
3526309
5427478
9225003
7215844
3295927
1070328
8813761
1262318
7372468
5701354
5917717
2312939
4517677
5490327
2855867
5065693
2578131
8877472
7137525
9255669
4186453
9715558
1231498
9712667
8032720
8711321
7908743
5893592
3428389
9459920
4384711
7778927
5713771
6650563
3205219
1105474
6678718
9351134
2283329
1728440
5790079
8870741
5922168
5182039
4959738
2510473
4264180
5573628
6396474
2580986
9402239
8789929
5547707
7863343
1921131
7603832
7281791
7348600
5524937
6105269
8828154
9434313
8432186
3870443
3689244
6941042
5771677
9119357
3885216
3812453
9079221
9701171
1462499
7255868
6486557
1908293
3409248
1719771
7979540
8265859
2322276
9007607
6896114
3591412
2347429
8700238
7442605
5322929
8168022
2087737
5147457
2652671
3665465
9202283
2575385
8768941
6120275
2508999
7435558
1180614
6560883
1662070
5100055
8299537
6108412
9223410
2377713
2679250
7973996
6654006
8272424
1664759
3263973
7154802
2666572
5674878
8653582
9127691
6463830
2493308
7350116
9852781
6723054
6192681
4329183
6640414
1213809
7166006
6478315
2248321
7032844
7699582
6403646
7356749
7972036
3998444
5230155
2101007
9309435
8752457
1365207
8854286
1823826
8526285
5186071
8221475
1309742
4879781
2982417
4142162
2690901
4826089
3490026
3252312
6335249
9840589
8369350
3231801
9913294
6788705
4897150
6009364
9827899
5708989
8059445
3269906
9222624
9534263
5534119
5245341
1909072
3026630
3528345
6902390
5672532
4032039
3442813
8505566
8557834
2552011
6604766
5173545
2645041
5971202
7363012
3581857
9958018
1749997
2980937
3039367
1790522
1211201
7569549
7279570
1317706
1257180
8468578
8081437
5709873
5136915
6281467
9286073
8410025
8444292
4306791
1437474
5193056
5532430
2348926
6068057
7827280
1764150
4933238
3594658
N: 73250256
