P: 216325918
3806996
1284254
8169175
4749168
8507386
7600602
2672342
6682251
7480379
6916445
2826782
3314255
9362704
7169284
7690983
2973141
6847582
6766144
9448470
6009288
6874669
9883919
3452718
3791434
5361591
5455202
3801281
1005912
4057032
5163799
3891507
6492608
8703240
9247480
7833994
2406119
8428687
6802214
1187408
4294662
8907555
1749923
6089099
5861966
9207449
9106601
5038412
3598278
7764283
1374892
7972500
4214632
8807553
6624986
2197907
3650834
4675449
1605503
9599583
4013157
6632615
4700277
1553335
6290137
3763728
4861435
6876801
5808037
8925230
6414937
4191953
8068331
1962413
5875469
4847712
7829652
5898036
7142849
5815883
7175581
9476412
5805222
2577445
4966894
8239477
8195142
7579184
1248463
2573562
2822830
5196214
1914294
5832114
7961810
6534820
4845347
7282389
3414059
5882412
6834172
9227388
9297254
5182567
6066477
7596694
9914821
4878334
1466237
9612369
2048079
2752291
3289079
2424426
8258892
6707374
4219149
2545303
9374349
7006304
4309754
4722967
2581733
1834151
2607505
6958319
4311431
5248112
1201707
6654945
4138656
1792695
1562555
9262806
3451837
7463851
1180418
6810963
7996436
8609257
9673300
6707378
6284431
8987846
9459490
9549682
7631874
6762867
3202033
3633272
5859189
5895058
2304803
9198730
6644395
5050297
9032571
4057447
6954800
5150027
7583112
8685153
1715898
9565120
9538612
5478414
8972040
3990552
6716062
4896485
3372497
6086227
2790370
9225156
8599866
2109962
5875175
6153295
9473663
7129078
6994272
1091160
7695123
9378998
3242494
3000117
8361297
4621877
1464347
2162991
3367409
7033816
7748821
6448823
6316426
2400746
2802828
6486255
4474133
1793293
2285864
8123708
8437878
8714779
9007273
6913872
2510221
6970907
1318457
5794785
1240553
5012615
5127205
3307412
4518229
7490929
3764169
4417638
1439139
2880414
2786499
7476325
2742388
8286476
1059303
5836558
4832254
7975559
7513816
7804813
6367446
3930275
1708800
7973380
4973120
5068214
5546207
8431659
6146845
4220014
1309858
6002409
4985359
4175999
2946948
1683662
6664355
8225505
7351695
5695862
2217515
1967734
9345611
3650903
5759415
6547694
3426099
1220923
4558856
9348761
9603590
1991998
6855308
8342575
4708647
1521087
1450891
6366932
2544019
4479899
9857574
2012995
6356031
1014254
2455512
2314275
7696285
8231946
1111806
2569423
5545238
5049340
3374491
7526440
1352200
4863041
6227720
5381377
3523548
8273109
4515181
8342482
5498011
7186381
7888799
3458993
9708260
5031840
6548546
5405248
3494198
5302310
5927273
8157052
9524545
N: 80103674
