P: 621636757
29149946
94463571
68143338
99051034
79975690
30484691
34849133
25169059
54856188
40683480
15128142
76817150
88067358
86804572
51863180
73453637
58318468
65145432
81418661
95808383
10912011
18270460
53148853
16143565
20758744
67736880
37524031
57143570
56760534
64523001
61394418
94221217
39942855
29003609
55515486
64107832
11638344
78205654
99368336
78776047
52728678
76311461
89052142
55838569
89042432
85286052
65462234
59105960
57729113
53037963
51409996
77927836
37000682
70646611
73535944
35180791
29980045
29439044
22708300
97415603
42670545
44570077
27508603
31112217
58737169
31283756
54765319
86668117
11889428
14200579
64842245
94158636
27394354
99913051
19652586
95998638
85771940
53130674
12272673
73464866
90696827
41286135
59349558
82163733
97550109
22146051
59827704
35202795
58150817
58817630
80064607
37949861
26825564
69211891
56750029
54787456
51179062
27863617
31734361
93908918
57594568
67845658
44107730
34794882
77627645
70457211
11653268
85139593
15878933
65625942
67399932
60941703
14727562
43724256
65598297
84967704
68472290
25293365
25873320
19922477
11049268
40800908
55216489
92235252
41592571
29261257
39891243
42251263
29557002
49119414
15015384
63551726
35166498
89415588
65577486
58852410
90070951
49357031
77436939
25574310
36426970
59434513
32127723
46865472
71255025
14107089
67244686
63882024
45810017
94609148
92126851
94017102
75600253
90149741
37189854
68053967
79274002
58103922
36162492
91606089
73676542
88457703
97705770
37068921
54895917
75103564
51868588
98469446
48039928
19096474
56603531
32266641
33082898
50367840
70723068
20759931
70449768
30033658
99475932
29916775
52326006
91997759
80527170
53185713
94692052
77958435
91978586
96351206
64830084
49402046
34955866
45177975
39430396
70251769
82039004
49480520
88104425
65332597
39727604
70551632
13117578
34298505
79654380
48012723
40635173
60721087
87929652
34214336
10243678
70593873
30524301
36094017
37162468
85609660
84484099
28947607
63045015
89518956
68813026
65801690
69940801
44027148
11680633
75613687
69334411
30223450
63277694
12430472
66388730
93327864
83744229
49147630
56032480
25636955
81583961
89853956
92053002
46651165
19027977
91015217
82915021
87374742
12281337
13903360
40908275
76503595
84524638
27628715
33123238
67016942
99470982
57634603
42205516
27143159
32551302
44865582
24638266
89035758
95151229
59386722
23911529
76322952
11898171
13767309
10070279
44813072
36928988
55471485
36420580
38537850
70358711
50362591
70590162
52517857
10483905
92156622
37903762
31029372
55205078
29965630
64789732
90136898
31625372
72627112
32975169
25830295
71920823
30169302
91908482
70983364
39940634
95896134
62818754
16590686
59219989
79641702
38999493
14932484
91178225
36334926
39250513
40661775
29303974
24210870
62253155
38820222
70349789
11461971
50849577
58205251
14750117
48933432
31096187
63303958
28470195
85518684
68274440
38052556
13492034
92501495
97925365
78782457
68010724
97088959
53220633
28826708
58275873
64128860
44988245
95389478
34997828
83952001
43977510
72132340
20952851
53105910
93495311
58080652
31102000
56698926
33398727
40081067
52619225
35627049
90093983
80991592
20800983
77926703
58942692
25970321
69510535
30353760
24400048
76736931
82910918
71635062
65246176
53956363
53089357
19097177
83750984
88806011
59688866
38128163
37673635
52706441
54679400
31511855
78845119
68098727
91796270
44249753
54536502
59428153
71317008
15486044
17933906
40648321
58748207
61949984
10593159
83806902
54861601
75617867
41692709
31374931
44182483
73075640
95364646
42375031
45819323
81526468
63954723
56272830
10327736
53537035
62709683
68570799
93878536
75514224
22617513
14084651
45998043
95221507
61688959
28789226
34342417
74100430
75377630
11761072
24983334
73814289
59843044
37039665
75956453
23859080
31145849
82675787
46297766
88400494
85079834
75006754
66227845
71123003
53544167
94076282
89900615
74346387
40886086
58100351
53718889
28957639
31866527
17662816
42851561
83475108
99365692
13436244
95438694
52972674
40832419
47598340
50659312
75546956
13340642
94120840
30307026
32048861
84053324
47591649
69468377
54796054
87696797
27595145
37842234
65031694
53405334
47855229
27023217
55434870
77155800
54052404
33454222
30850849
96949571
20134553
70457083
25213896
94059998
18522064
70199454
23385206
88662607
59676795
61952789
48706084
52075949
61472778
18001081
67152713
53086182
65160174
98101380
18176305
48620215
97431734
37377729
82852496
56719567
42395127
96387956
99384401
44978963
51156993
69577363
11749118
12055533
94089928
89007981
48815999
17455478
79572505
11896939
78935580
82292291
96567747
93238940
79490756
12642164
96379345
65882217
56962888
34674669
32316833
52405441
75753671
64125844
67108097
39695313
89655197
40453812
22014801
24106013
91532542
79377954
96024603
86534629
48402772
27491372
70747019
32285478
92355483
39610761
99254365
38835222
98382545
66204400
13039634
46116314
64446083
94458921
22187645
90440390
29953875
24540918
93646744
40415940
50884565
55010269
82030217
50667829
84134761
12171596
11021620
41969919
15364231
99858254
41626952
52780336
16621408
30188356
47128037
22109540
50557073
73404822
62936402
60434725
67572560
13294193
80593183
27535133
80458275
19525972
63269537
59755691
66607196
29199364
52039547
64076529
75979562
22939768
67036756
99054547
10190973
17481850
96141241
39917348
11640603
37714037
26179024
29113078
19417504
14592130
67448585
23387963
77416425
73757017
34449637
60963484
43999580
94545787
91147711
67073261
65208018
22811978
89802638
16199851
28523426
17106837
10339576
29707002
74680490
89860742
67857749
61085964
19479698
44408828
65273775
66687606
98712845
98591632
88817302
39182045
46766561
82473288
52537095
58737727
86024249
20634937
22345718
35310254
75090496
57614096
22437289
32238411
67156327
32756945
77672206
57865773
48294207
11150305
85407199
44870952
79489185
27512198
74939373
36505611
70594834
26613113
39561560
68798681
79901769
75779649
90045165
73513720
43631566
26529553
85311059
42143662
74682801
50635046
54578159
42641021
38088141
10235765
67235041
65918594
14821361
11496442
70214298
53275617
96701493
24282554
64764295
94630659
83687142
68258791
58114837
66611137
23174098
57845194
81319872
81356704
50019783
96040378
72974414
74277686
72255422
84274052
45010642
55355517
62366644
24208081
72196423
33863031
28669340
93979692
79143269
79030514
51412984
45296242
16919962
48926813
64104616
97296420
64668413
47036754
71200723
82498850
35451593
61053705
89228813
41949910
44341731
12451853
89797826
49649792
60609463
13006687
36576306
66459566
94243074
23251760
62145777
68607039
76020112
64561590
46832541
77601766
54037402
67312485
67416984
34359477
88495098
96025992
28958687
42952111
96884962
15882009
89302090
20045121
68613845
90499758
98215198
10255368
10778199
41355792
84762420
52030288
34631895
19452437
50622688
94270242
88839308
29930268
49417628
66386651
87288273
22515611
67960086
78224507
85472113
71933623
36007668
34247692
51664410
92258635
23728098
95393312
77283551
27666744
27245358
88751221
57195601
89764206
88207405
31214670
36974251
56995671
27561561
18536393
88503466
25014639
64942288
31228197
54930809
65586529
97219616
78069448
33763730
62492761
54632660
61073277
36848234
56142790
89259627
73186335
97251596
54178134
77178014
23975446
57127741
15433733
71939145
15359922
93534920
16927885
67376256
17113826
79848405
89926461
80426497
42077742
70115074
61926722
41330870
49262075
56398358
90589823
32755045
99434289
13208242
42452800
37111833
80797427
35250065
89189083
38383595
35732291
98547044
97833475
77786489
41336081
23388037
94769293
68324574
42339074
70831421
66348832
72506600
77222737
68017652
53907522
97919773
43475751
20565386
17546117
91404487
50778470
29280772
82242529
85806663
63191367
75481050
83571864
77648835
44076102
93322804
75990943
70037887
37999885
27508784
40917841
20281361
87749806
53494917
19030985
79736981
71702479
90041121
97277021
54566682
15101015
90231649
12621080
52734708
95969524
72335917
81128339
98925365
42070275
28703839
99384501
79034033
60688915
81470244
98157321
97025216
66454774
11748119
88856892
62149533
92382026
55661003
30212375
53230353
55211530
27902789
37824850
47943415
89875641
96364033
91183682
75184090
96011730
58475152
54597612
30071868
47434976
26603683
99634394
73366980
13065690
12718965
54962364
11189215
88993446
24202938
26280291
20095462
68135947
98836600
45505832
29661336
33538113
73154247
60705725
45916650
41111767
56852481
31820199
18262985
10223621
46672106
11011671
55490634
89619888
88039716
89946251
41699392
46596547
45724781
37129085
20348091
57977636
18800803
55556611
23941518
28226402
15868059
20098496
44733588
17177138
85045110
13809255
99671858
90223316
88323261
48384851
20861157
39646067
86327752
50011420
96985947
23611177
79389501
94483687
84754756
89170367
11852902
57500548
31713444
21770756
46242090
53735709
76345928
53173538
66114843
30831776
12340745
40415831
47828795
71917437
52442301
85934444
42821281
49797842
80216520
41955212
58980266
51416451
50544823
21253679
75193568
53271246
38426718
52695765
94358050
42985529
99747253
97551551
52230079
54381809
55083295
81101327
81385326
90967384
56103543
78180950
57266313
42252969
75548269
45463245
34474294
82381863
18813290
71160261
85511658
44824245
91638788
93127505
14114589
22761267
90564816
23490483
69876092
95433867
10450866
50406813
78963709
54273183
19688813
81965775
77831636
79546522
87284865
68599238
50125293
88771750
89158563
82558545
84126746
33577112
30077246
71186734
17624319
19581931
12252239
41938291
85949062
98236238
74033934
18203674
41318309
61994198
45959761
16491466
63042598
65458188
16088324
88288955
54374274
72789060
22880044
69967900
14864657
27384581
52787322
40221123
64419662
49542960
95097339
56066452
88528698
92861953
55651278
19321699
71023983
74292465
88929908
87597854
46699877
25128604
60067672
87888401
13705491
37820087
71109620
54890983
62311882
89126261
18751655
46229918
10221063
74011474
79771813
69162400
96969476
63280922
19216755
97274041
28654137
95581689
67771725
47535701
73589581
19130703
74691721
23692571
20582114
66354577
60837149
47861437
69664377
43972445
16758795
81096646
75494708
78564176
63588800
10355772
74369892
46372212
91616269
18366994
83373400
14576563
12672694
81504360
91491460
70565377
82686877
78061964
72705464
53107799
78564112
12956818
33030567
90330008
86481522
56413220
60945581
27828218
86927309
N: 68195327
