P: 335516574
853072
569950
713032
974008
982977
122879
985484
671270
660900
846727
235017
774535
194109
841984
348733
122499
199744
712713
212292
883209
777909
779183
205631
667445
522229
622452
613124
934092
532246
480002
821178
631354
725923
663646
341298
213610
212865
973360
290596
528451
924040
319549
969216
999610
655803
780647
908088
332122
777668
782096
118297
407821
235987
897781
329065
219595
575855
850009
168594
953911
317154
537100
359705
468590
833566
717101
870006
603421
736843
773387
628486
691955
769619
615455
506593
749223
135515
377938
973844
790340
377664
219925
336299
653655
795603
995766
250916
978258
221819
529306
795669
803363
882749
348612
523818
318807
770251
978074
952965
332128
833013
730397
162520
786328
789976
827370
726858
633137
219757
148827
759064
250191
968569
431577
421278
733882
317961
319022
403961
252425
749250
936753
981958
647308
417046
993702
710670
582419
281860
581449
815774
998453
299367
582832
880177
560201
812646
703453
148854
260169
367337
740421
285799
207396
574167
511970
297985
206523
408752
689754
824690
195118
318587
309729
683228
886457
134507
458278
292282
518994
122702
848655
837583
371923
774804
808745
332801
495239
247619
198273
370783
186706
591892
785740
839270
807284
102089
404310
333559
596316
253885
235669
533099
126512
794298
467171
967641
223414
243827
178940
425163
262141
184542
301524
750980
486847
667024
436805
965962
469461
333819
853158
324518
974901
698163
842062
467458
314956
828395
623600
243230
205748
114067
692705
437610
565152
789950
456411
345219
748537
565827
501741
443088
399781
312171
339214
936046
395544
796483
685240
179991
776075
111208
201176
193201
628385
336252
346371
971161
961270
996787
119204
891609
159658
927454
625639
758282
207869
432891
698799
586074
216388
338077
495754
539496
304408
159780
267290
190342
113643
888559
418068
906300
695458
878332
500115
875343
590467
142764
444471
824869
129567
192520
719622
333685
405519
984678
757638
361851
524482
212130
110608
892553
262161
882993
779054
954489
816435
375234
N: 95693877
