P: 503687688
258793263
400225480
542522552
683753332
875605478
898418767
424514023
625787391
520401483
391600267
714073159
522101070
795441858
121171458
312300077
337203948
938153112
849072462
862421263
585298025
395221915
421878856
648897271
736613348
369918266
855299408
575586333
320472001
253195701
557524116
624432751
328947628
774644106
728893498
810913638
463328081
166639062
729741378
685192568
765308298
827415056
964209755
111127032
952194112
211845952
160292064
647928523
633987521
658290921
621854269
358489718
421622891
639744279
211483172
511779009
923129828
944030987
939864618
636892723
468228681
218614792
918996311
222452369
681847894
409048637
869485591
983088541
360794649
776549399
534987491
857537178
568130827
579984704
181280289
855587281
928798167
100891725
760506824
120122173
510445565
489316269
957457756
105696071
492971775
342535752
875414434
389883747
184393693
886012457
121174249
810842268
236949511
969658741
652807086
273459559
590290106
148065050
432457086
994898075
477793726
260575316
467672703
643571140
685148577
238158948
291015597
966992457
659911482
316932621
133723078
736725571
393200576
271880792
807787676
298289823
825716807
325907079
548080461
222357109
560003582
465973588
871673893
808253186
565760616
746530146
988891660
486541549
709355968
929850733
456885879
684977643
863638747
240361824
983713320
237468670
347404404
376561423
360530080
729646842
434931899
966188966
904618564
321310741
522436911
477370545
801951125
162315250
994770266
520456546
573949788
834513637
435879933
439262184
516481504
363230790
416277311
448238459
336868871
725737477
432650310
294134667
967364476
711100885
741006921
525497574
213840218
884662029
235371996
428304825
375107263
800475107
620823513
409181392
302606590
793081225
875892890
817534059
429126808
678553941
310724178
151047119
287738070
826381669
800580439
729464428
640057653
355511022
962356547
706785440
708144480
153917872
554457534
932282986
979854765
195649372
850371420
529133805
659788811
994738628
574958225
956289521
468914488
601600072
161796936
575138395
137447248
309418432
893539507
834199695
219042461
427343694
836837885
578776263
783735779
985294018
333758334
814555692
311133889
127765753
771359735
270072213
160215293
268868473
995659729
185916492
669875600
539326576
668577185
874064031
818246180
298664521
649042273
728085530
839612837
384333839
244455016
667640511
806504720
712582311
934812599
114152500
716031654
623311764
842160332
574492429
795633129
935177181
167994435
771271904
991779650
835403384
877151506
577244903
662713099
415971872
794823911
392363362
432248799
834963812
825533537
698271587
269897973
844632617
602941191
394188606
112541897
336657599
961095976
170117855
261679959
740237617
678487851
658248209
157715283
751371722
488364371
780886984
604131170
369913617
256631831
111981857
258982338
587474361
458546410
123989938
304350063
505671991
390720372
617226357
727101219
741387608
765472832
430342470
558337556
420163585
854437465
176330172
280800406
257333965
127122362
202542483
110181278
385504368
457598838
780375689
655394757
933000186
619296136
937305528
147396314
362534587
337292987
871865160
385778653
334486056
549108504
617924898
268647459
321797270
408999577
449809914
956550780
205057050
907953039
725901115
481205206
506513097
610778125
661207171
508016246
791285525
603642779
436136192
806760166
741528743
951799911
227917000
502909990
367602423
826096448
173529692
687125136
284294121
882405507
190748777
837954021
292989657
780731702
757234534
998252630
493064300
132334848
349764220
417389597
661097071
354259754
930790829
171559342
638842003
501134172
404257224
448427857
204449179
178805733
495245368
933951270
476188401
369586178
669640117
797686608
709814498
211805830
513177784
488267225
607269536
409673530
486018565
418434199
755571574
732683378
109130278
162325904
444357337
317236996
949642971
357117427
924884269
847545234
560221740
577476170
360596515
176824170
549536682
193743645
829469461
774316742
367222950
943004814
924770336
957488763
500336590
764498593
235087537
773415823
314725148
877971876
626371226
698301838
463458594
475542783
743846338
612389558
576105224
585354757
910477462
928751911
495630149
169751254
561003650
854674122
167573350
445041029
479815685
172888807
600646622
999910772
616258692
957075700
759425293
443191408
871454766
737226721
950137497
692340231
856412313
451127487
643708676
629667201
100313257
367724082
859431590
387410387
772259791
442139914
613469375
645864055
581908532
911261472
951812367
389046188
474989577
933721713
135543595
711613825
417665121
222138412
354836485
796804144
560653347
235544140
190479264
196968328
323007592
699177930
604017184
259367649
932530698
845713990
202335224
128110819
287222463
206693838
636977113
847177866
112544431
942524271
657056489
672904752
494751774
804150031
197576973
723120477
476949742
910668755
180476074
541718816
515669562
927075566
938947615
965839044
553302050
216428514
835626609
582275584
217204972
231479681
825509487
851370763
331305249
419379814
509398842
842693146
153169111
196226822
321570551
413409762
877714790
721484836
755583880
225670898
106335474
580972553
718082638
551068214
641649279
300840615
687501357
242144561
771905724
973266444
201628002
361976120
626055994
265123710
370904008
490699806
127232798
246222665
963310758
898764042
492646239
515713890
169351496
900387940
719447669
688847898
529698273
202299706
137230384
229371935
327673314
231812471
207209073
735609671
929708311
721796623
447599384
963023087
453504383
688017150
530566281
577908013
770347063
917444433
445940192
880559741
603503412
621234379
412936790
466152530
435528682
133373171
232478359
895786770
244824890
969256213
509887663
963379975
657400955
254914750
852326382
539369335
744585231
415344963
314636419
878010971
452589054
134435557
515714827
100947738
749097305
247378764
579433079
892143597
600562244
553055134
495829035
863576691
410252466
118486319
288860896
312720956
775383632
625990613
533594271
599007562
739451876
131313012
601285490
421932925
134360689
617967270
133885990
216740563
769064761
560871594
753133184
438501672
413748243
699851437
224547097
512316512
628499053
596258385
543697697
652903437
731653985
943765967
461399723
581426537
400851507
458767061
380784133
413798384
861499114
834836161
372888326
994985907
547928239
806371381
348789487
513550014
214553249
549280586
863560536
605666541
529709590
596292026
854872894
328262284
148545695
419218800
430469708
615504442
937356648
779404822
711246069
977335955
315735496
230649853
236357080
552855793
416528762
432165882
335897644
985136189
129822410
814916203
545370847
650641997
784590367
779292380
533467427
806184567
278613741
865168848
940870082
429757263
959606611
808591043
507955363
833791537
648830565
635622112
342245934
210237491
150896910
799483834
909950045
945259339
723490796
246923077
205998163
310076908
467511684
585835028
599543184
211889626
596822281
997127422
650678806
139268831
689006246
982171754
946389040
525165100
288525452
866446610
279772131
964897377
444911759
313101727
742425838
840990321
406770801
914486175
679457225
166031286
391605672
844737705
412721472
301367114
983568655
579349032
422647304
677675640
520817520
294833586
845022311
970436700
990961408
837562661
223454012
685695793
524083971
778317955
707382023
810076193
615049277
812944234
906081695
183050401
590096028
591798590
357482214
842526838
438076681
465413695
814053459
259364521
253467953
528743519
878430097
576752705
397958559
375333919
213460484
660455896
411250312
511658567
299996782
892698427
561275254
119328237
964219039
681314809
129799453
993724115
593586447
771086751
489951531
619592066
957963214
216699840
616990986
829002329
387235662
119958536
410294430
926003839
249501812
711600967
682426316
516311372
571912716
580915991
497109948
579467708
929070746
260040825
999869626
514604273
823567351
161777405
660876436
222173552
655168845
287372165
419747699
593583033
706574609
231655185
397579822
919650752
238923696
727912995
144051172
194189837
978323722
125114016
887938584
378542949
581870433
507664189
378389282
987044936
217602230
922685634
753694923
488797867
580995279
197150901
230313927
712232260
635760976
849371733
908762967
385048006
575523925
844276190
416317276
415238832
202109714
658381405
436878327
792643549
532806193
955619517
605382262
867403516
689605360
158069735
118554245
665335807
289314067
412341936
144174769
864501300
392986678
598791048
956387559
311788426
825029000
803271683
305008706
570694005
181379667
890099298
782856017
894708643
373468553
323296459
378485675
575829570
735749306
891933799
516302849
317584967
838123146
121296145
217175263
637229995
329485570
559995029
318055585
747536902
805402212
623826678
812260142
682589367
819358844
846263913
713737263
999598031
671851529
947989723
882479596
206247699
870854126
584799865
387142208
903360441
918043680
170580578
512078775
174465113
986282155
513334061
691664276
635053805
895195399
429964707
291357243
412984175
846282719
150403868
110487762
220767527
440755467
691986544
993448554
841570305
212576410
559938930
575334487
140706497
991967662
713387484
361531524
344811442
952026187
688588958
366263300
358438997
137973915
284627522
994794055
109654016
410649868
495250915
866318580
639933526
340935100
828114564
317541864
147010755
878114284
923667682
404830271
445309227
263268902
641082857
151202528
306740057
395812797
700891525
838579898
486672161
143295055
417896244
697146434
365028400
209781697
963437042
987492028
337278909
571478952
347637208
242181073
223562619
793028621
276833921
355217513
323413358
235058041
918096798
888960788
912083289
455914921
449509752
557171238
713427624
699755388
787205543
927665685
214961106
404250010
753286176
241291684
161560415
504621641
908765832
864081968
866115020
346161169
743724741
864832521
244531901
590981071
617156687
533899157
814720349
197374158
754584087
543242081
333260000
506103620
120826490
121644703
228161498
320987103
454152301
429158414
620597568
744192107
232211677
141166976
328449925
823237482
897941144
800605314
433872860
269922161
123064008
782600439
760239036
988903918
233136948
230030178
805636345
936974158
504725403
946062303
191392797
274312190
896930103
419144860
140164836
208393997
423137544
223801622
830125740
159543394
700600139
715321309
447408040
210077167
736206189
457984566
938218310
532002335
649854676
171910314
805040897
693693729
208416178
790351905
679794100
585910459
694759111
183970338
396984397
813982249
953644763
734744275
807556795
982165776
227623281
649018742
575799457
904939186
814221741
590297862
325558064
929523009
952237302
359278376
301847541
676244196
876351593
543749747
104337944
688831596
661970894
139549768
710249577
134178308
717651024
128707730
373898250
459985463
753723082
205001315
164916964
951445051
295153839
125080559
953650116
722484835
114871715
456008190
964267671
251045852
588585565
146833507
732397496
459456496
966267550
143124793
632642174
160824951
147273465
441162028
932102031
711199000
728912610
256732778
467611591
823061642
917385884
334781079
471812158
787811695
426513925
373414940
977126847
422757623
150103161
499479195
977288758
340026272
610856120
125980277
669792681
191768316
713431201
415809087
175264996
635119708
886256623
953879155
821923246
978048065
211146056
513788296
451291907
682814886
533698732
848901910
416873657
101363325
797142517
998201900
570806452
964854796
661026840
449712735
984789636
902124908
242672496
241072391
262582560
415340403
713582747
529721939
533657475
253909712
699755111
916768993
833489892
243139300
823694239
112622811
528367802
329810630
513050366
451674933
795556134
262888437
773505405
417144551
555393099
271892995
438949730
428426859
103432106
272765016
499379606
121285449
933393414
467801441
532103170
861987873
961480409
880769313
779955500
168846717
821683977
759244052
830232085
144967358
612209176
707205722
138072048
300680433
710096050
165576852
630288784
406897607
360907715
312148207
382426132
864627931
786889401
239872193
760687937
814100834
211892949
973714209
582359374
928280106
702867733
470506431
843574989
310989381
942634887
937120586
795274082
635346633
749399623
132514306
682909401
664123478
848663108
374115878
690368540
985219377
752463488
392265676
389336958
410347441
456765235
834088764
488158534
686787453
347113589
121774264
932878194
782968854
974688058
564932470
798397743
968103867
652492966
749323272
164917532
224692869
359988779
519293201
688451767
259880354
975185528
567485517
210171462
190788799
438441457
520992340
735174954
647334003
129587838
477440358
856635764
683633289
334989610
388510039
815960288
777086598
297434200
673261701
736783994
608588063
707293972
277532749
497798496
968552156
890810240
872139502
662214267
953403944
569406440
857308011
307010871
798260598
118722290
483157579
626181681
760335775
317513153
153511402
214454948
192580684
799607296
797979336
506998725
711351669
585238609
783428830
475622927
733408588
414466377
138038981
707806618
370888377
546245506
478359679
596093583
527591569
861695729
630270019
453297133
107578481
751086643
257940914
337174259
114604723
288941929
117867414
390676243
527856193
344616194
913045635
794783819
213307731
669016649
432570721
789927824
377767571
486173353
965028567
722621138
642770213
648453680
792918030
904755225
441727346
133128689
341717822
655796909
142776607
972475637
531435614
446918160
429338722
844363462
586264493
346783317
127051170
102429614
928647764
525371901
863266628
401667089
646438366
152546538
189030190
825213607
224788144
334929413
408393111
526862302
352514251
918422039
694813906
235344570
304110497
924703484
472970146
537939102
144968737
243146729
152244297
332139681
571144933
928024103
298838408
205762795
114478454
722039113
681277991
513330905
770808251
677032960
686242967
783278144
646788873
562354363
466597882
816439369
751183761
791961370
650812127
835729124
900382776
856728269
862197289
695661365
605416738
861222654
157670711
229776255
545940862
861730709
622440692
353892367
544117839
859018519
900117216
519203962
343716120
885708060
411838168
873334933
859162484
720570290
313806626
710350236
554604122
697200381
846905295
247655157
660499068
264016458
333999482
954733710
906500845
564304533
943723449
865624862
567823696
951756671
822942438
692272833
137657677
147377416
420283285
903654971
689986421
693061935
210653677
292031687
610411424
774410492
349287905
972548899
343182393
851498458
342833764
173338421
102326070
352450339
764282595
776502113
707229938
389177360
343499541
845631549
971678526
339564214
354598108
400405237
537064899
226119686
901853596
948964428
840923598
586922908
436116944
436854041
532275436
128545515
795767194
975561504
886199726
926462251
271965581
886501745
562774409
958515432
481588662
171818866
559570039
943090411
585514472
206847466
937813481
835534222
664990569
931973885
639664983
611671635
553026777
170675802
114024063
280415163
318577071
656924004
195648580
702084321
402904647
258941114
826786588
138796889
748110712
804331141
888705185
760461016
578421706
673478838
622797641
733889952
107989314
948668560
424152408
727662857
420658025
818355079
942456129
669899347
863904507
138261099
557070871
277454176
591808562
704153916
206090102
892416527
129906380
447380438
441299339
144751106
531401797
112187464
751951431
819933995
983259508
806106195
568794348
184695616
876581915
749286038
588497466
956493627
783615003
783990567
809683151
414193976
232471423
431079745
741352864
496389923
925087355
659391758
626816292
163431954
642714217
586345064
696171037
319433758
647709070
238893687
382735902
424028126
541049854
584294822
257131691
835742840
981992250
179122741
607471149
640338462
537936706
621117170
225048667
572571242
543924508
537337867
765325984
948667424
161540804
101376202
695426656
875119115
109666510
152478429
868838363
827040588
591360263
882929306
633364715
692611652
465459335
909652522
455608977
168175728
556100699
336728077
754235964
527501489
635088201
448644454
848167836
843574539
160453392
163390198
282392776
138586308
826817614
823842958
489663185
282017923
177390323
778546552
632770998
784958134
961998610
190179687
235004782
944156640
256992736
364440381
432628513
555776613
495403764
807023792
645346154
128203693
263059419
363075283
213044697
108779388
993382832
675645182
878716153
862211998
986084778
804378646
593573275
321956649
665278153
502786092
905078790
110599954
630004452
917101687
599681064
964308289
272368182
583063072
306436393
394853955
631196067
997512991
475112856
294131335
876817789
429142396
650945826
856031963
401999873
568737552
575427111
244628151
192022063
928728912
151806969
744539593
227850937
160196179
949410489
752171989
482033701
449099389
234480537
442160611
809212630
839135849
918173196
695441866
265251789
628978907
559150830
153815135
799303802
682545245
829562664
121811310
866114196
688265599
212419684
702742550
290639178
111641434
536872905
369679730
401789692
333288065
400039103
445772005
509672797
470097442
432439351
410071206
958607888
737064311
814861154
202711671
846598313
297928116
571668641
699743446
574927916
792604174
338274942
110821536
280621161
828392190
643785742
964361760
339576496
880920891
432105427
457780232
948959996
592049930
311458343
328198904
916596282
359957675
979164288
721021183
340109534
230833849
536404113
795279574
948175777
173675771
569077076
350390006
149542720
194162571
876855287
751787120
426670061
248437945
699104783
645322227
148214097
417399160
846289293
601662247
515861601
805414431
958869697
694411320
180539549
913674660
360924959
130207505
258223657
685818544
438079573
183392474
800554056
403645259
327046709
966623273
249304525
658174334
997091223
509760707
401223830
744520430
375808709
353432732
360035760
344182561
581908932
875556525
166270658
327005229
241396235
293584837
128398003
901751380
958726390
791510791
829318713
424697855
258674828
813095024
362719833
418095574
413269195
630286907
715490484
603715060
347263689
593109461
333737741
754207512
435390440
185299727
669276036
220275142
447010809
523053289
672094510
276385589
144087332
469546499
488094577
898893623
763111972
799006139
580639775
510812952
682127583
980959826
725347819
896736657
245712297
546426527
663837430
828308583
192900797
117858258
260534569
836155556
792020147
842983845
687439570
401972914
771950955
122083456
509459083
294959366
115091369
368841027
982911829
817400292
221876427
517634263
130007511
212649133
510816018
179610470
547766312
163027098
744337310
922589439
454821728
313674476
830591909
868724321
498619050
120587049
286195965
395518801
937871442
596801695
560828228
662534848
496330950
654077103
757392596
308007964
308091133
966562857
356144591
658603926
294016772
449749681
960735544
714659372
409747186
849814114
903331886
842105682
925935286
385987965
463404624
317552626
967838216
946302646
860183489
171561457
545842610
525754900
598892662
403062454
418785156
160024983
833647060
719180009
270307892
218308667
668394396
734486853
891720197
586629706
412863914
454648901
198847555
196370120
868253885
357937026
569862850
701950982
695061721
933988865
389552149
887250397
252666883
808070980
851197773
966985977
977828787
595233484
128412455
839605880
652246906
101163787
255426176
444888070
440725269
385211613
754953354
850794785
890965482
768861791
539604733
984764888
784658921
190710283
118059398
808772096
637918522
579101109
480773969
379917784
668789388
673385555
807683074
707973274
933297473
592144915
177856750
389217775
836489783
563060428
524521189
720059179
573263611
136480515
523892403
976023127
415484821
173284630
933221461
829563314
704024772
882476430
512361290
109729026
874095286
580783590
183950844
755786847
169068370
493194955
304070657
364220370
745819912
330087266
519085693
976252296
165164591
847910219
355249361
962910755
958678022
611575206
656050301
406948621
344901260
310801645
966106034
528469847
683108451
129465622
263554434
345632480
220007190
187255770
963219449
971503421
662471326
370628771
267280249
447755659
294782786
160900461
456385892
392052915
346023989
344465427
827947143
110896802
216093876
198968386
505702193
426372003
533972989
124060385
588478244
831922018
200850055
965452092
153292731
998621971
636509704
493329887
944055558
670370171
503680196
902516051
193001224
210917398
990318941
196327858
111465003
938265961
175898693
200168851
677679702
694398505
545234924
976312658
371992112
847786761
757641448
765423955
773023302
905617956
589161119
304047872
522378644
384789943
841134018
926148656
681915956
890670301
471876151
657037661
891243373
153430618
688477771
413788309
665488109
987115196
189640661
339239180
884284114
481839050
511546820
359054789
365573883
178379088
332339756
703571124
403722947
390553345
619979495
311932596
774190019
114967097
616004239
829681793
456288494
578793101
570951010
147895193
580046343
903188723
473569748
310060925
113000717
293593819
339446259
793873396
778465688
302992551
418917633
986027972
546995725
933011324
593891531
264307295
531204681
499906412
213387573
300993747
297296618
754869542
560008284
536148941
582887692
515467629
250680192
378782506
752828608
829752333
133868669
735728533
319608126
933988055
597032473
843802686
134709290
508803299
373517271
323910436
340718599
835838126
418252863
120222927
993779767
387340937
343209964
229848913
299653053
746396363
871402754
184476753
642108288
540051499
561360704
912118447
264106363
419979913
457346176
676171155
320245058
220427842
314788013
853270363
614153818
971409893
891197283
951436897
474816085
755131231
938511729
551323717
902718322
196828916
492618370
712903719
973463408
494966510
643479601
717088666
283310955
658390548
444869003
838410560
946999700
196934733
976950226
357719931
680053006
804533088
635148130
173639926
367272435
200943646
897910064
573666829
724214488
639770247
790847365
135455960
526376768
339576412
393284655
150956793
455521363
672115673
936297916
354921651
963803250
184120382
705801984
812304483
684910723
227158987
346116452
133624842
964207802
334103480
814317354
105003024
690312249
391037364
185868514
740358715
696649716
103768760
608849295
716494031
569031534
884664851
730486797
440308811
543161764
357809521
701056544
427601566
411202886
468392002
780117026
415685509
879799672
715987577
362293265
774831880
919416687
848194726
165954369
318512767
345733383
413645600
766785288
257171017
749697320
864929724
613083468
525777355
959754180
501625352
799586094
369619506
686708116
794995695
125712611
644954650
521653837
776422140
601559591
664313575
512319399
731176565
570960438
699394481
526279502
485520992
340809823
473782244
920539786
398256982
951601480
286070261
822098806
412148402
966798202
627436983
224703823
619155030
111958028
427208947
735612660
561976967
791549763
179113590
785656315
760715577
623765850
599740718
450953428
282201950
331469284
853283327
405525919
454500487
409970053
810142367
831034332
823887688
123324568
877692982
920987182
894646672
112655223
114515890
112437684
928259346
326759295
754149556
474732768
216923636
697312378
244591164
775195925
935609390
112586488
657314324
541749712
799307567
602083905
895878359
363680734
261800220
736645411
569197120
454985563
206510544
992672656
349361261
670250293
679080941
140431580
269463047
927311799
275745612
193031743
383147541
694772543
226741116
441418898
144545766
433401518
965478722
795949368
510360806
938569593
450038502
259387881
641849189
725606386
800047978
598284534
545343851
891023308
805482943
360500436
951121245
201597924
526167177
925646686
340886273
490666166
842702764
918467267
954003290
253870102
124130504
290918819
611577206
255519133
199962463
730868819
288942543
559019100
908895229
209624178
198607396
714126848
556354683
782965380
788913839
809205706
929982331
682402038
125104224
957292884
207882872
132321105
219761808
944312437
279975354
939252993
309712246
983650022
363896753
246744817
666789182
942063620
934453506
434788269
429964704
915714001
389839352
731536151
349893858
473759759
676932366
395331433
408881223
638114568
815882083
810195919
495494453
883113581
245787169
531266353
961946650
571859480
526384691
412878035
769558569
237086422
308400251
162750820
523088102
815693601
759695315
837002695
990330119
189926093
690090380
547843576
783394402
705817473
529828351
971071691
232889948
210748588
984864063
466880516
259076594
313155411
382019044
865531850
672758957
592140931
654742341
687879382
992928873
931357814
483127907
490505393
218360779
994762613
465511549
699828628
308171076
639304925
332252913
954540183
197673593
956068792
309170505
286915310
202868176
604785385
303924807
645469160
317718013
548473596
400019354
620167306
955301796
112119449
447321371
542085285
102671401
850006245
263866041
581856086
376581634
472509485
282984684
115332644
930793597
821863295
674656370
492662243
128717318
143543161
537025873
724633568
511386905
761431031
800017617
568836855
528995759
974254367
134956471
208008468
330493278
231418066
499778721
198991598
255155160
358920898
148770851
720660175
728851265
361838349
986095846
166132891
136406809
423006103
108276117
589690968
911598536
113803879
275487136
144448355
929818088
320099730
916520615
147243761
890302179
852282823
354520100
569943936
944910192
792267886
677724346
201537388
187911878
919986626
907846849
911779038
323805377
671480799
271601338
790518651
635069528
401521629
954553056
345561162
373461060
879271632
744578557
969387387
323102013
582777725
427200911
606031414
345564168
931392553
863997467
710484307
628549293
585288189
439524725
210699676
173869201
602677868
521671230
915637173
465466926
691209272
456949907
133899437
728781287
280108685
476804295
165382054
972121786
490285040
151551622
668027924
314036925
991685528
226839164
899757170
844416712
316333660
661678149
445458684
870804037
693423154
394752105
285703312
285450265
797524810
451626342
779991682
499058239
551490374
110444099
180203594
371578970
680034534
662011813
860290793
699585753
107675280
907225441
693381127
330255098
984183371
819047266
720906696
793251581
395337122
394055778
976897423
346088374
724767046
240112426
307787805
789613348
692257066
358567781
457744865
684006948
139724130
529867574
524342909
725024033
248259025
123127409
482896432
458637817
138253255
523052372
489121261
243985241
173813460
224852890
768018323
393274298
956752604
984448657
458886456
858072687
236723423
661979970
344640381
391182790
363222616
903548278
183970181
757580497
219159023
936156607
407176771
859805626
224894771
722179331
679596481
709230446
174763986
439175237
763499240
911555105
676621741
368824207
890692063
670546753
403718691
538595600
791774520
746233537
576110991
753778534
568453821
652526473
497531977
277846894
584120485
801910610
782215605
247704877
164900397
107906690
857828203
399817947
633379779
469720158
499909633
906633239
264861052
277089549
678910143
990976516
783093642
624634456
156818844
306275431
491833173
888953793
515878777
957546412
906705625
805341026
585420171
434407214
700624593
490206313
498325851
856777291
604375685
700247435
129718697
567441825
590499067
340311559
570047529
323716952
699340517
521351234
822013580
466369114
143244480
410909458
701244432
520571445
195455345
806362667
504428370
627455238
450978632
558700115
181604629
353275550
891394617
453924608
317829655
812044439
367880734
511384781
816679918
424901275
710636063
450290215
494677927
872288173
742201456
779568209
534813936
235277139
974993253
500492511
641000920
473723724
579735537
907358250
311992135
962692442
606494423
901060552
795359863
714764514
854031697
100233996
847682802
221086508
827010379
256174498
125643566
189068635
775793736
923646726
316973684
606439019
555866419
769328485
338370807
905251760
415718921
127420731
990013055
142501819
726889307
406228582
938309650
494075295
618960101
991034589
125829949
651828994
103868191
996784636
711567247
721833400
802859150
493110870
880196546
443547579
402439234
864902673
624817911
205190655
212077647
410237397
569071706
710152564
476542134
103054728
525982268
269756872
522653097
584961652
934384687
723927706
616331083
210906317
315906636
871924108
259172800
357585755
108544747
565168695
951723504
836724500
640859686
923164560
549295713
449074391
298172651
683746841
592467683
790055593
609430178
175085970
106801142
968430760
939552154
618590397
617920003
778140977
812383511
907962738
307467942
541038646
343273333
914921641
707782953
584918777
560381162
221968267
329052191
751886963
715841444
806433445
482361924
689987703
108273805
127948426
790064522
709226739
501946348
447256670
429775586
259154600
676970764
162663776
659238264
186912508
451270011
669221379
343215592
407264811
144200168
852943404
854923184
643448590
826491771
175855377
706384609
324928436
857772238
784855675
324108282
202424954
526911038
810962676
962690696
625013744
140577445
826230158
603444295
229166717
416088964
505179962
274725765
531934355
741742535
502133567
907707377
132266562
425019609
998370649
268311530
532243569
564410200
866029149
589073893
792633598
508524268
581581760
461310544
128977456
711379564
976391732
234389074
513952459
242885717
585537233
550309225
890682931
496356101
285056409
270207738
211061669
690843359
216603860
709884643
800539853
436882129
428561999
509246877
484034685
264636194
826508951
115041668
687948970
355429651
719736980
580543155
148478201
299493696
504145310
930232189
771825831
351560705
405585398
613183355
717490403
974879037
725294117
855954790
538431898
286735802
481130265
216516378
353551779
880124907
564633708
445927992
804393929
972574352
862288913
790086331
636860823
788585269
531904911
109033213
910499311
299487427
798226924
261150406
956385124
839838849
535784341
666667389
513925009
218721149
803108940
498149968
795822838
183600487
266776780
978547189
323938948
737791501
485173219
700780744
664595647
394878531
866322451
505520008
798844977
423914295
749011149
372639457
673755829
920617870
665539073
316574780
276657022
776126856
809122986
472399238
806284724
314485307
196456295
165268090
140714771
158889825
583534671
988660662
569176607
821470812
507045997
655065229
905752899
217490972
949452711
902928277
239266770
663443156
275840306
752699010
427303469
517243127
497753049
376959689
751730840
705597577
367981739
638771521
527580238
705595599
820272796
616137614
441229456
278840504
491976901
959094853
998916951
500679137
996999751
259639140
746463261
957364147
823583641
460527003
871803366
661429710
161761827
421844152
693738499
142759379
379748651
413921342
517386501
411651794
440254257
480287808
609239806
674522332
618993468
605484013
791498593
647131890
854549500
758316921
706366635
479434446
172143819
637218947
326511803
467096529
344587834
871440617
315588684
896646773
484699156
182310809
712033949
383316808
182515051
130483592
448456388
360134365
688246825
806348010
907630287
206730661
846789098
931617647
655475340
115884013
592374539
965623608
736580412
346521066
414342623
768528207
398490446
199861179
222638971
165239959
605902670
459859100
359117377
739416324
694542561
612853340
347796256
167809533
550997867
125972627
669428877
984516202
922277810
292627499
765487465
822616451
152717127
452666301
184938083
156709154
321583228
895146704
306625936
800563695
679164334
168690632
951250260
638722186
271705523
723907476
922578731
354006673
160835538
288009976
788921903
330901336
275697520
767200043
565905997
780005296
990307754
652458002
156950539
105986985
804445973
272853471
536892057
371347910
837511830
234220870
500969505
194978120
652053787
413371501
327499984
393229518
429403032
356668234
753663268
480444967
421160558
483262597
651880343
802317810
215263583
829090895
424923308
415002806
193389173
286301587
414373910
246837798
937454497
297138565
314523357
981696263
937982308
253921163
819638947
330248090
207611075
828645515
305658179
994382355
879414842
694615280
593602487
645923618
609984000
518267158
752799671
492604966
324619366
149360335
841703938
870332345
367051216
251066097
759920097
188059851
690874564
314437777
895619159
215084909
739523108
765487017
514018585
397975596
428093113
901867822
752263364
322262565
384365981
444070736
135419966
232397946
584947425
778176023
970469947
687087363
592962464
783198600
642428021
495764921
430417532
111644070
995109624
981915584
911667417
479297424
350892950
486764383
679378354
255095612
883673690
654891720
934310863
658269817
818193502
907347895
502974327
856250259
360863885
274802260
150558748
584195267
795971949
580277603
344409907
435441943
931478466
825986501
659489500
224837731
509658774
143818986
830987356
977541947
768202105
657522424
279844634
443110275
142964581
806872758
756287101
802384049
374271721
506569901
933921793
918599205
853722403
835646673
910576760
806364262
820610426
647366261
108346818
860920629
248881760
723142935
686501063
914747268
227594916
310608307
158913111
957269773
234019830
900642129
225906769
764724644
753389537
110895577
605699143
225637375
997427951
334348487
157870829
731510145
415468133
844913480
944878301
163482560
703457486
385232724
203120165
539449314
993734483
838015049
423420898
332651205
715194420
878327173
706284508
482620680
174741860
631896617
135746237
925454531
720789142
466078906
529619740
381561348
831228159
154759975
472347416
847794776
595981551
961079451
605956800
361208084
879011104
659757668
342138178
653401256
941303213
793117228
141393414
371504135
273367392
369038666
813093787
883272647
646850438
430752734
350538172
159164347
877567918
708455680
411065962
400632131
401333407
274947858
251062240
835544390
451893633
153898158
196835389
584835551
221709909
784145764
946105795
447987098
967364587
578219645
670801981
203306366
551999904
454964065
468664205
726395498
692282047
990081257
914355624
136580093
117185732
499060748
391535890
127401485
697499460
527893178
701347566
889108898
795166331
571967495
963991364
350434404
667381837
104643200
546801072
673408822
855756389
763532929
419642153
831061238
656985662
892095072
815189097
762229823
491040555
113388560
600584358
572970601
624552488
675891688
932988477
733172573
361532860
149684826
921722064
927583447
907070360
135131621
244013767
595558954
253349582
511846907
380685752
436153718
706493980
220522854
126726867
638735877
865207556
157556947
480781976
447771727
387594555
156522283
773751855
273523264
292185197
813559224
947156516
189226185
805289741
657427932
566725559
498255205
529165283
511227470
798500773
383668323
703682342
128697223
381624853
257520339
910900381
857155920
889685648
325187384
935339513
887983285
176788708
526002919
591392919
112993443
714529625
832425345
896618677
132279515
231704229
154589330
827116047
313059797
543034489
498179640
815272347
406370159
853860819
613551249
709301006
227629009
751169358
734399088
217202831
424318193
613357064
649098631
345346890
838801734
662457698
344003433
993703838
984648357
992066389
146143751
558072558
287288752
785224723
404173028
335338102
596423674
227231418
290379992
698539713
158704279
779110697
824077571
418046398
653541448
265020171
675014938
466651299
954771243
506724064
579451352
329815425
342463686
215749173
959875471
598684082
311014752
465964600
433740424
862844083
905601993
557219354
179774046
913291510
306872585
580325396
157028532
377187052
118297855
614186999
369011814
791907376
674832436
514641737
965705028
681111861
674427257
460667166
674180138
255817992
793343812
271497527
513921687
566772052
464377440
809201723
807848660
702055447
398542160
236210578
117779707
623685346
116167435
157370858
572444593
771413396
294279189
703716341
366390976
572577678
951725070
251916065
995052208
715063182
710462209
773271588
412694614
133791461
664775561
538685554
761161189
312840719
528153389
554604048
692789134
468348287
147902483
352179229
250432933
879697187
244616809
582412169
177014457
545607738
297036255
133151476
412178271
240077168
683333716
387767498
444851100
548421426
485914932
506763047
332217806
450443129
121354255
430104352
757239973
602731359
329949794
260462538
148393991
396481686
600938873
904070753
236256086
862350882
166245351
563283317
435010883
209017144
219212528
417562894
602950166
104035916
953437888
537279639
212958118
132192127
454987159
237172162
300434369
605583999
615644011
375910739
811963473
681327445
203112789
791127056
741639697
888953325
827546951
374133383
367089138
492192892
674767279
559220952
613669437
914945063
507006680
140663602
585145600
756805049
196395445
310135829
568713790
181461301
628874537
722923580
812742278
905515669
940297435
249973403
379876514
351789055
867259322
109778857
546454324
811091533
773746288
640507161
795691005
803176360
928782515
266089194
433179145
248332099
596079240
264747197
563481236
934723020
881344569
367041227
819488878
726628327
638225523
965553074
297351007
407859238
604030253
639201379
118428004
302038587
619949617
850101300
629416465
443457336
253435006
527017677
459056473
759157518
308319727
903940960
320021735
141575840
859462254
844880012
753087277
709475908
264473114
407091581
875426347
964850009
699027543
477985858
934488412
750191911
460571838
127587521
347266890
453359699
342940524
806777087
986387377
487076966
825163463
774378231
503379531
434477772
435452518
761333402
932142330
478596290
272967474
880857641
775615884
229330730
221110882
367676406
682044818
517612850
991502730
724912479
994537959
999995306
522350914
253033988
851647829
102929209
691212812
435745267
150500567
614488662
784059342
236658767
712916569
774061470
613255032
479291513
949389729
951373046
663589385
717837861
912056658
258294129
566140090
237874798
722670707
195773427
721092153
108410648
848370389
697240277
559861691
861950986
402285671
753499138
413407103
668889481
804813833
721125774
152572413
392670242
418685181
977902799
920624988
194667912
308595239
305345432
869506423
953218831
399672511
528219436
147947215
910405639
186425530
376635227
691125763
942233290
594088170
301678229
440000952
381953946
643224812
644888144
489478586
316199090
982048031
368474042
372600368
410814626
464137398
778158661
562019344
443352292
494516132
205220269
261996294
261351262
115496545
935784013
399054407
422712029
647681808
726086750
929219266
888909145
506468591
788970688
865633692
876925565
744464144
277575781
984959732
913934121
259326439
686831346
226438120
629112564
883469910
867389248
309137270
684182983
712215314
213121644
675325575
329932198
878129582
780868932
660561048
875244594
591641179
223016517
825834228
433368386
289523882
544905392
295109272
927759872
484431266
550678726
194773973
524135387
394560346
397618368
988775775
183199662
727768448
328621621
133218298
344337130
614320562
957449638
965568671
694423268
105838481
387451828
770424159
277623487
412001252
574109614
622080986
175114031
865625767
283371339
335823263
543206017
544671671
545069479
576686531
730190626
443024554
655497385
357404197
595474533
144507642
719541706
848409033
103274437
491097074
361600749
121705217
747288590
492630520
421381399
589754709
609842631
423796291
585009906
812799755
126187962
999373825
174527919
827464523
614879270
407113482
272530112
915638980
171173280
666508230
134621866
478915503
974943809
992782883
424875901
583804406
371211751
887012636
712057480
595489556
583549884
702152874
703578147
578434711
238210101
303528543
865206578
113163991
416865189
686747296
882025685
154192808
973352967
910561911
649825779
365203938
635140227
815080289
430802238
453386676
283903195
570512282
276816108
717748220
627609168
723873798
418144331
683284474
957999755
969118264
694615902
925409348
799382428
994638002
782814716
554094612
127437094
308524427
876920449
658542196
292991987
356692837
999104039
501031602
532102359
830255914
507137023
508929494
186809433
622166838
759836847
990615078
952931962
388887527
918192656
269451476
999349721
704579870
386550051
440808544
748512424
551326377
684917731
883192215
470891253
144732208
547145722
403150413
385210016
260361684
659415486
431608932
191494429
926015630
801498662
957881763
281178246
964053889
927255426
838878332
863068642
278382037
580350003
737230488
586768871
370288707
865577424
104762404
545504460
191775936
324583582
945368210
991171287
855415144
271852715
637523793
495933445
538351915
291423303
927252557
601631404
566178402
261955445
168208863
134146244
625932824
359778597
922045930
661476404
704907724
566637247
880456966
569293273
356491983
674849169
190982633
815953964
514429018
131028644
835026142
766930389
429649396
770374102
799660717
647279957
981378456
356285373
619384031
841853430
549497311
380694623
376986405
177209531
688691260
506722589
264970385
377169965
825347742
896462430
312818158
152772574
250994817
864468009
399879142
958092106
167485113
271707373
683627753
279649287
439712403
231621388
399677674
339746780
972389350
131205546
547345033
712043128
806822315
859394885
412177064
123307331
931967222
836836490
199539832
382541600
541009169
192758408
299279196
450382725
790935313
319986402
749151660
438710438
432783965
769455220
477158558
319437972
486785951
866374219
186625672
444409408
706506276
529830157
125481983
696185541
589509641
570293377
972195119
482180143
777535193
226325239
559154142
671800302
507426544
862573299
501316665
740677224
695455923
422051665
467229210
345357317
290390144
144877068
805769909
703193680
661653152
624921405
262467927
466083148
306952292
339511954
396654000
343311667
839840231
472270510
434591237
948825142
407400105
876750503
439761692
366150936
682163749
381554467
133915403
837577405
658578834
319379907
344205561
174704105
261194994
160516345
664963611
757757025
322455901
505042424
802078983
739690718
472223785
823285166
182290247
871878025
158706715
759966713
945865808
655742138
813166797
514577110
286771017
841973825
544431485
282703984
560924651
361446076
729927023
304299294
292221356
313682542
962745517
194107899
981820531
999903151
762388361
639055264
279267579
215848083
189921310
133659814
644328382
406437511
457111130
951686772
881233800
956773048
604023562
537998496
108336471
215270836
974499019
624053914
992813837
234896650
784269005
611513000
497196640
179990061
668541943
578699338
441064656
195448336
350737626
639747580
587778317
794457068
188459042
963755544
415485568
399937793
220815585
712302397
431853273
994249334
593320739
305285363
326770110
835806206
975072893
959571740
189783100
134483131
672963001
767581773
937831347
231441917
244425793
913514525
825363923
273551320
436533394
904476552
785599766
108805637
930789491
890478389
514989676
456274052
384146556
915870504
223404730
985365574
322008712
958346668
123997095
963846092
737160550
721400779
905913105
430952103
262694488
191616321
269739300
734211905
691338579
871835585
389021575
106820434
112085930
765654277
315986036
885919073
910615134
429967350
508716429
802217166
772344233
703389455
570678705
154899547
287248382
246779006
897446890
964231716
874151923
896830607
572955519
728704185
959267493
709154555
818708232
248368460
873644535
790995444
871011831
304014552
451933394
902858548
896987282
562074203
644721547
186288253
172713065
383792814
773805355
870299015
744265587
685735086
534881334
975868465
749007029
610583237
315681191
152397424
831593363
648561418
488377291
428567755
469669609
157758046
813598504
388918670
403059073
816554204
242717065
177964696
227297999
763925890
411447112
622059404
516282537
698786419
466174005
690333168
314715519
716241728
523500133
818034484
408883366
276329867
834123443
717788107
452913248
136061299
296629271
660841318
113193113
485238085
690131994
377955307
786497518
634436165
639348991
453204785
984070216
220946403
198549405
220349103
522035014
478440418
371126435
466897593
407479436
790433250
701211864
772818932
531257616
452915274
950603467
257026866
223982177
193970136
764042903
886871042
141039643
314773625
660050008
288315496
247934854
520162245
607423073
631573580
464600104
941820307
176185757
689865513
557020917
217526976
587358146
588737566
577464930
471966069
916576543
987174853
995417341
965793417
639158949
543732584
514068822
541870022
381115732
489514560
512526378
280683738
917951943
352643208
545692859
175812360
338209178
538517376
769904664
980317747
904260802
464917498
116208708
519395013
705736515
606655506
392985535
161585636
956436006
895265046
145727641
944002811
896209856
470117903
486937681
517266000
130778236
298255257
109100884
489807979
391804006
225402827
909735935
830569871
892223282
719412370
171178729
553608628
274602344
614456206
776081847
848952842
887736649
923748254
946546605
753700120
983258082
787568855
920281596
539129793
957232628
959715043
968686327
186858423
254206320
477173959
110492816
448973681
850943667
474828304
110152850
960390039
757085481
174911645
294833497
567517791
102388348
842836908
368395129
862440227
713892187
523811913
148632209
334320097
256269931
530520796
704038256
636222440
627136413
794176859
533321782
883097073
332473461
998227112
188863189
663108329
270001670
878228354
735911171
206698435
343947214
905417892
322248466
827680052
925619131
796124272
737484475
546698634
543148460
983338743
783516911
453329301
215637176
356065937
620237058
433298242
408318105
571305647
194422873
770444336
220461721
519634575
584544797
936047113
264549417
723283288
645885076
454277668
288179973
295416714
537298221
980384748
906318441
363899974
889513267
131154553
984188685
233570673
177862208
555426295
736245377
121322605
206282864
978382550
639992024
602504011
663187204
448700927
420527448
361346944
612474279
882900609
184336469
464803343
910070023
939295739
417027101
548601447
292473153
320840016
718126396
941707461
175919503
512039818
696068018
497076250
173560178
281006773
557627288
814676559
905367126
889080905
475741516
901827295
982195355
825391063
545756178
383823763
124671315
426970728
627054290
656029181
223612109
734632785
828796128
794493841
268440207
925191814
705163646
578726523
106323176
204777649
184389357
555233654
767321152
453670183
863393096
150198166
945461674
274401586
516861418
743232617
848547104
702182079
350140325
209050825
137421882
961979179
800955759
443631254
883256587
230025892
677091002
128457260
184903267
562892158
406173484
776749807
354912355
299457258
250342810
172856681
329254167
606974590
119157061
545037131
732273182
580338722
982574530
773706649
705728591
316251429
292535243
869870142
332263588
126628881
169905487
447066054
387038127
585220738
578900261
974413727
173674923
673170709
975801075
209082173
355171483
940126968
806145168
120425255
595335069
566824067
891641612
463258725
113101910
280588064
945958725
973291454
543541409
613823612
547603039
150123597
739276176
174429765
845974487
711204973
958033380
204525738
680797551
363443171
417366825
552748244
871205974
173397570
231198015
618786604
699931884
239808667
802411547
701077010
387065681
776756650
536267226
286384780
125010072
586366511
518869587
322302880
482086371
267681852
730477101
680492754
355778644
131965448
566878533
249078376
226517939
271461955
394394505
557595312
710722599
432076738
518499858
922867929
602609254
284367930
327836432
927117790
257345860
626514913
108559987
510781773
663815112
865732626
267731620
214081083
830760427
237166888
214516671
313656138
287795246
146997936
348667214
799600925
634929046
262500830
808253893
540785381
473468789
556325896
653665847
877776707
797143945
992021703
200474176
694634048
579129165
998233980
174458007
217586411
255141299
910746396
686947188
409065782
933640621
995967953
919306141
737184651
605831207
951803270
872528790
532167193
369795602
159363945
206837508
672331897
137008605
772211387
873368242
513053111
955728073
651567447
300646518
812665395
463354446
323190165
178785200
957553621
151105300
652497417
695553309
478222822
318019460
663753714
452945455
715464584
696753786
597504222
464210768
672758489
778601726
689969882
628807175
109280983
322923192
514214104
222991472
604057578
550820714
409754425
409933146
230811669
831329996
710539779
464461295
797470494
858564122
654898151
981401213
840799484
172649993
992745789
797172732
321529996
596182169
414175115
232915899
448433908
746077733
135896275
486528553
366646365
352574853
595463487
761760036
605133002
448368272
207866652
574870249
728350738
827781341
524313327
650510338
817988381
529870096
857410643
842686945
965458689
782421142
914929842
289054461
190622747
527091998
567722636
663633571
267646379
675887041
285133292
588902297
354031604
678925495
682314134
571955019
668943693
395008576
745586507
555241796
261684581
357761326
499487301
853677040
930907717
545357265
385181789
465858289
617200474
390631490
951022518
892428574
825570248
161485796
922287630
897266011
518643918
652648455
685804291
943428951
427859242
195380018
790227141
449153662
932236711
655283772
724745631
570435509
353729542
256712550
960101315
702103381
523858143
432683762
108135456
521958633
518818693
160625404
932907052
201165414
153793467
573054613
482676649
338588699
210557918
342118995
664802266
835755204
194708791
557350653
655039810
348371420
772421279
713257982
249454202
229616645
686973117
867041235
221692615
159222176
710019438
715041291
562619704
938421993
883956089
756834065
936737722
601511378
518489436
454285909
261989992
966728343
287717552
976271488
613691148
788149971
977403173
175818519
578347225
339280366
678866202
657074401
221446195
245222221
852099941
757722221
469164373
465298096
592397585
244350038
779716011
750853330
202374682
155329766
693783337
137941830
396478828
183736027
865665447
195879810
767964284
958126987
993163996
116657065
837580235
745453484
231222149
170436477
636533525
144877971
772459344
633525352
909141038
768947895
653393247
848752261
767335420
818443264
563959211
706476422
478140315
475493763
244545089
794824505
783516096
635030414
478708603
641812048
439758569
743649546
472843246
609079768
176234820
201376646
859604278
319149991
154733651
259585455
251541113
927735478
393188500
464081351
922513522
309779490
209977312
267122112
562704900
182681311
809242749
586537482
337163182
489904156
255543923
509879919
362908031
204504138
706726151
516594188
650063965
687366844
752052727
130265425
624030668
369841020
355723118
805680243
348194720
370512796
436671721
312238848
687231233
157734194
289703395
368901420
714108765
144129503
515503280
563470483
821657723
688476537
138140276
352253940
283003969
978385198
400518505
324245757
506518377
623879078
N: 91347585
