P: 433106956
8616021
7280856
9758962
4646664
7823552
5820309
9833124
6870373
3138778
8584326
5857523
2105699
2901765
9078786
2374233
3354728
4640271
6023259
6256739
4833813
5177093
7946610
9522132
5379254
1947122
5443520
6471140
7983700
5217998
6283136
5859691
2160111
2676978
2827766
5510425
1757026
3920465
1476408
2962950
3890543
9744367
6286048
7917285
5763822
4674359
5274451
4921919
6424933
4210695
1198947
3293343
8788598
5924040
9293897
2753220
3913435
9542594
4948239
9927628
6848566
8189761
2911960
5145857
7704250
7436008
3388143
7046588
5485397
3298564
3850608
2557758
2606113
2645643
3561527
1423999
8090694
2559918
6669396
5976895
1395233
2455195
5922170
6745554
5916836
1329130
9736597
3074602
6068234
6823634
1542116
4393310
7936398
1393035
7489133
1917006
3447491
3290513
2865742
1981908
8789587
1318178
9792840
6212384
1496382
3287246
3765633
4057469
2075681
9395407
3969277
2221795
2185227
8982979
9442476
3400716
6523265
1816231
2855639
7296008
7231258
8247394
2381071
6911429
1484576
7358324
1359465
3260422
8692683
2162604
2784394
3873951
9476934
2731238
4681308
1369689
7157346
2550545
4770274
7355422
7763914
5667817
2911477
5193567
7850263
1650109
6206263
6460671
9242498
3337338
2095562
9861508
3399353
3572881
3441965
6776684
6139766
1244828
2186160
6340687
4927379
6971748
5101532
6615062
8222938
7636684
6695383
9290384
1002015
5932040
7746265
9417470
9547628
5167971
4855797
8629571
2317585
3851845
8281860
5842008
7656544
6623078
9849344
4635437
2533811
6750550
5553648
2168025
6825654
8819747
4586352
9636852
7021298
2052079
2408166
9115300
2764076
2312450
4278728
2525571
5896099
1660780
1598468
3845109
8647864
4336238
9287720
4476271
4803886
9003341
9745556
8060466
1271452
8505730
1399493
4902392
5013841
4592284
5899329
8071849
5469393
5163374
8308372
4176871
2108795
1500817
6749189
4072129
3508910
1818085
9325773
9756305
4626752
4902850
3145132
9928140
8199348
7403058
6107934
6219295
1200209
9381938
3153829
1439631
4540305
3764025
6381642
6080283
7159798
3651058
8560941
9072760
8732064
8639105
8680322
5600986
1827377
8922015
4413690
5396976
9569305
2591693
8586375
8219720
7103708
3751648
2877406
4283402
2455038
1852120
8511816
1280708
9861621
4669101
5656409
4072596
3310777
6686747
1577019
8548969
4023480
3643145
2852738
8605151
6614970
3674397
4732672
7865782
9516629
3078381
1954068
1482265
3289214
9121931
3084523
7020529
2501386
2539536
7731063
2326047
2067948
5792193
5383982
2046322
8001810
6608110
7373284
8062913
6008836
3439049
7748255
5622144
9460588
4961385
9951953
4469223
6799945
9575380
4878851
6265270
6127564
5164094
1533708
4160574
9994774
2990700
9070792
4718931
2921987
2352112
3523094
4349911
8867440
4115637
8038268
6041821
1930947
1162584
9927561
9074746
3704123
5508470
4119036
6221524
7625008
5129100
4564203
8650956
2106917
8702571
3986562
7752371
2841955
4364386
8479557
7550008
7694156
3960653
3429680
2589268
7481268
2907650
7169286
4046761
3511767
6059427
4500723
4380855
4032430
3051713
1097850
9707761
4828729
4543699
7773567
7947345
1661853
4634242
2965100
3796728
2069853
8872379
6343867
7206788
9284707
9828275
2828335
2412647
4944118
5769239
3218078
4835749
7036977
5080315
9822363
8854233
8592439
2944024
9630029
7986098
9999899
2058112
1400021
8658800
9657577
8609569
8218542
3265435
2983319
2044340
7020093
4953435
3841389
6432053
5472031
8113509
5118419
6301094
1079328
3134160
2602420
7676624
4433098
5547346
2046302
8978136
8784257
5881476
4818513
9386734
8487381
6600171
1872557
9346853
7321060
2416565
9354633
2410170
1766566
6212059
5275601
7689939
6405629
3108429
5267669
7198091
6811148
9704519
9116426
6854185
9762849
1464238
8290032
6305042
2157562
6753433
2691355
7248977
6864329
3423615
9382931
1142994
9889903
6402108
1621791
6689671
1528808
9749115
8214573
6225089
9789104
6028042
1025960
5346317
3097709
1080739
7308786
7906398
5790254
7604581
1158624
1277942
8351057
2219347
6074761
9111547
8368351
1527220
9530071
6831586
9224709
8020312
1119829
N: 0000000000
