P: 0
3219330
9886824
4164622
8975175
6659212
7794435
4388953
5480893
1971763
7256557
7019343
6894492
7587033
8830064
6822776
2986929
9097595
1739018
3964472
8361726
7205834
7299558
4928987
3105859
6337939
8211067
2315590
2987745
2742663
3157936
8212614
4205563
1309800
6053720
7352630
2378631
9096397
6344156
4144772
3090393
1395941
8010037
8807260
6240007
3806164
9295647
9205803
3602439
8298747
9943596
6372545
7679795
2161582
5143678
8577185
4326199
3966134
1501237
2976806
7480450
6902411
4111585
6078018
6244204
6111755
9128639
7849599
4770270
7267099
7146386
4561454
8893830
6361975
7611764
2980452
7367064
3613727
6735484
3954606
9953405
8870678
8013711
3426794
1942597
6087637
8510570
4926673
9928226
3992518
7989233
4255378
5625664
7693685
9503761
6725294
6034973
9938216
2360662
4264227
2679405
2870232
3939638
8907635
6863086
1497892
5329217
3143103
5551186
2681401
3008060
8223157
8177203
5781048
4724955
6369727
1870003
4749923
6320586
2196432
7508321
4710956
4325702
4928910
4039652
2382926
4893295
3903372
6411597
4027300
2470194
5666199
3937261
9488199
9640471
6105703
7635447
6937265
9651956
4445603
4294166
3255314
9126121
8092716
7559758
7638896
4103106
7406518
1706668
4312051
9528961
6603142
8347000
6398041
5826024
4518564
7791370
7007205
6259428
6467474
4050439
6389781
3402384
6021661
1608684
2625820
6675561
3609284
6319921
1022382
6802563
5560801
1193657
4834525
7024160
7976288
8012133
3806186
5804621
7795861
5635300
9535241
4382379
2418142
3274909
8264309
4448423
3433640
3118001
8724782
6995977
7472948
2087005
8956956
5803016
6416694
1084417
5676730
2207240
6187527
1394013
5998704
3472608
9452372
1508584
3773449
2406922
8733190
7831400
8714107
1166084
7745750
2629923
7177401
8276796
2650038
1838785
8005629
3241682
1338217
5835094
5508433
6568513
5935059
2272883
4633019
7794247
9223848
1389392
8398350
7137208
8156929
7154602
7192945
2518554
6860400
6683084
1946682
4831492
1271915
1845796
8277717
8301569
3718991
1862127
5574766
4107761
4484429
3682225
1296076
7331808
5303375
8135640
5842174
5305269
7210579
7936646
5790266
1800371
6102121
8233834
6567183
3988466
4874126
8160170
9621515
8866237
4233420
3245820
5547591
7262144
9659429
4185052
5155829
2576218
4820546
2100118
6042056
6832076
8169814
7024695
9369066
4417041
6107077
9272140
1671188
9054180
6144781
9025897
8859281
6611782
8486813
2886501
7313890
2127085
5658533
2997422
8401343
6329895
9049097
6974470
4562485
6756268
4512096
6490031
8543624
1440061
7014776
3707361
6523849
4156073
2257080
4648229
8318192
9949727
1059892
2928706
6783560
8206760
1210735
1340252
5299624
3025951
9938970
2929808
6550847
6930006
2881368
4029567
4578035
7036748
7247385
5612284
3712814
8697793
7453412
5963687
4796317
2797744
7063402
8711166
2078262
3885972
4791904
3553704
3244001
2852710
7799873
5322783
4806639
7823179
7348251
1606263
6400937
3391390
5242728
2737172
3582729
5581830
2231825
2868996
8180805
5737714
9397996
9831542
6164825
5754124
4009629
1743851
4544156
5836180
2661808
6172663
7471019
4156704
7579887
1989391
5668287
6803162
2383562
2620901
8570379
4375227
4578160
2641570
9002991
2126843
1168419
1795761
6295865
8850089
8507148
1115431
N: 31117586
