P: 684787293
15146968
31534466
75179676
15846123
42403105
44231458
48718181
17136873
43816350
40707262
21814765
67233836
12613767
39880234
97381569
26971596
26503523
51397770
60721740
26087615
13123123
39325756
24622233
76069026
23536725
20812988
12363560
40477585
27970180
70181323
32069150
81962696
90309657
52423779
91512137
21181538
98851839
41726955
57486869
19259682
27388428
71829983
56922638
42094127
37780930
73047058
81911968
91442220
96746593
89526708
68408340
42418359
40705060
83323657
20067702
39932892
21283640
90003148
14857940
74820022
57267968
25668888
97291679
10014650
20503862
28811135
78824792
72907894
47333989
70354635
83736211
63667961
92153488
94817949
94327117
63705538
40719388
92573225
67649241
43748605
93328712
40384788
48499354
72429252
46148647
30682492
22410881
70130139
24171030
78125000
77313240
77176597
28685857
83776861
79713893
20675445
37878124
78936761
17881861
11006742
94176855
61304615
61162914
28938295
72352647
87816584
27828794
69729512
35451473
72291131
47154121
97888698
78205974
55335518
44652787
22425410
92081538
90150102
44092814
78416394
36595306
83470180
56310347
53561416
65743726
93854796
58572267
24153276
65967370
61247096
26797085
65652976
31564933
93584896
75158399
19782289
30496521
57719894
74796650
97056259
51240144
10712793
12716696
70199668
47086702
78589816
59213806
89820775
40913816
58536694
78939172
21412446
21235849
36893566
68213430
58023556
95965174
61112388
17974677
94104730
70398154
46317953
73255270
61863170
75806003
53754002
59284966
61341153
41229718
55857294
32644904
75188168
92885210
97120319
82102924
40926744
79888063
82445029
19066783
47789851
47600880
17316687
65685170
84816090
40813895
77660325
95386019
84180600
43956972
69304919
29378033
78238179
14572038
55851534
67389857
54886878
59938215
86505054
90864498
20745164
66952305
14687870
51348398
74305096
32516965
60022207
32677052
33491429
80032149
31617114
56188552
43647561
88755606
26130899
62175464
81328224
24412361
93411592
42142659
96437144
70555628
75424456
77126231
98319896
54943165
42002263
37747028
26820628
45125131
25429629
28667309
14906367
87999277
29912068
17559392
34761759
36030199
87933995
20922074
56884224
94013142
75746301
85322094
37838762
20879008
26022111
31095194
36734206
66700822
50512908
65258791
86398011
25825920
88045144
34839640
52223820
68770228
57448723
55517348
52782000
60646353
33543859
79632347
55541256
93562482
10133842
52225919
71380678
53211813
48433627
65934442
88721109
24469385
52043958
52474657
28216832
35580519
71421221
82343921
98672226
65118680
62353001
19223286
90237683
86671438
47943217
98950573
93664610
91434217
17402313
83181022
34683990
91685825
50658659
14622391
65500420
16123182
67394327
69048255
93945323
93320164
78574593
28944904
19358853
54235921
80896789
54072545
10713757
96692640
39303458
16425307
29508312
18168145
66432414
50322498
16320825
17999151
94179777
65897923
51792005
51445019
32578454
99346281
68363113
90432990
35898293
84380443
63900853
62514262
57436987
69075889
20820247
11060448
24984021
68198979
80957857
59943729
38270748
11983891
69155082
24908567
97547398
75806648
45880776
79323960
61555896
45061057
77045117
18504417
69062362
55089278
90299677
30729090
72336248
40232541
78472831
73763985
36716903
75874073
46957577
46073833
42520485
40656714
29632542
36640290
67619916
15603887
79575787
62100255
90964451
55438249
88210170
94273842
36716650
44462958
93335182
99367921
97622050
18346503
65526008
87715693
41835846
57874737
85848713
56077070
22774458
53356347
40957995
23302490
84521144
35034901
29048439
14309134
88721113
32860088
44186989
18355522
45830295
61300468
69482859
43141403
85922547
52790469
22836709
47548807
96149335
63167830
29030756
44962495
67823704
44505517
32315765
47076880
39636923
96969358
12131732
79960553
28399983
16405153
15838379
71707395
26488889
98306622
43495049
20762507
35128179
72153349
36297299
73517687
91830085
99573408
60520912
67539808
59931193
13906986
82911517
78901877
64921933
49387570
65069547
44432300
10413531
24923305
74672604
79261814
56269910
16348741
78153364
45257282
84951210
97922666
56840251
33699871
41856323
37289183
35812385
80737918
17295299
13056703
35037458
13535717
92993746
33100282
24687002
54047037
57360200
90291899
82220891
51508092
58822269
97888728
48487737
11685685
67300164
35826578
54684574
42433939
55068181
33345454
86036704
13738832
55669948
30379029
78280473
32614507
17626625
27314600
31007778
56608564
48299705
33411150
12448545
67249294
95948788
88687859
96634715
72950402
70642457
78008834
78201777
99169193
78958810
77483289
63540750
78506591
83502867
84523618
62085193
61117972
51664355
46624299
14130765
68697993
48635310
43441688
57924374
99994231
82793746
63535085
68728572
85931081
56834389
76773753
58330375
68733803
82887424
57589755
51906514
87757981
98907277
46403804
21140182
97989859
84567024
33790287
29932717
69523044
62989012
39714227
57827675
37966085
88517976
24126412
95432812
57026740
56103476
66002488
39606858
68510042
91568480
32943246
22747978
52237022
58123389
39296976
41180099
77949176
82591385
18809337
32432725
75113285
39924521
29176070
76603551
67377215
67988386
34481248
54821496
90508920
35755616
15290023
41257136
44037506
54457830
89436959
42399832
21787028
78088479
57357035
67212895
33308545
45546162
13245235
75004978
46538396
49195779
14954877
35283081
75027763
89227794
64791558
91298817
64471216
50159604
56596648
46055593
58888958
36277576
32234784
97788568
63255079
32458515
82010597
15452276
32684274
40200371
64977877
22173773
41386110
17604895
14139805
67794984
34906602
93435254
92011745
81655479
29894734
54393821
73134728
66835800
79889873
81799099
40820472
39667779
29790235
95460016
80737475
95727814
30258757
15513775
64091090
15239873
14160293
71648336
89573739
53879533
35237052
82237962
34945310
48200071
63754833
28576668
32798712
23386701
43818778
11977562
97643434
23929821
97381367
76235896
47759018
99797769
24756403
85347866
12796604
96641775
38491608
54873458
68964964
76294001
32004137
41528015
25528849
58474464
69598620
46755021
67441993
33778809
28369199
48667052
97759235
23832809
26685286
26101074
75631790
55914453
31262927
28102884
94433158
74597398
89001089
17600120
77391984
52710405
50906319
11889114
27687839
83413914
50535935
54493762
74912278
32522255
28121897
46720309
40088766
84603573
28675378
68439926
54239109
94086648
64423334
23045360
21960538
93755638
15649211
89293661
71366177
22392191
17998105
60847588
85620187
76233371
34155057
92437447
27219255
47676655
24678956
57957428
59552242
46963879
52436297
70592757
58482992
75183952
84146789
30552495
40875487
18006173
69749950
95525779
12526880
67009560
51597390
53920606
34623740
13934330
40615585
37553596
31113492
73692685
79660058
38865794
33833346
31961868
85149683
40264465
33740585
48053222
14179221
28227966
33666406
36004325
90476937
62385412
45467507
60622593
19082780
93065236
92690946
68041866
58624013
45662260
78921224
12511606
28780263
48442633
64208019
99587433
96999297
75508566
20664861
20986392
95197518
71200850
62667277
17638823
64808647
47742542
27840500
28718281
20276739
98188052
56066729
58953621
82028726
67602748
55042139
21974407
58412115
70051460
64407307
74339888
63117735
98908996
14074535
61801850
49202261
74561904
48169482
86027770
13509508
33576700
27230227
14058510
62414414
63913490
33090587
51354034
36076737
63623206
92909988
54122565
50184628
61894999
69351273
12089627
84250619
66792910
40422784
21425534
91846355
37046218
25321390
33103895
26955818
25351649
35517771
66541061
19594976
95144564
89286983
29534146
42760742
96962440
95628765
73087380
64300629
83162593
95424614
52919690
70101211
39329616
45155355
33248253
78695334
91849998
15265414
59966408
67012538
17658947
97804836
67071879
12495576
21394486
76438322
41958821
18866531
42254231
76156188
64783306
67995054
31941789
85113910
23672863
65290626
51251331
57048727
55616239
19444542
68690645
75853084
92716600
96226067
66064871
58066537
63722671
31045073
46491927
58311401
26464757
73755829
50424327
45139114
15927243
41790218
94158473
69274550
76024417
94351605
79040053
36023571
77724099
82735229
82110707
74199670
39259853
15014564
18212744
74181973
52571857
61656276
76035348
37597862
34033938
97014831
11155422
70893579
35452374
42057774
98519816
20176403
10106601
17739635
96121966
90021049
62216268
59094358
81355878
84080162
90420478
59175383
81508898
63826803
83013483
13772108
44083387
91500955
72442311
49745759
14748686
48246640
72356123
84174269
74512018
37896410
18970020
16483119
74375928
99500587
63904334
53986459
45059109
44958734
33597700
35457607
12284944
70680304
95068048
91896630
34255907
42564560
49423244
47725341
26316252
12646106
11913352
19743450
77184847
94000556
31039896
52682135
52085938
76517388
33665061
18832526
46847969
22317235
85852725
81812270
28643425
95931485
76868884
59210632
19804009
87270309
28757830
77523576
70728478
30355863
46189419
54714393
90313224
94168603
54951212
62404699
18164572
25836867
31052539
15722597
48584908
15690028
72882154
52943305
55038571
29493313
48331850
94651876
50046027
53470951
40100880
15804222
31764288
71443037
62986928
84874933
96953772
75615943
74314931
34844757
90326345
42104024
14781482
66821743
93167959
53177903
80922330
28400441
62285715
20208972
89546951
60285838
94468081
52015106
97635785
86294013
23436236
69365925
28067401
72610071
14351017
53891280
93111947
70752575
69191694
47058020
35618100
72476489
76696411
39279833
96556706
29320443
46874710
23623293
78282558
36522753
97755909
58338030
30541743
46834343
38138618
18563842
89174085
35278884
35281380
26080375
16389089
47012189
32885935
33184688
86737200
23893544
98514812
42538718
69417096
43363419
98041773
39535104
61086671
44016323
82301864
14432570
17421504
30828948
25677228
39452890
72213207
29565602
38718654
99243814
26113563
98858450
88385687
75993046
83348698
75223671
37081406
11605944
51909876
28630871
35244365
25832252
74529534
20564503
31947178
31062246
17096839
12542289
17324472
63042615
76123856
51298171
55905257
52832653
87802462
89931893
70674364
81173118
33345280
45119132
90966262
42928993
44445358
76621923
91931858
22788477
92094497
13121828
40860509
55412542
11330422
64690410
65597739
23464790
66441918
91688692
15515327
68384097
61281840
79028836
26424375
27813318
50117821
29701957
36950095
29795738
36646896
12532492
37795055
24205190
21905117
43777252
47197643
38361259
28772367
41662021
92469225
63202795
87402398
75476648
43335438
57371351
55674543
67440904
61172898
59884344
41785655
83656125
86048893
39436513
88460666
41960214
71996913
83777451
80634082
62220200
11044585
44678170
39642416
58708931
88263625
76385920
38559791
77993831
62191475
42478952
32711929
18545790
56200652
42392623
92011988
60077378
51555174
70702123
64450160
73254957
67972996
21886304
75665784
98151792
46324135
39163227
87305409
64795274
71979945
87250369
11192809
66234849
91800634
36707370
41805951
80694027
91139507
24900078
73942047
35181004
61201214
87890695
57938708
12545729
73665339
21013757
38972584
52325453
31547987
14856329
76594393
75341387
97260149
11451762
88553972
75093036
57842877
59050041
22503363
98487888
50530432
71956027
52269468
94964574
59936346
64253711
85845133
24594686
86156183
83086334
82347305
98838061
88355840
50213102
95757254
44736260
74290668
30907983
93516307
23133618
48137985
58647848
83735645
28856090
42328887
34386367
52848970
22307826
22645646
24847533
71443197
63840100
46653352
93804227
58342709
70692618
23744578
12481796
14303219
28212403
78637042
32337516
66807592
17984305
84077738
20418565
70394022
26064839
39421159
43639446
82975744
69408868
12542766
89162022
54421424
90109458
82447459
49470185
63308355
53119754
96306338
10791690
30868406
76585989
75209196
44530430
12471152
51481937
77896984
15308485
66666780
77164547
86011983
94532606
79020018
18171106
29867511
27974638
98283605
89553100
98204517
58067569
63074322
15446472
72438230
98384446
64741888
57761749
14049829
92099450
23061291
31119263
95374827
90447750
98203229
41177508
69014746
79919111
53953981
59654983
20105129
36149594
30841314
51280497
52045968
47619785
85164284
56615874
97309295
31681665
76868253
18163943
73345576
25406336
N: 0000000000
