P: 805224643
1487871
2109913
7609761
6369885
8213697
5371040
7121214
9866515
5729712
5312340
6999182
5674988
9940790
4608964
7446430
8225370
9681217
8684067
7187192
3218457
4879144
5024735
7702502
6394436
3772179
1552715
6114514
9507655
8584923
9945345
7520400
1525018
7872996
7478949
4044717
5555628
3612406
3705122
6770167
2967254
5057381
8903320
9263630
4925411
3745965
4148269
6195635
9218511
2255867
8615632
3638592
4617772
7054039
5385025
9635579
2249537
7110889
7908974
4484042
2866810
6741269
9267795
2255595
7708837
8709997
6106614
4234214
6094836
2026694
5745257
1394705
8537132
1661196
1119708
3128348
5421324
5327126
4001161
8321271
7154457
8329888
8942269
8453923
3456223
8472702
9693057
4602098
4119980
3685551
9610515
5238891
7828072
5031669
7443887
1668574
7382058
3199855
2417167
7687024
3038837
1596944
2960081
4554984
6672478
5793946
5504548
1539127
1815630
2221943
6650449
3304682
9499861
8778741
2886257
7152980
3705429
6492713
5338200
7396700
6287170
9139639
3357571
1810212
7011632
6470841
3096114
6489587
2524658
4692908
6481818
5575846
5755361
5725709
3031916
5904506
5247211
5549869
5523492
5586550
7332593
8796247
8211229
6016610
3131095
5179570
5946249
1627270
1327112
8305312
2950688
2148098
2349019
7951652
2901292
5426629
9606043
8392395
8431860
2643865
6300373
7273689
1890742
7436429
9750606
7552792
4539238
8723584
4580379
8885733
8218766
8791761
4952774
3256544
4290956
9122228
2994179
3695880
6891062
3551528
1632802
8055718
4630143
2811869
9673228
3854438
5935884
2741945
6683073
5359383
4142305
4855220
2597602
4221659
4450353
8529659
2650320
1199410
6521197
2917460
4392726
5104943
1176705
6416752
3023539
1680262
1798660
1843664
9478611
6486274
3814384
9293298
7896228
2637145
7133561
2908869
9017657
4887554
5813714
1680550
9143295
2904030
1372443
3356382
2561243
4972832
2518480
9288861
1941550
4021548
6104084
4958129
1315851
7626031
3118413
3762748
9548528
1107681
2361717
4718738
1362331
9626439
5536406
9384006
9987761
6454085
3916515
4753242
7906314
3461736
6014733
7399825
6502497
9702894
8442498
7824773
1743357
7742678
6855474
7974948
7014424
2046878
3214537
6502751
9260640
2496496
4176540
5666603
5175849
4900804
6382737
8525687
3876517
6980487
9768158
3005447
6952145
2260274
8708454
5365479
8849608
6237774
5850312
5443950
5989597
3181410
7551973
8871887
1328716
6965887
9149548
8889025
7592031
1965161
4457910
8066700
3091089
2775028
5668910
1058375
6436629
5643005
8259894
8423257
6547347
6158053
8646646
7286786
6316799
3291992
7008275
3190880
7869372
1171269
6997071
2246951
3634082
5407059
9314361
3288465
8835174
1801892
1103558
1689630
6200672
9861407
3390186
9531534
6483768
2816400
3344011
2054637
6136365
9665079
8025843
8067444
8743040
5007212
7921282
5632732
8654864
4778712
7239095
5208454
2005476
3730298
9872214
6721839
8469942
3457089
7117464
7573621
7241007
4396978
8656630
1676870
7323260
1174912
6728198
9744135
1876620
8887974
9506609
5491601
9545477
9939962
4235897
9542882
7184161
7131632
2113995
9139293
4650319
7531787
5191974
2368685
1599162
4763374
2173039
9539302
9301916
6697432
7035548
5866066
4261214
8854176
6873927
3027105
9072098
7625637
9186612
2444960
2481532
4995164
4971492
2003603
6180483
7000729
1161763
9731138
8442784
8344710
9724167
3748719
1864482
3968881
5182986
8301437
7635447
6709488
4605385
9248930
1590858
1992712
8339547
9581771
3389185
2474609
7105649
7821171
8726757
7128131
8461760
8354120
4313747
9100232
3582228
6570060
8604812
5885432
5106014
3837806
1011360
6806405
3685455
2912995
5521167
N: 99129245
