P: 823798009
300385
817217
317720
173654
320805
525994
525068
961132
907859
977636
712512
467757
211578
978304
894423
930712
594481
948032
683996
572644
242974
830308
659986
441756
892648
233495
406226
655212
762119
292473
698109
759925
474189
328844
141516
102967
338672
423247
747414
479275
413234
640298
629273
904670
877375
713019
931251
481664
270375
274615
283950
507860
273796
763199
566413
483231
136411
908728
702544
538817
425031
884216
790933
119428
888743
427116
753210
198942
532241
597228
407978
734498
399476
908931
593629
866289
473750
411627
194683
850297
310457
564042
146437
481560
808734
974075
693634
964582
531697
702581
471802
793824
502421
970853
578855
101596
209972
994942
680843
369568
392772
866848
348818
874677
695973
387296
156237
556213
688252
925348
229491
730667
504960
715032
914994
675801
485557
638273
569745
201108
162347
104352
445373
477155
351065
808322
702965
493895
232355
173425
962129
487839
121896
938188
814685
476633
608484
751346
554597
946844
455785
569048
685783
610775
443470
732455
749568
761598
442776
677542
524614
881140
808723
812087
777492
290684
760236
815959
828073
153391
807207
271377
283542
282009
778675
107271
571604
386335
254958
258762
544717
550303
516311
166080
968359
221988
162053
884562
351463
131566
469409
452475
171376
712939
440954
104297
231744
577130
816200
376281
351708
588948
493472
279774
365214
341117
993799
163812
632179
734219
827700
885339
851507
622038
270228
575612
414878
341962
999672
352694
722222
684537
491744
775464
180568
913486
485512
139674
662404
627898
657787
916648
534623
920701
332462
963015
571731
835203
983371
303487
458014
285062
714364
255531
273643
323243
838568
913077
207730
410370
824975
834589
661439
415659
171703
234501
693188
855116
476874
868412
675133
367236
N: 65104071
