P: 605146687
53378827
47787833
64468149
54168239
59687772
83726772
41172791
18716967
71975050
39588146
13900437
25799214
63223551
86151378
47760950
97698232
23674448
61871658
89494744
76275831
64878991
97480683
62979922
75431023
80359445
65541432
23972554
49478728
86162113
51724214
34635432
86291929
43341119
42419673
63914844
23408268
98135752
22069363
28751296
18817553
63879089
56906588
38516062
18220450
66497103
32987892
34417976
36032938
38203614
86261999
32617049
38913378
74252534
29144434
90243396
60896470
62383166
65807263
30558475
83098436
42265444
86780830
29705661
27235315
76849625
85879587
79484218
20462016
79099639
41892503
93451322
42279362
70282360
62835343
77035418
21074735
15132138
96171224
31233067
95012180
83879916
98714906
52605439
99931116
78719821
14217223
58596165
59533744
45086987
41890705
26909809
13111617
87672377
85596412
80805118
76796187
83727981
98491626
63126317
56220288
45212209
34442205
73894130
56788667
38210009
77883722
39005492
57449155
89108882
97470410
52141610
45890201
43583920
37199873
50710545
73834405
16137324
60933364
77269092
81419928
37618668
23787866
65319546
66252347
12309574
67297910
33428099
90470871
67446768
90091241
16384820
45669872
59409722
64629039
38365613
10375894
50346543
86648202
24579598
22409927
32239228
82780097
77044035
13642695
18081957
82565627
69976649
24682720
73151547
80266383
22347022
19352520
12048150
95144273
20694555
14006415
46368229
73064109
60764601
54097384
28851170
98472071
87982226
73494641
21397830
65474347
10013455
23542240
44991427
60968521
64470114
62397097
95044636
64764474
10702594
43601336
29158425
73141101
59943130
26077049
37870839
48619983
63364096
58442188
91299521
33264182
78529283
72879703
41387650
85558509
18011574
91306146
10425556
41172866
74396540
73634927
67801699
92870709
93603689
49076322
99668816
53001635
68057924
63574743
25458620
53827196
52862806
64194558
37378305
27767391
23756163
29549884
25505700
43533323
76734758
14109870
78932725
26501917
90411362
20193456
42103117
21100368
28390943
46863514
61473228
31156470
36423428
91819243
12545014
22963920
13425121
25002578
26782956
37064226
26524065
49106718
30915296
82116779
26686019
22467965
98046340
22095046
40687377
58057782
47171798
98901081
61207096
92701872
69142117
33751565
54104705
13817562
38661486
55020135
42391055
49079944
42829436
41171081
41460391
72605198
75065624
28688050
92896017
96941816
76439048
53002771
83208041
62801897
48044123
81997916
58788960
12548444
13453581
22788679
44126869
41374040
68911839
89299410
91651674
73155347
16423252
96603703
30809994
77981942
32337496
30690275
21857882
94669435
29664250
17841360
92336956
71941594
41810295
75185485
44802160
67155056
85551126
50775900
17094911
94206123
43394777
44977516
83783047
36220370
11873964
11329574
64241586
62719778
37820842
17299329
49997917
98089173
89757581
38191118
39812341
51615635
82138190
38529906
52385749
44823969
58482242
28896858
67456587
72228041
66944118
32118669
37521824
33495817
87284359
76119441
63181027
63439249
10625100
79852136
10459136
71405335
47298190
60092412
53452245
37391363
15195517
51876983
33122448
28582760
56042344
59459705
18081564
61541622
46119749
87900948
56487540
56457113
47880490
58259647
46688124
22692082
89272623
37282985
34720755
71272307
56494130
57087060
91301367
45442320
26239794
68315538
53832875
56501542
97098948
98562628
72402319
45195760
24517154
13104891
72058168
57240411
29950856
83559020
84921143
31986057
94759985
44320453
21487632
36261008
77381533
77476550
65377706
69503043
63478796
21537310
53612779
16649745
76223198
31637689
77887164
49453595
13808197
59088384
35061849
81973592
20354256
42667257
58083101
43427874
54691795
93581551
98406140
57541827
88920707
45055096
22628911
10186455
26835892
75777789
67697214
68335926
14654913
85502218
97516272
88394452
48724626
52165082
33549539
71551804
79136481
24241976
47921741
87852797
21252068
94209595
53593120
52301848
95687489
76801003
66355260
80086465
63668412
35463236
26972933
15753696
69780709
55206925
79166441
96915802
38555888
11998192
67342478
66279074
77410638
41126911
10212547
34747040
56982770
97801677
14172372
84317553
11871610
62375666
23993884
82493440
27597573
25953216
90876043
92496965
63066443
87976836
16216210
59409754
95494895
55152090
58566720
30502000
12876996
31462761
94679523
65535775
88300109
10636275
42436477
19617903
14610882
41694172
47343835
24147326
63324787
82296971
58787852
20659371
67653948
60084856
42657348
85927965
74564587
38240611
66067520
24277295
75430111
85541199
13924096
42623985
37160316
26286955
29915012
84566939
98153142
84663547
93809999
12387362
13782345
32389556
76120069
57120058
46927613
91717387
23405143
22501118
34057437
72510184
42536125
75170868
79912240
67697144
45111206
11486625
24362728
25066320
23476993
25975911
16189688
61588833
54312067
20743751
35904385
22860481
35874955
32565299
23361163
33136856
53792047
82564289
36423716
49976845
22298005
95564841
40647330
25437706
26354126
20396249
66920962
19788646
86216270
69309050
39263900
95550117
85707180
81781799
29779410
40876568
30010888
47210666
29849822
20935666
22653450
33947654
81160171
68131705
92185141
61287225
60004351
14403350
95466274
65349746
17751080
58849814
12875857
99108881
61465021
68737668
74925128
72655098
16355860
99702435
16182989
58631777
58280700
90092092
68895959
69029853
76371218
63907540
82665946
38952727
13963949
79878663
25090606
70950755
90731880
86677949
61613127
28137037
30960688
84620817
97952584
38637214
88806999
80167431
30991471
33874675
86156883
17729186
96539880
40666907
62712267
72006915
44285645
36917502
48955073
29575774
66141801
40597835
37714625
39414310
84233120
68580787
11048931
59462305
19942687
82027945
15814815
26323002
59913897
28733064
88774565
22651255
52871048
12588179
29988394
76330688
83117870
23808096
23569703
13525161
56343209
19296314
55269727
48568674
20640188
57818079
39438738
67920517
84493613
72571217
44315593
98806081
39751443
16999087
55173941
35341703
43231757
27418670
10723701
27828317
68006699
58762507
66278745
46017470
85817645
99169033
23524153
21372346
18547581
68002788
43829399
45349164
83093949
73281223
97862938
32822078
31155537
98289218
83323331
15810587
68930849
56147565
81438127
23446945
44911139
42515065
64208859
41137342
72607534
60501037
81551484
30956004
66355788
83482683
68264055
33121900
66575931
93145380
51716829
12538873
76937048
28516153
78930353
42177618
39694314
13094831
39685661
71192405
79507729
61173272
53715889
79612249
16052592
50743066
54543581
19737001
70814340
81096085
45224829
68184165
50057609
99105055
13425462
30314799
45338943
95668052
64364947
16238811
91553426
83173856
56873131
89197515
23700266
29493161
36235513
50316307
68100646
20011424
58765559
90081911
95366808
22117450
84636222
12751923
19674159
11527762
73560155
58367703
40075078
98492337
80504631
99756151
51846733
27888062
71935713
59999914
56791519
35806939
53393366
20847549
48425752
52099427
47059626
84086452
52700736
42896644
86399900
42151209
61568364
18700213
83885094
88309958
63297423
73110490
53234426
20530176
36541800
61387896
91212424
86221461
70419909
47460654
39449368
95323215
27516333
51736066
72472030
75891626
36118789
74112271
76663836
10749909
22660186
70192680
92259029
98745297
39193727
22531626
63733755
74852420
33476605
14852284
29574643
32175097
43029838
35322872
52671695
17047255
54657854
16608609
61461165
89291734
96529830
69340778
21225308
66986122
48815536
98065249
34477532
51717882
48017931
76268365
33207295
89399978
71265814
77549599
94420224
21499802
89688937
81681995
75961330
77798358
30546407
67961166
32739607
23311114
62709064
49478866
25606268
41905954
91652542
26409871
57673991
21510808
82270870
24151501
11853508
50457120
98091385
53515507
58212691
44110193
48625785
29224256
57046358
39971818
96386850
10173089
37444572
11255806
34125404
49770758
16332806
43510505
34033009
82906089
98981838
31388036
99344126
49987728
50685653
87417168
16837772
10228158
32301934
46569079
86618571
26019586
99592185
90453527
89230079
52428040
41734046
56686711
49378718
28287963
49287157
20847012
66590109
59818626
24331123
20792193
98832309
41100319
83142478
59375806
90468426
57163756
99644113
17082015
18279005
75988116
77125111
16385855
97192155
64267667
44847843
31347458
31462743
53337720
62706529
28937447
48483968
37229861
48974556
11402719
60874589
85002443
20873176
36773268
98882541
16366769
10562190
19944942
73575128
93863515
80358164
34436720
83143902
52108834
93395417
85715206
46532923
41531738
66836307
56577882
55713004
94716937
10974121
10526624
90579083
36341313
17932252
71339778
87169598
19849735
52063140
29073172
61018100
69661903
56145201
55182819
43632688
65012535
79517583
73867026
73811073
90246333
72982281
58765189
48067597
23194676
34304751
40337546
34063308
15959660
87422605
38358887
70797158
30084686
18941154
39022369
93873937
32538222
99316453
78555200
57541914
50984866
36441572
61790428
25768889
55448862
21396870
96931459
11363136
25551151
33856744
22014102
55768133
42884691
83613132
92158735
42876328
94872052
55307343
97101114
36546137
29863001
11131504
97437911
91689414
89815667
75225165
47765420
49957313
10147614
34956783
90725244
79006282
52619539
42015640
38533249
99833376
78707420
23467350
49097697
53577429
25395180
77336603
72841719
99416677
29117070
64208537
66855109
53196402
47786872
30637484
66290579
56775549
94472333
54793606
83097734
99117622
84784473
33506345
33569532
32391726
59862434
61019583
35671382
16033513
84830361
95087511
88199842
23782977
72672580
91877675
11530373
46512400
97798250
21272310
41171980
44621322
69413680
49695214
19683910
48540644
30308726
48410241
42068211
49846165
70628457
52353673
88697284
62553731
11492845
98016229
24556364
27567972
73839178
32590841
34639817
43080673
11051390
71234864
97261063
26723400
34918200
73228033
43551325
22051680
46685225
76057818
84205575
82177698
85318083
45172180
78492394
96239096
53651892
16336630
82716713
79661089
63151692
70284509
34760569
66005024
88457184
70913749
47651074
41397957
64212252
93457596
76175202
55831390
20859232
71780495
95931101
48278355
64147100
81458313
91863749
30436743
52854824
53180043
17941681
61717822
83463608
46798131
87248772
91737113
37517421
34662311
87602215
89116771
37551712
28853483
79467303
27738933
56893448
38116718
40837086
83245227
52845899
36472112
30750747
58630003
22417406
14886147
81808235
94279658
68805389
30655343
75124529
83938946
76167580
94128960
27483802
56478653
51850267
57707581
22194456
94498356
25078846
68126080
67709502
59023185
26180400
47959746
16312724
79849083
62384825
21496794
83372581
27540299
47995594
59583297
60246886
19400119
50278757
74649004
12156323
58408535
76875356
31288926
32574779
65740959
95295254
59807020
45912330
99245233
86401959
52809774
97495001
88259159
23167187
31116662
57682046
90253555
50046008
15041482
80247154
16244896
91322946
43063920
87424433
32159423
85535633
91843355
99019053
30043674
72800952
22111470
45242644
46046852
41514107
51578085
53358135
85980800
27323465
10783624
61981784
74886195
91469923
12470958
57820492
90851154
24834785
73354334
94649439
50767877
79848743
45586440
87600555
75430316
56445973
50551521
30274105
14140206
55172892
56593595
19185781
41183658
45487676
54385662
41966622
27575652
50435011
74229356
83212148
86390649
27708724
81518971
72218395
81291496
14072411
51424940
27474016
59284416
53357863
14234039
52891748
36364519
37843460
98654398
81693698
95363464
78523135
85317573
46526749
19700694
25942653
50986506
83937721
85102129
71941236
95081206
34817173
22219205
44847546
22044691
64820745
13258128
58707434
31885314
30187195
63057309
10948339
54604870
12643867
85025510
57748236
40918815
23222977
71819238
53995555
63667249
79273574
87964318
86147149
87241968
82583004
44611475
29217178
86762417
93662622
40378730
60064293
36138172
99511374
21769860
29835151
46936484
89549528
53090768
31354968
57500819
60573365
29013510
76790227
80476285
41184685
13426207
66197720
23717068
54106909
84777971
10308516
13734299
49012165
90826961
13737683
31653158
51218210
18181323
96621104
43248354
88351085
68177380
91519106
40868297
55728481
89042439
69779730
69861047
91878599
98500071
89959443
28985648
22967059
53095863
70619880
80679794
27819513
33411117
46563124
92944313
89886707
79112630
74564196
11132073
10614354
74727625
81464824
95829013
11344740
79100868
57123103
52582542
30082779
56166989
70381151
30151410
14118889
88731393
95659400
46109280
33853046
15024374
42676188
72319293
72761508
18195977
48991187
67357658
56938265
97352514
65843799
60977402
96176027
44372442
59346169
93284568
17665200
29285809
30019840
28981949
72362316
99022911
35476790
28838950
66101744
47987086
70791257
55574222
40667420
71370169
19905887
61965682
73415603
32208257
53967805
31395041
56253317
66616008
30934893
67972987
81874525
92946364
88108759
13472213
12034915
98752985
51312027
16318826
41911650
48053544
14715650
24518119
20065838
59414249
84786068
88887802
88305505
45996767
65353362
99935119
70782633
29118827
76564695
56632489
69642457
73177723
44893540
23737067
20766312
43393463
83701318
45734042
93690534
48021387
20599918
88784089
41191096
81365540
48201701
12494692
33607403
97514290
32165938
33297187
38103276
70273539
41869073
55699031
90771347
26322797
23590641
80774152
32710776
24109848
91512841
34931533
59756416
11560749
99856289
18368098
47755483
48622079
54382484
93211439
18032922
83381482
90957903
50846130
91786261
48394067
32902871
65589806
31930218
41492152
85719866
68541438
79406771
92573496
75512552
18276903
80272455
72711495
92806381
15429119
33945093
20365854
11210110
38801897
18050079
89339340
29771503
33140538
61600696
53218898
61573996
98550254
69884110
20963341
47397421
72732971
93053980
60589454
70368700
31217903
96971277
83264609
57169040
93150447
37441086
76314745
57258530
50941319
48965529
20180358
44270134
82595849
20011608
79546652
54315749
52682852
52991434
21347971
91646558
82031270
43385254
99392849
37201373
94095596
41897967
29300904
29013557
17414076
50953444
17465297
36025757
76783683
24861922
34945700
51425189
67528778
15283663
84091718
79668988
68419162
66627182
73089361
75394891
54793316
66450277
67472290
71243719
69138261
55480706
12224801
66058769
44568982
48116225
18987769
41968936
59050649
55438524
71532431
70620648
65046911
69172651
39123925
87493299
70295360
17163133
75553834
50159943
76514642
34000076
45388375
59324506
61038657
81538380
45305250
46747772
87711755
31011319
99517632
47175927
51747796
11255946
94727186
30382947
41757830
89570665
25000043
96566697
12064103
10386274
88476095
92252235
66022902
65191808
20426380
36984729
62229103
55314723
82397929
92806807
23636650
48665092
97848251
30713541
16493067
10861118
67229990
55512669
21265292
84833360
59906256
62661942
29625507
80278927
78342019
84813531
28352894
57867516
59639220
56926101
67771380
79608655
59923656
51765850
40448214
96632104
86517603
45353047
20722145
99357875
55391079
33953236
86409463
42834363
89465599
52826340
81109759
34140596
12997673
69597457
26358193
88180280
48604145
55047491
22532609
42947522
59687097
98105234
61611343
68548412
84961885
88146483
35151220
17434884
32519779
90959104
44687129
51047625
92814736
39170517
41995150
96875134
65449793
72063528
20362418
10754634
10679348
63316616
20012410
51104590
26488449
71802483
55008041
64167908
58159288
54639557
30286877
92450307
19199166
98839485
28062278
26399168
81991202
12840754
71387038
74212597
99421160
65565001
84006973
48575062
58193691
62197018
23955995
37856646
14554000
19848968
19411918
59830402
80988391
54743977
46858869
83906602
66350500
67045501
40021830
13875795
81025796
22377185
54441069
63684569
52754797
62937305
90040640
44787906
51424235
26962652
20660631
52955231
49655974
87918636
12663704
65509803
83125769
41406523
64604303
82841465
10767621
54904957
78381911
64507117
51118836
13786917
51748741
61534135
80250749
13462399
42030897
53596664
54977491
35630405
57663028
83148568
97157459
35804664
56517939
46650948
45602634
67860213
25248797
46756011
60945658
41571079
86121356
14724840
67126430
17657732
87493199
36598377
67709116
55728524
50599209
92404973
94179769
38292423
86415619
15564444
85862229
47846060
74468352
55534309
25130015
59162156
15551017
10209002
59233189
85091727
39658501
96919146
26237411
17106204
29325125
35373305
79473083
N: 00192957
