P: 308111736
5137192
2643385
9153601
9667739
2195934
6967922
8382643
4311445
1415726
5761601
8411592
3654648
3075918
7347638
3284735
8565171
4353784
2404617
8806327
5303042
8560841
8009863
1577543
9549411
9581402
1307155
4512463
3999062
5272231
6844375
2640680
9544446
3035736
9168231
6678562
8145688
1255061
1536329
4254405
3311945
9799743
7764442
5253008
4058245
7457351
1807933
4153072
9751727
9280835
9025698
6182064
3002132
3128219
5083222
8363366
9949398
2039043
7164455
1256196
7986829
3941182
7302009
1520155
1204326
7153916
2624744
3745515
5688382
3701587
4551786
1806396
3726677
9990413
6259757
8585568
1702844
6633423
6680205
3498179
2055096
8309382
1259234
2964808
2251072
7020355
8639288
6631765
9188834
5533935
7135872
6307042
7729732
9137080
6996368
2911206
3670721
4032947
5441688
2556023
3125281
6428079
2130689
4883940
3965035
2746170
8048478
8083446
6262897
3560966
3059635
2654465
4696363
3972883
9664616
7768868
5493314
3287081
8313007
6487734
9017839
2809990
4361759
2926215
3975690
1560074
2393296
1985782
4548006
1469565
9332625
6009767
9326133
5856614
4412457
4602782
1881147
8265951
1787089
8292255
7839327
3565517
2133009
8363655
4309637
3376739
7606700
9265559
8816998
6601229
3366161
3178441
5308312
8317373
2198696
4457645
4831267
4257740
7749866
6892645
2468895
1046076
4302353
9320029
2389253
6353607
3816110
2289839
9692172
7486510
8904866
5615652
6314872
5721459
9522855
4098006
2950598
8728389
8283371
6775470
2738448
2478860
5030782
1726298
8843061
1877337
3205364
6239647
4818046
6793913
6088714
3418846
3326880
9083852
5667752
8311593
9256142
3928838
6423865
1856163
5751972
8073168
3403973
7524050
1219055
3088748
6119733
2471313
3192305
2323937
3287647
1701376
4098971
5850238
5233907
8456044
4159526
9403260
1538682
5667733
7747730
7825864
8203975
1988731
2347513
2348597
5583875
3089145
5629822
3589693
4284524
6588881
7531117
5447987
5072236
3926479
6753941
3402847
1388915
3490840
9600169
8729733
2763177
2652283
6699092
2085728
3146594
7420440
7944464
9041490
2839187
6282832
3216249
9018437
9565748
4688727
4792780
8896309
8334600
5476406
2983690
6695527
5912475
5473410
6771990
6087802
9211582
4307294
5931709
9159716
4405354
2494419
5753765
5444705
1104341
2590127
8858529
3838534
7178561
7874535
6135417
1743324
6179429
8898575
4265976
4733270
5003396
4715613
4993532
8360056
3959268
1148239
4131081
5511352
1831894
7345999
9498218
2740513
2536461
6998649
3256958
2840075
8047242
9927794
3968279
6590962
4525175
9511735
8458536
7884910
1709696
7416090
3170486
4800189
9325120
4186986
5154394
6400858
7444377
9007703
3638360
1344351
3751208
5276372
5710138
6510394
9419609
5569453
7774556
6358426
9294581
4834200
2470237
4398050
8268186
5022314
8323474
1862151
8601755
7006986
6500414
4128810
3298227
4315173
4018845
3620803
7332712
5068722
5181870
4626967
1232521
4742168
1073126
3186052
7030400
3204652
4008109
5908744
5450035
8442334
3597651
6575256
7536179
3910702
9164132
2595060
7653707
6784140
8252060
6556753
5972490
6245879
4636782
6556871
3666627
3042749
1246073
6689619
2691079
6291959
2876973
6117785
9904482
2778887
3116162
5596196
5712481
4305163
N: 59050622
