P: 0
76568618
46748107
47888360
51448962
76126586
79977218
79961741
62142237
79303902
78236792
14206120
16756177
76799956
15763413
60850703
70031711
83683388
98560826
88721909
90850349
45023129
12175768
48679986
55962258
68259347
67344059
94353152
26031461
49012228
31589185
99282224
63695116
30038381
86053949
92965356
41854417
43329902
77588070
81824099
19476430
67210716
22373181
98627249
51049264
32982819
49361622
10046648
20837402
49542481
99391348
19965225
42812905
84187128
80380886
10190946
80617158
27673270
19158437
45257914
37807026
70938327
79719394
12706574
87021072
77902077
32579124
92431092
87919161
30118091
26719988
79032789
77579932
40638123
64565095
31644326
37226941
79545432
93602273
93619351
78435817
72965118
23213221
57363418
69935773
68447539
51434527
72566244
40696309
32267656
16466203
89781915
46871433
33321176
20137751
57948545
10597762
31887552
71153902
31925691
62676229
11402385
58351327
54458305
49861763
33171392
59028402
76214456
40899072
51978972
19921888
95044671
56615015
38196487
33912713
50488741
11369285
93893642
16235465
22394059
29877516
47176783
72387756
75066260
97975957
41798792
70161126
57489716
59627896
14156608
17343015
41805847
11355971
28066085
86246581
22263194
18309086
59915743
42311490
67834548
19827363
75229439
21788133
93205921
10851770
99656507
78886959
75211071
14169988
75746337
60182373
97734519
31077334
80855828
26456745
67100493
97729565
48641949
90611494
55817446
72575842
75668467
43163634
51108398
58759769
90739329
54045292
49352480
15566538
88718652
59138675
75335321
74253185
13903068
52605976
83203426
12157557
68485835
27124747
82642134
78412861
75413088
86744794
53822280
67120556
96238570
33729593
62164970
49387233
19138934
35164262
62525375
69689505
91291115
84688521
26300680
16004605
34405020
13650585
23185643
91156318
22316451
65909302
69525556
22616293
89755908
70638831
40795155
81707758
30509185
39986170
78964918
44780480
21993203
35861138
67365578
94605127
95830426
78271947
91788156
82308262
56895724
72692535
78232107
46228209
73976949
27651335
91600201
27638951
54115502
45180999
40049459
45940271
10307542
38261830
26277782
86401384
88253083
31534007
68742656
12743894
78325066
75471338
97702158
54044752
98032289
95358110
10120339
19556375
63359321
88555477
94114586
16330930
49806237
73624257
91323985
19250486
36929854
97682277
42147607
65500966
40069342
28225003
60662395
12489532
92484333
92916962
44254378
31848781
63307443
48200003
98419730
15024918
75186283
28543001
25160225
70412821
34740781
72932612
22808604
37229039
20206983
96138758
57773763
43567426
37881273
74952711
43917831
44111082
95354309
93719439
46500633
88139388
51354443
34952191
73827192
35477542
16374782
64874013
82417083
76547055
15698118
32821734
94114403
75358766
64459215
43577199
22802727
99952057
84196081
32711874
68902173
71290645
76435470
83562699
71094754
16497134
23949664
75372879
56202266
38341820
57350787
41370994
88003314
98552307
21923004
41292044
73350234
45121811
55561898
59451665
45716810
18885606
34491464
82261816
69305443
25681756
16237579
96793991
72046799
56490072
39742174
33608837
72199954
26878194
23293806
82394479
30497333
68630794
15122846
31392827
43390019
87733455
46508519
12824522
46324491
83289602
96693959
29884237
54298670
31428752
29302618
26446101
44123715
84257773
92955978
49645860
28371799
92521910
48231482
28103327
32894052
59225998
59981084
38143011
23711341
96797010
66765560
31850729
76891699
42781290
39880363
52972316
73026310
67522958
91756240
53514637
71640778
75377930
36786229
16522763
88839533
50746468
22080491
83280224
43863061
48327324
82095797
90067962
47801821
49832165
70274186
77731023
77955979
77152674
30719200
23366649
99859474
83060241
85913142
33045196
18209500
94555132
36505771
53481407
41541412
72241985
39947843
11477202
84940410
21805690
19467507
71905891
69415529
69956912
43112041
61951017
85466552
27957299
68652776
94710695
81728986
93764808
15146591
14126503
20337332
10704513
17414487
28232766
35581339
50303023
96773200
80351456
30640158
11583184
45221454
43102502
56585280
81108437
65661117
63492299
53096166
96830218
11339342
44259348
76448168
78839099
78648813
76049099
83706721
64072387
96802578
15129237
70026336
81322160
27701709
43759149
55542611
57622721
68433759
11542182
45047707
18284489
34749535
43321921
85706740
56380239
20134418
16675413
56811407
13290383
52717209
19080585
11763824
63383337
69466883
75881896
63352672
61840641
51581137
19090927
95752810
46436867
15132277
17952102
66193201
76732059
97497274
51174181
51701377
81312566
58021272
33203985
68735622
40668055
64424054
38838596
93612743
70971855
72255307
81937262
67694688
93268005
19394985
42755345
57323811
93499138
31596853
49756428
72043293
87029554
72743180
60127792
63017173
14358548
37140990
59295747
91598895
75681464
65696453
98614345
32695054
23399740
87805866
44778854
94565965
55804542
74344212
80366273
87197719
74351855
40546283
85811557
46721744
24528835
69870112
27208053
56736162
42729505
52942623
18285658
35143498
22251652
70395756
56359294
55935850
20273993
95897932
11264675
60109406
86200213
47266414
77058721
51892822
40980566
48477584
80901805
28852559
92757381
58601823
87282399
98284392
37539620
15872973
71166689
91211386
31511375
37151856
24464203
27730395
82354893
48949441
28496109
89375736
95692545
58475585
71128950
50036234
81987913
97566087
40300930
66322503
57315081
11807280
49857324
21989777
11204842
23039078
50353394
33844092
13519964
61956249
88806282
21958069
72136837
98626407
41396603
48196034
92729960
98433974
99523508
29030651
81403347
68107407
58241962
84843327
94882303
38596872
49707456
63202041
22593614
65338525
50576182
84606770
64777460
71696541
45986696
40441403
41287263
12171351
63856246
43303665
16723526
24868042
85758887
50883067
75867078
51370854
60018985
27371226
38044061
86326718
62986898
96309776
52369038
90917814
11494291
97631231
31517854
47558310
28147010
72906150
62888368
51376189
13179952
73957756
15470251
47492662
77976365
43551191
42363946
97860560
37082027
47705027
87900829
97678016
48514395
80897724
97491328
17138564
12647115
86430984
19996579
93561901
90093093
48147748
43482973
34858346
16959689
66687297
49446315
80802373
28411317
67581855
26649866
15171349
17005964
17772399
58525218
66301810
45325349
83800981
76192835
94036361
15710363
17200669
28551280
49458341
35126759
45438218
54577498
17386793
50847693
33191809
92492033
94734967
50625473
88504726
13143627
73172782
72658481
34354864
48367424
40128451
59070605
63632168
62291906
43113296
48455995
74880505
19993598
68946378
39831931
75557124
40344750
27120830
29550796
60472787
26804604
36754117
58037717
88652672
20409812
65373850
55214413
30320574
80453848
72942749
96488264
10462484
60536012
67674981
29891615
57846809
62903574
71522834
66123881
36205558
82802430
48463550
30384048
24598640
64055714
99533008
29568801
29407859
90129970
53370742
25291487
16463512
42530265
33345816
22089767
49910094
20478583
64115831
98729310
83788741
22426600
51563820
66468501
63914876
92670978
92768562
57898382
43543808
56958221
40241116
26330727
81762342
73725497
42673442
65983632
68701751
42640353
58633238
87340900
29099316
80103606
40453604
71540207
72604661
81868936
79824591
61156835
21421902
38436666
40926386
11488629
98908754
69698659
16837562
73568860
26898849
72442207
62634124
77255140
94281576
66673071
56618752
78005763
73515680
23215795
26877401
21730029
76443049
35342964
29138719
97662472
57621211
59044901
28194036
31052227
28976619
79101938
82476584
91768583
33800894
45523053
22717771
27742396
35670256
12671314
72875277
35926202
12735176
10260967
70930423
77386721
51460744
48206307
45313219
19699676
89124592
48898835
40557431
65523100
10532335
37863944
63747942
77254250
54189367
28336229
36726341
95815210
80751147
16662952
91881117
57219608
63780088
17882887
97763965
91134272
58730508
97821504
58081217
78880372
68831709
73808887
69250203
69961913
29499820
51474715
60820410
93539957
79607220
76218960
91565306
28324709
48312054
76577918
45890492
56286095
25242063
91202969
70911661
35022609
54910980
50237554
19521618
85892435
15196867
80832016
53072543
98569401
29862717
95281356
59901936
91067001
23978913
57235658
23385422
39426391
33893112
18480254
91538077
21265483
53231180
95642536
72893828
10908045
91261908
61785173
75635060
96903142
23242589
28716025
70941593
72704551
98586436
27475853
14500423
86520248
74920103
26397660
15121540
31830742
53981832
58393605
64469010
55854275
58404137
40745753
89191426
72212328
35313992
52264037
39992229
25368801
42229441
46920047
93025647
88000206
57433916
19553008
64926839
53535059
40651653
45480345
53104510
90177033
79342286
82093388
72440877
82035902
12737310
90236997
58418907
19775240
48565383
64131725
46560952
43454556
55393395
44434025
41304298
80389117
11155887
15531473
50728196
68600665
15645969
43785178
21928797
70781929
23916935
80625014
58713926
11241931
74668808
90698419
28521052
29779077
96065514
58589496
33837985
77935872
77329599
54455205
57944463
42715145
48287962
53700518
74936351
43340803
11755552
89896253
89954720
51015746
55235506
66688612
40889426
41844005
78521476
20961639
89085020
40862984
49660533
87345043
84603111
78056133
93113057
95509036
77563643
26945244
39291139
63469752
31885647
48321368
21250416
79766788
65881600
10247858
22907056
51200248
26918049
73052093
14670568
33884681
14704554
98402797
75751812
44276502
78474922
75408445
30264037
92888420
75791799
81776659
18855317
46497255
11608285
28416634
81489157
53487337
38066327
79347737
70088861
21951724
57780088
25916935
21991191
76960757
38403227
70754542
15907785
79011651
48805315
65878121
96347691
76019172
37496973
11615899
96949758
77128471
79725457
36113793
91249626
51442281
57536183
81876008
59949883
63615163
60662617
56819309
77574225
38875833
29970177
57905545
25483712
77213245
82759895
44910250
45720434
45907726
74663110
16238911
42457147
35899825
72694461
23085743
20171710
90282620
27696517
94285984
31681484
91271328
42465762
49364935
96764197
30495941
90473810
32803881
29985141
76740840
68486077
98216596
78991581
61635790
85125854
42576306
76153434
45961693
16630065
52207236
83713201
85080568
76751545
14378461
42406708
94823155
17983009
56075547
82791502
23827075
36808511
95119041
37619012
46249752
91744427
19366352
81723592
47360586
72529143
49599797
29588596
68918890
63442821
48270795
48801027
73402313
23877185
63458945
55225058
77669412
45188876
46527327
77010346
21493974
63188409
92663356
91742613
66453351
13984693
81281483
60235864
61430741
56982074
92985265
21030252
46179269
88114984
48112250
98065045
28890652
43901850
76023096
11362602
87755323
92538338
70943582
99593208
51489503
66939761
12772342
17322916
92311143
88860537
76166649
96155328
70507973
68507112
56145263
86643567
84430477
58742585
38414629
99810712
34070267
73513486
29851242
67459051
47204285
72503644
21218976
22237022
39930747
95951456
42169779
84103202
88942739
92659497
72937591
67055719
27134425
77766249
46459061
43625971
77779975
80363025
75025051
51070189
91788373
60170706
58667046
71049080
57179294
91990835
37983671
40260821
14111865
18121149
77655480
90789150
55123475
36561933
72179390
85232608
66060544
40251088
57799307
60816917
82249917
50816100
76369263
35606770
83054476
25764704
88224148
27260215
18102505
85183691
43411018
81219603
89245403
58977615
98198870
80708699
23205847
89850141
16455303
63090292
66088953
65015945
14510208
65429243
26239185
39318752
56218740
22041297
75735108
97406703
12644035
65353344
39454840
45288658
61843641
53581314
69718546
71778396
61645785
97380525
26307179
29034236
58245132
15037950
97900530
N: 93494643
