P: 176263595
74670351
55898972
16757660
83163343
83004062
35980057
62841856
12669123
41979822
86117773
40284606
72012347
73007275
77876590
69418381
74950128
32636859
48942152
75942615
94046240
13703589
59978455
50087500
91801352
71513268
53492594
73142975
38071195
83472559
40342180
97221377
59906967
47997081
63473554
68427760
50574073
41061246
11560853
63981802
90226332
59697718
57653971
59091364
97703505
32399635
82438067
82407443
33227889
74133298
29769129
50850572
51131127
84534696
70668097
53569444
10649862
59073073
21234502
85590922
61809088
11938143
31312221
99768788
10859435
25454089
67416708
64206943
25085952
98331011
58906648
38709174
92978692
29355252
54540534
47268407
30448938
25340548
23103971
34435523
48692236
59610359
94680869
44424102
62961095
17624033
62771570
57866465
27175011
91229725
63576702
85001640
51879176
24462671
33434614
74324507
10369097
17697019
55634557
31455833
43981401
18722210
21721456
93695275
52856585
27442401
56741746
92778089
91672590
49939907
54335465
96129529
96900271
47757551
42580772
88405863
55476128
35619895
66330657
63264486
33434741
31746550
23156108
80900105
42115111
92767767
96146087
77680680
69649356
98204653
18732101
53012538
76054435
52972345
15835330
36625826
65269436
67191519
59415876
22193153
40696093
14155845
76497232
91263644
55681555
27373090
42962810
91724465
38605222
97689237
39343160
89101136
16803025
32541825
80343775
49230905
11794326
63025676
32064938
34857243
46693312
27142983
23223576
46715601
27829108
63636953
51711459
49902931
61377806
80198984
34931743
57597547
23776750
40687647
16084316
15755634
76274143
41665597
63713442
32729738
16117822
32299988
66148314
21327459
22025171
67259717
64539396
80794564
10902428
14660708
69538362
49950201
25600070
71649714
84630723
18616667
62228175
10716484
94631236
47497480
37922019
91150997
40632028
60060838
37201682
31207879
72111117
96175281
88674638
22110726
24428087
31521763
36084790
57956514
83652602
30421149
80107798
67283531
14982282
36566320
68758913
42735598
61556689
14415022
39764941
47754391
28756364
27207044
53315334
92628622
73912321
97101145
18787353
62744002
48501244
66281323
24657409
67026285
79459696
92604616
42632155
45086100
62327658
68123927
56549602
56639668
62958262
36028975
87495343
36652250
73641654
79444734
32066191
62761001
63013308
94661887
60826509
71726361
48946273
63549616
53806972
92460338
90073253
41877275
77464921
72269030
61849650
43886985
40705848
44823399
85230234
34394042
26407871
13992973
73669916
29119306
57808668
99733104
15669638
15091776
79991790
76132220
46990744
21224397
82501991
96953110
92730508
66473287
45873235
39306450
31460521
62950686
72185465
54641926
59714811
59171376
35867521
99347713
33835530
94523756
77883065
61725281
63852712
50078135
57134645
88885631
73448029
92127013
39221883
76364921
14801927
85423411
10209327
24022232
28636170
11310749
27362798
97201563
41502302
84950264
97641187
32795501
75494958
71243096
21159403
38725675
61378297
79732617
44716537
50926629
97151350
91281606
59429091
38860160
18785087
54231873
92630671
20945480
21467110
72374088
38986045
73724812
92854156
82699156
22033693
98218515
34383135
65816740
87714910
54313784
94568294
34783643
88613148
35062023
46560624
59677478
65089792
90493824
51770861
73182859
17054308
76823372
24571892
62701601
45907635
12306809
92567070
49701956
80138186
89521455
30186655
69712418
30395455
65858912
25275877
75244093
15934791
50652441
30475489
94760761
53836510
72958771
95193622
66762448
26936780
76212594
72756838
50312286
77623211
20763935
88977913
39652923
61992441
85261222
99818892
22871426
20508226
26847858
21210902
42860266
19212655
79616677
69664280
54920515
53668605
86835336
14738391
28610991
69873158
35771334
87114614
91492599
91436633
70900728
85953332
16756742
96789937
14050291
63988128
15968036
24273903
59432055
61727129
69300812
22706836
36533258
17795511
99117042
60657323
13474905
55969370
68396313
11881049
13693836
80696109
54008407
81304074
62256282
96615023
14666366
71887737
56318225
55176673
19111001
38942963
52921360
93218719
20196746
46975448
67438249
56512750
36563540
87342946
99973624
86604284
61745907
24819699
27325432
78818099
27352894
19000490
67799557
74252927
44657613
53475393
39298081
26184817
85525909
95653738
46555517
51527177
53537830
52070572
94714071
61270313
42815435
45422559
86148138
59067095
34808161
10885897
31299884
90960367
18495851
80028385
41358104
75024215
54775986
47920029
30083928
95376594
33841707
29478022
54663318
45441995
51670807
14402944
53494613
71169315
22451505
88396718
71931565
56731884
15926159
11940776
11781500
19213717
70587960
52921800
80534788
19723562
58718490
26402284
25535436
46238870
10549111
85121278
11635535
16813743
53252027
83568074
73328006
95818578
33841433
63704205
46577062
84949220
84614428
20377821
89021873
19601455
22484108
33005609
81870627
19961710
45564469
84573058
33215559
73095443
33284207
92518762
26827942
47172666
22792950
43145907
59916531
11373668
64505827
91135146
94327799
92657846
58751252
62198605
36482461
35606857
97993786
16604261
90078692
68553953
22991440
18637853
20212539
27695222
42362788
16335479
63541523
57703598
82571111
53473879
70065927
47971188
90038494
93078598
44360457
73920347
27851590
67990849
84672872
84534608
28302611
55913105
22767639
25283418
54745031
11555922
84135540
83190358
66904856
60801806
23823332
77971583
42016000
28374178
44417636
81667434
45622582
48931541
44516088
16661648
14326275
97789256
99253029
25149162
82120200
26416357
79996671
97754908
67881604
12544177
24907918
14788333
76930826
94110610
12287159
19656590
79461522
42978916
45832189
66862060
32408895
24075019
20824619
43428932
62107448
75253060
22276287
48262777
14199637
83708046
11820513
13104179
45962392
85856940
16611499
18037769
16261195
12777960
39415353
79027641
75741301
88469402
19256755
80992433
90669439
58049190
81022711
44572493
92592456
69677528
39249136
86612492
57205108
44147063
80532010
22329983
56214404
34635947
99370621
85971491
25404535
32003837
34795463
78895097
88093112
44501022
36432603
39593272
74210776
91469792
57779910
86271171
52952738
96381546
16788204
78852727
52023184
98014069
11764972
91738283
81108709
65364073
51505428
57365670
34693322
51579269
16788869
36858279
97675363
47857942
24188345
90495054
58251992
65987754
33537615
45164976
10883026
57720699
35388485
84556877
14620662
33547315
37597072
26721008
50013532
64025644
81470425
72391150
65614993
20917646
27320722
58390601
49937216
98458666
37671314
15928827
61128380
68443706
55284820
91943800
54510843
28100543
83202021
82786084
36754999
13117285
12101570
20599176
89028805
29522549
46237814
10653777
21280401
97282641
96673305
35769892
27661746
78541771
43271524
30000291
77410765
35069192
83915814
57160365
87130701
71777140
62113123
95504860
73447035
81422081
19442790
78426306
71920975
70488765
56427716
39885011
73489024
73070580
95790485
44640322
63067907
19911786
58381635
91128161
45760608
48257990
56749605
99454303
42014942
56347010
99929648
65332794
93855767
30294341
41294111
31220860
98218469
45689776
92992592
41884637
13105343
86258249
81986757
91706202
51297522
40750345
30796686
72352063
32651966
83525496
39064152
19519628
92464521
97588309
88550886
76500963
52492298
58679872
10276497
12093540
35873332
37101857
42967437
98624127
17908520
45723574
18150861
50592479
93772643
77593407
15216722
82380944
18901567
85372736
51628225
54475368
15086781
85844553
59564264
15358369
26213523
45683923
36579133
82522824
89243013
31794389
42052766
65241700
27525526
98055621
69185403
97988297
27355651
18419842
44331904
61166872
71008850
81745528
61848460
99377581
88544149
69092166
64427599
25709726
15282843
18498506
45303449
61364468
67618019
41503852
78980427
29072373
61348027
68394806
36186432
87961582
61964407
77874857
80996754
66907980
37602434
75330260
82902947
50724386
16519368
79093234
17642819
82946854
75697932
37960190
19715081
12548033
87308372
81949286
76195634
86519192
22028468
49351987
42165804
80528659
87396879
67961597
50129476
77058416
68936492
60255004
87598934
47027367
20478426
48167830
13442273
39553810
93471295
62571627
39731072
59692190
42377926
62854168
18797054
97616648
36636438
38196073
22447194
61632677
97704790
84506928
12712159
50158095
24795509
30419834
68773060
46717662
50295956
77541709
29460333
25053021
91741128
53440721
60079405
75853512
20904111
62696161
80863246
63010081
15729277
70133549
23615262
39707459
83738892
56673788
80648040
62949677
42769337
64509321
37080984
15559713
15349860
10096220
47950707
84086353
20925716
36539849
30535770
73659639
16857920
56671185
63600659
94715200
45976445
73906224
74161564
73845799
26845582
78840281
92947274
11123079
86033847
87326121
78752862
94394463
88870098
82863238
64574819
59160197
38168687
67105915
74829430
33347370
72203324
16740306
88185677
33319228
14375583
12287757
36017440
43925661
81465900
52817819
12695652
86917232
50311255
74910289
78084764
83060068
94625517
82423951
93750028
77791451
77654239
36309656
17248783
95437175
29908259
40572337
75919873
57094389
93810078
32950448
12158246
82928378
79162107
14998236
43837966
57797843
51651734
70609219
77965934
17923017
26748985
80322094
35408303
31549155
80363659
92320055
16313079
50582864
21207412
45174249
18201113
25599356
72023125
89158270
44803500
32597195
68711310
36835269
65321334
16407745
56348053
29848041
94126720
16217309
40915203
56260727
49020629
16814349
85958167
89856208
35401369
42577257
85795592
16586209
72509469
72050529
73737565
32002981
71444905
69671411
78299600
76190144
18729368
66093341
46878841
57376122
54183252
50170940
47504680
19466980
76667010
37398451
79508655
91458538
50324784
90101349
13263400
25936943
45404785
48600280
35572956
57505422
27062716
33027719
71824651
40428581
14506842
29675181
56050380
83185571
99782595
59843779
21309890
31890051
93680088
47842887
71152273
92367938
13100691
34276592
59848610
52319490
76045171
19692091
49586082
61297637
72925581
32418763
65624898
93415531
95339799
73374193
63522065
96809742
44599755
62886988
84573112
38149386
60077645
27894617
32388723
89868853
86547450
71643563
28364042
60039639
37383804
35901709
46391927
39844396
96808026
60437971
80228368
96741634
56241291
35319482
43023102
64168277
52318014
40271712
56604935
58853641
10310768
97081945
98111928
42690155
73431830
89968610
18903801
92291151
72161297
59173359
39036174
99489240
39630514
36598780
81738916
30978446
99084811
66418907
60203458
23277824
80616266
32275366
67981599
98119090
77560269
71335620
19472640
77121586
50134337
34273679
84364389
80656236
37013705
92936554
74407572
99952635
94056552
15727393
50728437
58381066
57708226
14547610
60808413
56731323
70324908
70965486
31495604
71300497
54458142
91224072
70481400
17261364
99944291
54559097
34406159
70500376
26700010
77408878
38682013
28515058
65275408
34549134
53998048
87988157
25726638
45145520
66055781
26948603
91270648
61993352
68315839
34217457
24575406
23614589
51709642
88628020
96301564
19354148
14488768
44020382
66038576
85377212
10820484
23188379
13092792
26744107
21789949
96952697
25420418
32080258
11706043
96430872
53053869
53959369
94355680
50248819
54985598
17935891
41255942
81551772
31521300
91791414
17832292
30805455
50562373
56176594
15306355
40118839
92381729
52137325
22555370
73067931
76320630
64070141
81759255
51248216
23024202
62151815
60974430
54649120
58607657
40662612
56598975
29804437
83356647
77834194
54053344
85523941
57081700
43292672
56372836
47246532
87240398
91795969
42557128
23463868
61012212
39394211
53006230
36403453
78152267
38682034
18399599
44474293
24286706
90547726
40061360
62627282
64805179
28510414
74188030
45285675
96879919
20849542
17847939
95134176
73068921
73530810
41082422
47792299
29435770
11376255
50983053
33089675
35544235
16317254
20902444
25814684
59458886
60058778
96364879
42311636
79044968
34088253
63137351
31605878
81700272
85229300
17505160
80139740
88608548
84176013
26214579
37779284
52950675
67833602
61754441
15684127
32514203
95102510
42737795
39626894
34897155
83655117
89061303
53836711
52403086
45686107
49843401
17173680
92654795
31124305
43054049
69038167
18244607
47207008
81998337
10323319
62271766
94354106
89171822
91988631
60507046
94312961
18079072
31177419
92141236
38724488
77343424
62073087
71590465
91264955
68461382
23844208
16416549
28931934
23129558
79505629
43269523
70595930
61626633
52942696
39112980
12908940
17973726
64335316
80608815
90240250
90313338
46014405
42414969
66473697
13946613
36066108
87622947
23833486
63181248
26553624
22394901
81143847
26050490
76282119
50672819
51157488
78749812
31887537
31536985
42014894
93242834
67543920
74547417
79097417
93267799
29522420
93946558
19146921
96246521
49735481
47649875
64484494
46919072
51654521
15929531
54261323
75311151
54267742
30144781
28786821
16299290
86203027
22164319
84735883
74104696
89174885
25444839
77375661
27263207
22992162
69817058
45082178
99264255
63169905
81576452
67304286
68048637
94246778
55514272
64385596
81589972
17246106
17257419
50167706
88715278
23629592
13657715
10915322
61224495
33325679
35391065
73669738
17103648
11469353
27708881
86925305
82254309
68520001
40012531
21230656
40193027
61129900
12861798
68206333
34418980
65537971
39050505
55765070
82813594
41032411
85284951
62801965
43785815
36944616
13153277
52216492
49008280
76132813
58676771
34898239
37001723
60324528
18179229
31447914
25293131
94027129
16800767
73380945
89900886
19884772
32873921
86214833
49562788
47837144
68323641
64728519
42106746
37788222
67824842
59589991
50409681
18104159
18066710
43361130
23979440
79706574
42647218
87107731
16289583
77188679
99433612
56632842
67884899
80423890
16742998
89884056
98407169
12640125
21509117
73798080
83025294
38828221
26163467
69255951
11728997
84295753
39174989
13627229
98630746
15223204
36608402
76863965
60177819
85590641
84870504
61495531
10818281
19723042
73120813
97542622
31157222
N: 14572889
