P: 579995871
57687424
72588446
87942991
11841781
40157143
34354993
17387531
30010024
58111524
82918486
92994217
83999766
18074638
85371044
29654987
37319455
85910533
90642337
86101217
68415608
25805788
52318208
20636507
30025738
45470971
44461676
56042376
72663158
67803121
75399639
17439313
96831544
28239586
12992163
73634388
43294901
85443951
90782396
10333431
87399897
12409163
50445591
66831819
37054360
28525737
22122646
12304778
55880071
83712380
11018205
96710747
44516248
46928015
22433190
69600263
84868538
17785447
27997162
28345896
79509190
43555776
39418690
97237663
95036739
32525854
56502738
47496391
56347554
12510042
98907424
90863958
79086121
17336150
23138080
36454124
57225267
34257847
99564745
12290826
23408072
95276652
64032811
58488464
63179268
84425715
10293062
90745059
34057760
59553429
96843636
97889272
84090193
91298222
40762204
74518249
83664132
10958136
85144440
60553710
92701913
94985462
73213497
51897862
60257060
46108462
37769759
64933952
89090539
89409197
10634933
93341268
96214993
83024799
61561081
91505521
33281135
94629330
29623068
74303555
72978099
26805716
65049395
75169356
30613078
21519153
35506678
83745274
23187782
27249321
95151288
30425001
92264390
17901370
88626129
82234462
77707577
28842390
42219645
49666454
86942162
54486871
57769803
71253451
82217175
74623413
99491807
78084937
59286758
89585528
26139611
70141460
50287447
37392019
56412404
58420572
32483325
42415478
99650981
49227201
33141459
76884744
33221500
98122716
47599086
99789730
14017340
94804055
20801124
60569058
50451442
22648238
15899863
63553081
86275987
54553673
80732358
94083696
58955710
11234603
83595814
62052667
47395852
20048111
81569742
42083843
87715812
22937936
26363674
17783539
21691972
71296722
22104922
84218873
84145133
45064398
67908102
43209034
82066560
94888452
54890886
56426143
28215840
28971931
54837064
41264436
95650314
75713742
25548797
80551555
52684313
72315564
46460661
98311745
77171950
69703627
19175706
72145314
51663638
23413869
97800395
91081651
20382051
71803969
24175246
87174005
22006562
70972290
33593248
30212130
69958734
65934097
21291056
62870740
37738990
38446770
40662954
72384265
67163367
67653042
52292697
76429695
78967914
13222183
60125969
50490362
18166619
46484295
72189991
19641958
56548628
48768904
23722908
36364610
28837463
74007184
93097133
13000649
80586235
33851855
90862884
47422096
99671916
16812587
66636486
51048450
82341503
21726000
60231145
88786466
96463756
30388160
12735570
71532815
30368248
84066662
35907434
13480035
45075031
42739270
40711127
73761186
13289196
62357261
21725574
74091996
77845688
36396531
77050359
44557574
54461052
37708248
91965570
97359705
18790793
77312538
73583913
31570518
33717280
73360174
98461854
93409925
41678985
99815167
14499219
32146164
65906525
29155102
56340128
18709424
40315174
97474056
49470888
88805826
29077909
23086799
52672323
78001329
99016234
55662303
89310383
23864253
58755376
17724276
28949831
79970126
34025528
51195249
95274115
87474673
88215055
57877757
72785815
62536225
64065046
82628005
38663260
77101520
80665462
24849122
78768748
90022533
37965416
79222534
18328349
60029199
20365913
19596985
10395549
69979492
25052173
34204712
36932965
44102854
32809881
10117528
37402110
29650712
90674574
55204432
66504278
79038113
54253384
69928375
42081881
12164694
79812028
54514293
60293842
63123249
82374366
34121978
58935969
76804712
86718263
28788018
63789922
94200029
34674005
86854021
34762909
56902515
31436077
62359493
28048410
37832749
59331497
28077450
21552917
77069094
69875245
80648868
98486071
42885860
59172232
40119021
50916492
80706492
95798413
56165939
15160679
66722429
60508171
65080826
64702414
15035890
27965079
11265256
84681497
70564591
64696739
83415704
59744114
89029289
84412025
81567030
81394680
67756676
10083032
39388026
19419813
55141521
87359073
98693592
89196295
79104791
93666319
25619113
98767673
15117950
61923482
66391282
76103526
33522647
66166417
29497841
32669057
76325595
78704239
34036338
12870403
16018036
98801873
64888574
50008529
43204107
22076117
36643241
76706662
36504335
78508246
99552234
77022432
36266909
25218508
14818585
52907768
84359314
85841920
32701398
68506983
11829316
35332215
30503372
23954715
97684705
59486089
12663806
25932924
65269197
18139488
36206581
59880084
63412928
93837341
22010467
76380245
29379491
19142246
39380039
75079748
11503503
37883683
77491034
36934893
64151420
24795637
88747802
84156855
62829260
99296240
26633178
84103072
33917159
35057611
44517543
28650179
33013906
63358022
74197837
19794418
46692579
53040171
83023007
30042786
64524078
50565746
53280330
24151052
51620552
90920028
27319712
78214051
31707030
21309090
47286912
97826046
43287696
19613329
87836515
83871427
68897623
81651952
66253888
71049729
66065824
59906527
96119189
78146719
41867526
13428583
89097453
14333421
66373280
35791216
83753169
66972410
95845546
56668022
68426773
47873151
20118380
61646644
11156758
44770480
61510822
22965126
17835770
44185912
37715899
53125188
43953888
19440605
92990084
67891718
10428363
18952506
88687211
93319662
86172049
85691621
13157190
81511732
36207876
81812343
28025415
94181377
46849135
20229160
56136659
58847524
64794908
54060339
21770302
15813486
68685940
87387565
36688810
55395329
93252727
45760062
19500625
78840636
87257297
34014472
16996226
61730671
76264179
86249816
93031213
97257649
36893380
82267426
17955062
95999343
79281045
87171056
69772444
57365223
88070918
16742630
88415767
13405392
82294341
18742508
93834015
33148153
94206282
48460290
10724909
22472984
44037291
91944421
63499389
46643119
49692599
25911348
49075647
53963277
39729027
83710549
99985434
90740019
36623858
44758270
20586276
29232685
31217416
33049252
77305568
95455639
89710412
64668839
66294082
31771224
52188990
94205589
25169602
74943531
19483918
67489997
55773611
86494538
55425968
25912942
74372843
92906069
55808915
87903650
24447640
60342465
91472396
22031569
12484666
64371645
81867838
45557414
44388534
18142006
66898568
15721950
80716603
83959246
49964345
70008448
15230162
79582592
61046318
14225941
22106138
50365753
30190654
11590417
73324910
91714729
47480028
72760763
73116312
50334562
20804354
59299806
69886052
94494406
13248060
98413614
49075492
11599080
33461797
65092873
67074601
45024860
35905028
86751736
82373905
23670195
27216181
70185085
87088060
28391476
35602164
13794938
46719894
32109164
99811840
45614589
47501787
51960706
28541689
13607609
95336905
75976453
91212853
27148934
99170649
54473278
86199117
31591479
86062809
42736830
86713782
32485766
42543469
27927350
76762484
94955329
38389930
95283218
32573760
70279395
87212877
25236596
55485991
73982789
43102763
20521929
13562608
57195604
69023048
71277658
70653705
51273146
41562699
68382807
96053147
88475085
60144667
19309956
54300750
20572986
74910332
59821813
78947501
95402386
87261411
52553619
71840240
57250289
61614873
43199976
57734239
69383964
76255834
82158323
96404325
14278423
25349540
66384298
38294564
12409923
10241430
56665437
69778201
86006828
21068290
69287370
96146204
76886298
10948871
62679184
30078504
58541680
27919941
21708192
71660676
29113681
61742831
41392088
57406811
69100043
60764208
71162470
89256325
78558456
98613450
95110710
72873542
54632503
46921063
54229009
20897905
62390533
49701258
24201421
87855414
22737946
30158697
57297629
95037921
80719792
80753092
13308647
14397496
61419291
46371220
13558155
32336231
25794156
35698520
31468891
43364710
20736634
25365811
77091901
78409960
94869594
36150244
60998387
45930015
40203625
18861391
87284634
74431263
63137725
15484700
30019564
67844426
38550550
49136225
79705325
79675437
15361557
80401834
24789285
46198935
97791908
94913853
25306498
91044490
97974782
80173355
25964895
17016355
89858786
39243766
86665236
40555766
85766600
26439424
80693137
44884141
28604998
20993650
34580687
78709236
89240038
71061694
18228935
88005817
64210014
32388704
31657770
65489509
60854427
37489315
71985019
91876811
17044923
77692860
82793822
78976394
20897097
48297033
33231361
18257971
77541791
59092683
38210658
60484469
66557256
24096000
59976426
63429352
75793619
36254407
24878002
55760950
66262878
49309169
42103412
14593904
69699451
22760008
88432953
58510022
66441284
68065164
58473640
51319737
26435283
15559678
28194651
51318088
57092186
68921371
97785031
62192994
54247137
87984738
47894305
14649390
47935162
92351348
98698679
97296814
65964713
36171640
30184870
30996690
13840572
93980168
27214177
17611580
88271706
18496540
56813304
81343421
71177301
46404165
92219791
76712226
47747390
33213492
87356573
27304806
70667065
11101495
56609224
99908246
45761403
17531945
59164677
16084135
84252771
44846082
29148820
24917788
80963821
99348147
64576981
36578946
35989951
59397371
57414367
41780574
52041875
35932798
99735019
88560057
11564818
23846252
77589639
86034179
13991444
14828146
50574034
15272965
47524723
91202638
62834351
44705608
32420627
60296877
95628139
56249491
13789539
77865406
35010207
68291237
70469079
17462591
26182132
53844910
50616399
87243805
18941548
56179782
13209551
23898345
66704272
84625619
22039092
19056530
79817455
61400925
15736841
51142488
94080122
71979256
55197512
97061637
95807136
72955477
18098570
52929380
90119299
72306861
12231429
43728691
39046502
82805184
59817095
12235032
83834444
62293365
24526216
72383684
34926844
98399188
40324855
71321415
69653692
31426505
46844867
68294889
57878333
99240084
21710205
91453195
65025884
71535462
11708445
45024186
67155265
70311700
64459319
45326560
59106244
70655185
31632042
56301609
39298108
93673123
90441220
71425998
31693978
55540091
91132017
32869778
34883174
64152197
27510447
91369128
27636554
93328938
83666460
55479824
65558555
32310124
23949930
60005866
10643724
91734122
55605615
82521351
55401507
81771501
82305788
31077459
68669952
17576930
76210349
54825601
19478378
92369720
97602188
56058617
59832571
38408468
15923125
11493969
80740034
17082511
36023080
97151175
17397211
43192442
72286588
18595584
37545307
60934270
99148201
93981650
19228716
35276401
87025680
88116658
72662738
94584894
65850025
66093463
58259960
67358906
17660103
26250334
15942625
87298741
44080322
32987138
51863381
72196717
85517521
50708126
72040701
41767483
80166047
77407080
19233019
99969811
17040171
80444549
46863367
25014578
80056314
19866382
51486274
55338909
45817212
57614377
64516290
56634978
85356625
78543652
61608429
83927517
21576610
86465617
49023496
54404975
96038539
39008317
18446581
71583915
59340868
50786996
53978864
29753342
52775008
28223536
53037054
57473382
48591720
47513129
62808589
55290171
70967113
43644207
98202259
95096796
81560181
83267754
49735017
91609595
82044138
39646686
66957272
82870825
69657910
33246786
37539669
63253244
97507389
61895720
46237664
71434040
42443868
20648027
42899967
88406957
90685117
59927845
14274790
14276972
32982276
75394627
75873341
79878776
62243160
31362917
96437609
48515690
41504360
95555119
19888309
70666746
45853443
54674969
93569983
96031971
68088330
34847339
49107387
91624075
23600187
50667141
77760753
53681416
75489824
80590574
13613363
79478645
37798521
85536299
78255441
22759904
82486042
52027448
69031591
92124810
10155616
53903128
57664472
75342325
86777473
28711897
85915735
10872817
45355440
74072214
76534635
60414061
81481512
43217200
61246437
70884430
89721330
27192489
50750003
37985025
94416957
61085725
82596676
15021823
22930872
62636609
88065650
53488094
76178515
52606883
25866839
46503295
15859765
66551427
70654508
60067013
37499004
88502444
26909594
68035080
95884099
43937044
51595263
86601815
35458989
88507962
80609572
58619396
25431370
39700078
17716622
73517282
39296773
89048024
70535113
59630116
56774707
38915973
97693879
14361302
79189161
31166590
72259763
49591902
34824793
98390727
67635590
48842281
28929180
70863857
16605023
96747414
18553582
61403413
26850846
84547048
24438101
38303734
95991072
41022450
76198540
47029190
41208708
27401378
91472246
66512677
64152613
95446678
51835302
42594502
19488051
46774004
54642950
47155222
83028443
91989173
81531758
44368899
68670349
25109083
28488131
79360185
23296033
72353774
31562933
36228311
94010667
48459177
35381655
66486498
58384758
55677357
29622658
63115554
74787422
61346964
47106390
69606992
49328250
87950256
48865040
47449966
82005894
35129000
73799761
33529794
23100386
63819237
97525353
57645280
51803130
64367949
76212112
40469123
99684533
67083724
83217590
57900215
76744019
90779374
89193522
32175678
78518462
58396455
64903749
28513243
38568601
71556540
27423529
21369787
46129843
10425992
99287507
20824177
38081814
53039194
98058426
94645091
99105167
51521607
56032650
57389667
57940870
41773846
51446597
16277459
87890586
92019943
15497556
74888449
40032016
37253556
63655772
39416213
60460686
89694241
12262238
33105360
81780040
85300785
71300189
62634355
43973808
91441981
83215876
50108342
76518934
90460014
39465753
80151851
18329303
32882996
83835737
51854410
87783197
97180788
11600571
61095548
68089073
21502271
45534996
20161408
81696732
66188237
70266744
58264233
12163726
29079754
94816794
87653533
76064736
83954202
87632553
98617739
60348830
89497795
58251226
39153922
98604527
81291521
23324443
33723198
91956037
17106749
40087556
91740934
43730496
72592202
57641314
74405100
34711217
78529683
71156256
67888722
63992759
23436988
60240853
83324112
56056825
38823627
28072667
37563986
77558046
80018242
31023958
38779364
51158435
90604020
99628604
19453701
97648603
69786847
69936714
34845716
26266192
90091769
85174502
12465273
91586555
89893341
52677277
83604970
28107863
59815774
29033816
57674823
14854563
18501786
75352654
51143587
43234446
55342466
20350982
83510603
27094903
13677793
57705325
85386275
56657495
47771729
21550638
27415493
72184215
72950579
92206694
90856372
99607446
28933922
29589724
33871004
77417044
93989601
27461632
43084266
15315940
41465728
44158547
50995769
42619070
61112468
29747830
95405110
18190382
46189867
89995628
82485964
32930025
88906923
N: 52309207
