P: 451035101
11940691
23951072
37554521
90510775
79796012
52793755
26153284
14868611
97551658
10226897
27663786
81176163
36297095
31812372
25451582
94220483
73444588
94586942
51901751
33039363
11858785
50550477
67120006
88674928
30637283
31864436
27024944
36618933
26276338
67870103
41371700
33195340
78142433
20838972
82645547
98268896
10463160
84606386
89733857
75890971
83778528
68100309
19175732
43924645
15147604
47895963
33861110
73013732
40399904
51499114
67677783
62852289
71349085
56146153
22046333
12638925
88372697
77772543
89294121
49578164
86253008
70137193
96105412
79712877
22006299
18784223
74651609
67147605
20009763
53767617
18809330
92548154
81870790
54635699
82977277
93950839
41784054
93658842
13143320
78312398
67336047
84299396
53890953
70510423
44557786
25452362
29615351
96401130
57897367
34639700
35671157
39413497
56808994
77159392
53049616
10736214
80822955
25334839
28013032
71765023
94244216
75465769
40211376
23377087
89763907
67607747
62351275
13084315
67171487
81871008
63213073
11496530
18405506
16617704
50654336
12074561
10005772
33938421
32237943
31404322
73889130
76771833
87453313
77619027
51610059
34815509
58460281
66285033
50467471
80031931
67710024
86746300
87787017
85641887
80847084
26106669
56235984
61029265
56566207
89187652
32498855
74656656
64519557
84759345
10240608
71057526
80055239
13900497
76739093
54125476
14262202
30407791
72841009
76221219
97334651
99446226
59902934
90601649
43436432
49672986
72654337
61015828
70821569
42558086
50218688
42553231
99397696
48605886
81607587
77258216
24783678
94820930
25680701
66979021
21958751
62296242
63307194
21467986
55248076
50041176
49705897
62352848
46997624
38407586
92471759
78082010
85408175
64251375
26383128
99162521
65137470
21127082
63938166
23295003
18646780
34956744
48772824
91541412
23855871
78344229
46784360
91999713
15850467
25861348
66525671
24067924
46842532
30135076
26830822
45887252
92021301
68682518
44979017
50486957
33664853
59923766
13844787
63758107
23548051
65124120
37071072
24008894
60106528
93075980
62514147
92433209
68346499
75050137
59026973
89564904
36606813
64620067
69171119
72651250
45081470
73123267
60092015
77589573
62870313
69601567
29888790
96914888
94753185
44431792
26306098
64427652
32407431
50856162
95877622
46855790
26785237
49149517
24254647
90331284
89094439
91261940
81838705
60564789
79878839
58531524
16433621
63796011
69456776
85743915
62421844
69725735
30783145
20579332
35749170
78334121
77693346
66447295
20279580
99428304
90022534
39698047
97727476
51431869
54899468
94652859
71170452
18280402
97670307
21641105
85512595
23312190
38417169
29292157
63384518
22116819
66629262
97647958
26181706
12091740
97250088
84162275
80104347
68647088
64143455
77185355
93620934
62317618
98882238
67379095
55435635
97314458
86710676
18609166
43447765
19568810
93734480
70484808
23358959
40809280
79520855
81090022
47135102
29817025
49022198
23611144
65818849
82212768
51362795
12482103
49795685
84266941
24546952
29834489
46981859
31535429
36605872
13901871
61441913
77290381
41669722
14719559
89692678
48233639
77316746
90997378
32479556
72950467
61713562
99144236
86209358
50092292
17728559
28831047
36499879
17406161
80199509
79163258
37626149
99970294
28516377
58155635
26627201
39744454
75839837
96222193
99482134
63025353
18426721
61960269
48915101
81674515
81939756
46798661
90690389
55956017
63965728
13407813
77882603
47316588
36127457
60585592
44185027
29512550
17102484
17637489
97884013
26992532
30307141
52253049
47600339
95939523
74512126
89024577
39617850
73676339
28693191
75107703
33064155
43454028
81433320
29482264
22666574
39021324
76578679
36816737
95406799
49146894
51674606
17140525
31014762
33253422
63289092
67386831
76482519
95996464
30345939
24272427
20242246
40179697
87454758
77607727
43208423
69555137
69858946
93126485
86597898
30558635
70900888
98063704
28203913
56526394
62915166
37970679
81014132
23204627
19377037
30775234
77155042
95770487
52012411
86557165
44609341
48890948
87587820
93982905
63637106
60009385
90193396
80868847
77027267
16396288
27374088
56817912
87849503
57414520
38028411
85787993
35335785
25933666
55228009
22257151
99656794
64481593
81338485
46511707
42562341
47430592
26859405
33488724
41869884
48010411
27221954
76011416
68963916
30399448
19529710
92342888
50399592
45133971
80179190
74130062
42958613
52815288
86813703
88981149
90140961
40252894
64906156
18695154
67334851
98238978
25546848
14119562
11627598
68082472
96785453
93308766
85196682
89775863
39513847
94579377
37548648
64460265
24706605
97573544
27768793
40272413
55990776
25434208
13093619
74648677
73133606
12469680
42790012
18474834
81571878
10604800
57920728
33095451
98451189
57299157
57237211
88906657
48060133
38708049
63196648
32615810
78977231
89392624
22387814
81971634
54691473
92907476
61294713
82901832
86688099
83595597
92293897
38487664
55966042
38763664
46512688
46661680
46681092
28030287
64920676
26211122
15811881
33050200
23279253
92962731
58778585
35923452
55276640
40829771
69033601
34466063
38255648
24175041
40824097
49478089
34772400
62283190
28538373
93058223
98451807
46001319
21204972
30025066
24253315
27127171
71887341
10935169
12899763
86490206
42839494
65250297
82553012
88497382
20074874
86096791
70171008
79862449
62639774
64695327
35252282
72705456
53116155
76422968
98249848
52190793
89237522
56640936
25971980
88703396
17859366
40828858
77792673
30296387
66227401
20185931
73695283
18764021
97129482
30444944
62831918
41152432
81065760
81226221
11401511
31777663
50715642
13055705
10564682
30670573
47605755
13415308
43575684
79757175
45784734
55135393
47217420
47505845
42873458
33441113
90821621
50210151
69396318
88945969
57534351
84568713
39079501
54144176
18227093
50929519
67263594
64295969
47822006
12521058
73842796
92681334
50943830
18675219
83252929
88394162
34852862
71076634
17792550
83351692
92094246
14066506
99989012
28823343
23423059
93253323
77078198
90756515
93887385
20410408
93691812
89127195
87627041
49487296
30310819
38098573
68649726
23240108
41375633
52790755
98415954
92755393
38697106
14727207
70327546
60972172
13705848
42756442
10373955
57614529
51759249
88843538
19751999
51771796
30863733
27923212
16964898
64857967
55189296
14645404
25398255
58780287
93619358
37015391
44472404
73322434
44184666
13178945
41597182
25426245
15819607
40648193
68049922
92128741
72692024
60561241
71492545
81817243
32981364
61940218
48740411
17408128
62657802
45393459
85934877
97100576
95672875
71795153
88246283
55535645
90018272
36238916
45880997
59250346
98400483
27118436
27021056
43408511
13642196
34440476
50687489
47003437
90907352
30909693
31818026
43738957
78542808
15350551
76382695
59109413
37749916
12977977
54651022
44698378
31161085
15011239
27696906
53368993
22165069
53884548
31398003
53646286
23180389
78119605
19866292
12150186
64547827
69832263
90981258
31555418
57863895
26509010
22270962
77832237
31928821
43251214
87125100
70100522
73022983
72435029
35904851
27606298
68975483
57180763
75768981
41113630
83699711
43914543
86969319
23832359
66720813
56881116
25475812
51218932
87673135
78119168
81229342
82178102
10327154
63546058
62319610
33173606
96870172
34729201
43994984
85373800
86496396
42563942
88348287
93047917
79703712
96104442
48806974
74451949
81859849
48593323
56103730
76680405
54704727
98295316
10893528
97334461
45889732
69572072
50822428
33051934
74931845
32705746
69269277
94492341
13140265
66266101
82317272
48356224
30181982
41285235
91995090
72294203
52902838
66559119
53556567
39922813
22188828
14686143
61290937
19239801
89334392
32560070
86698844
12405172
36358695
65361089
27800970
98885200
94724380
72480975
63352150
24482873
19602592
61902063
40063246
14067317
60935168
20649117
65275505
46052617
89809013
55372710
99424298
67624537
19480178
70430211
10541869
50035873
71820426
76824548
23862043
29526934
45631273
32047085
24273800
70608232
86555001
37143987
15224120
14957635
64258642
34467352
40348589
53284324
63019688
59856027
43519072
91590578
72253737
50689060
35951238
91831860
72979678
99461903
25183039
62751271
29259595
51920068
72328074
29383845
38486985
87500595
15110958
36946102
12079803
47610731
23079082
14780185
18026828
60246445
13281140
80195866
72136236
57002993
84852186
48632955
61077832
56063402
38813503
10400743
37528930
35956605
18508892
64554535
59979469
12985835
83911144
87001375
28976785
12281358
83838964
10170771
56129991
21333330
70892918
82487189
94594463
45423485
39109765
13242232
82525664
12373360
56349495
22667003
73004085
88279333
12028663
95616823
71463695
15206426
11626501
62176157
89677783
48373332
94793959
44352433
52290585
95868240
59056818
96216500
81336075
78318394
60000947
25025703
67325456
82195709
65133569
60047613
51147153
23278767
56363716
12847866
72903085
15755514
88761713
80669002
42549306
48961704
28187849
98623112
28816888
30769518
36314876
91562491
55896641
10201699
84995011
45780821
80368616
96622672
18216864
80253036
33118567
34082901
67159730
10442583
86724094
27848128
12875124
98387109
79658020
45315816
55400940
70368469
25206884
31793354
28257132
21720485
95240748
55065577
91492843
62251439
60827603
58551747
77709297
74117336
28332385
55959699
71101871
42334228
69166181
73948766
62856134
61410531
73715469
47319789
34836166
43776282
90794445
45318313
97984275
45420133
45090935
29497723
43862816
25657090
91875968
43899754
30623268
41616874
64712026
75602914
83865694
36114172
96592188
46997317
81019418
90696964
89671392
93244948
40850990
50872310
93066966
35139552
94379225
73157908
27191290
45023239
51116672
91058821
28292862
46037514
61151841
14611133
27029049
20168140
19953958
54630736
38720718
96458018
22509235
33820303
73355893
11352083
94454826
16058619
64299337
62552075
89615153
87853824
47160831
39133224
72282491
51078692
21641777
13116473
52441340
19172280
35337920
69955584
66653541
12570834
21906223
22376468
94326092
82143505
49292621
69291743
61680740
62677234
53426296
99616791
86685499
48746369
15119848
18393228
59478069
64137700
59607612
11534273
28344723
49156024
69181056
44093380
67907660
79515951
53043706
87278073
64213707
20483303
62182667
32978799
13691878
48241464
31816841
30091919
82387394
63831932
33049418
40249091
36424605
65925267
75629900
80591638
12835473
28181553
88038768
36202111
33337688
18485468
65100981
36793347
91129659
54347744
73052798
15332538
32790716
72994227
57849446
17802223
69306253
12228463
81037229
65613577
17374835
71185102
17027259
73892104
60057554
80048753
41563112
95300249
17990878
66077006
19748277
63845559
31240776
21900869
26553840
18484677
60344991
85257338
88825422
84534245
13668454
29683710
40289360
38019519
43901591
27816970
59598139
12916679
93464672
58135479
44497977
41340038
59653840
82159483
40980479
31584351
82778498
52278665
18751762
41287436
94093454
91222938
69871446
72401352
56670804
51614998
16016481
15403398
88098991
43984598
90136573
65942223
66145735
98809806
14735592
71827997
26250178
94896806
65091025
50868597
69705470
49174785
18115220
82391679
94577568
93381347
65835868
37584958
67790671
47786335
24499160
45947866
21373963
59961009
93880482
51562726
96539947
17683836
63568557
97004797
68053594
21979872
26684110
55284940
18430908
89702293
48743800
30105395
62704505
30836917
81737406
30122859
80384160
65679884
77622789
13762472
14184283
83869070
27340559
89557373
42149870
21334071
82180615
76163638
54283450
41766930
28931522
79374153
92061378
78878142
25118003
32677753
75406081
24635812
23791709
61350330
37845095
17207923
50496007
73398253
87969400
30357773
37960954
30327257
35838748
47652255
81067932
51031231
86901717
96784136
46053192
18476359
45763950
77666877
71248078
66588317
28811798
65442395
99904324
23882421
62559584
66063557
66493596
13334663
N: 51874134
