P: 869060008
131209
482170
734149
783995
210406
377176
426728
459482
239352
414917
852164
163429
734292
309522
462533
221744
460263
183107
509684
502137
198601
475694
453901
224502
594134
501343
152278
223932
610890
126368
706786
989587
561567
421891
174980
955052
465518
827497
246029
830753
510715
245119
283833
672629
145379
715817
977137
340176
349533
186757
814817
252914
992907
663414
131929
662032
342329
695519
278545
496790
688854
202953
262672
992906
695984
468263
975738
885381
610503
942456
745453
222640
908435
875235
337576
285420
743264
226651
580161
607078
175663
207067
273395
945022
842205
779086
354383
978095
268418
586079
136262
847732
999512
486321
827963
192416
884314
751132
527065
569090
773195
765284
920292
616574
293323
844806
583635
706497
150989
371477
921572
246477
918307
741736
751482
327558
172044
512917
337576
725739
734784
375698
446349
194438
373784
833563
725499
210676
672020
566185
909441
157897
836815
605668
850445
608542
829536
326957
570024
169305
692922
952791
927848
732367
871016
265611
825124
241264
597171
627891
964016
221081
126898
701247
722484
846905
627887
407420
930041
252290
657317
838183
355264
196965
310114
511689
457331
960177
330478
683750
416037
434515
578469
122533
716558
106637
927489
823886
948629
980299
886438
906219
495612
629437
694419
916480
741215
205984
729371
286958
133309
206672
142822
964919
498513
318905
470198
955174
344636
634751
154157
504875
717313
835799
353606
250929
803976
453662
893544
487374
572879
717817
728687
757420
100225
469191
925184
752012
259544
486896
460189
179199
759007
376277
530378
615683
900890
744990
696866
467916
566179
774065
943418
438322
134741
151717
582710
229515
105118
288723
241823
278204
579693
170889
317535
458255
725422
440997
264461
882392
711238
675507
441522
812769
937105
935370
584867
234675
118000
148911
553190
828994
620214
113894
698498
202019
151007
959786
393675
221657
668308
679476
111134
671527
649669
281905
134267
653591
N: 82044626
