P: 445307054
704763579
979266039
278458080
439579572
245279307
739318919
632828466
661939901
981237816
963898975
687583238
164523499
284061754
302925127
380102528
209231565
724305337
253366705
359681666
646464514
532774097
943360856
306815177
397296507
758178205
891428993
937887254
153783047
226275622
637507190
360929254
151904660
829308910
884298442
860603163
352273757
569214633
494086234
875244804
184429590
750202148
673943493
315854543
521884486
884962339
331394920
558624016
459890124
187719941
498082057
836387293
453418572
444176344
873328888
999209021
683470188
499308192
975225634
340623032
313058815
774696707
751381395
942817860
909124578
260223669
921849329
191991396
806746377
649080621
287225998
865173225
376541325
444867958
294761267
617898972
151697313
607792056
934996625
912952740
669242471
973848016
322132459
277986226
878114298
529195807
236012328
856382559
230199020
346204753
247271984
307486842
537015164
636099908
963414430
947676887
882916124
594295226
972540866
435866257
547991927
308319466
153487943
384356477
499588767
517285450
520424792
646629662
108157137
213945399
586591923
115923896
441036298
957098765
930223519
204929247
594356958
547352976
373407827
299884763
897003884
521492502
786809422
286763794
149118689
155633775
357291098
108054867
695624444
611199749
177908680
348090970
874485655
861261951
248771986
937148039
195764543
675078485
620345861
962657878
394210887
991090015
542920708
250680404
563831241
807455901
465908182
956161794
696469474
302047738
326739229
877336555
372105673
719115199
165148703
803089102
375320165
842648607
942314389
644276390
247079841
191906678
885736075
411035449
571565461
804533134
120183129
824470197
113428604
853302007
836192725
925574178
958376316
241358396
396081691
294783743
594368994
271728126
481326348
647935588
415146571
398468376
136453576
902365239
736186972
942784724
757196089
220785070
201814482
661314889
560851911
701913299
704763907
955831866
209159624
766064732
497010001
481635445
744180233
479827943
712777494
375711072
975668602
924426772
463620341
871325692
926189169
144341077
523343185
765680414
671969002
589829573
799304520
302245799
181803654
541788048
168564498
402875692
420233278
450138062
677918030
573232974
116826766
112021746
599926001
593756410
629000030
824723426
456147469
555509095
734293364
215718663
934516945
165446221
960668040
719223217
318505367
336562885
407197504
707229411
184639952
920502035
895390767
530469744
644436978
384797705
157667732
578616229
614998595
355457142
681302840
944763302
575189287
351677440
169911609
833128036
165986531
140456067
138115438
963540073
655108074
248377259
118783508
764181721
538150078
481007891
312201893
407547042
716949952
850952997
796626360
470523720
794394491
630342396
898063914
645773578
423436937
179867858
540295008
490135282
370776924
759794124
485548534
951136108
774838112
399139985
218599185
176329647
504485441
141509003
367095318
336778993
744380761
256745951
190063706
986322488
803688961
511774139
877287238
566287183
170696263
677958914
758282459
120807309
866235484
250010645
803136867
321113973
457358085
994639921
561378227
970047913
360669259
829243326
541797086
258038811
585438003
752100658
692327478
315126889
510848769
118733768
274818759
341577505
913265626
951797575
822535350
630891618
298825058
158855885
468184070
401401553
914501881
649895933
977466636
897782360
676103905
229323438
532309001
515632378
909483478
821654906
860899489
169014357
693360221
971601340
500750731
312350128
117979940
116582468
524945051
485870727
560264965
500693254
306487928
509990649
666694067
634333712
649431106
241067589
248126920
356545614
227715688
280833553
995609561
901345870
222141783
578387818
281714696
764234182
809434880
884288445
377700081
471810973
668075609
125470523
215474150
519805857
524594903
343241454
200891491
155952897
876251393
748041220
578159752
835078413
152975584
590098982
795282158
348892082
701559425
237417285
505413529
641885435
766102381
932604429
405092972
669194525
655466049
513983933
236026013
209084978
289563014
506884274
190337601
836283487
825661343
531554793
955804944
589804949
502582304
645466969
429802176
369783372
112088253
457888473
668662381
200751054
963343734
700884662
936856086
260359681
872185613
651373067
280762839
763491989
904177797
438313950
700178924
100284200
636830084
918951279
896014121
348319657
875785816
558506370
939801314
754487031
381616668
195659497
987252895
303459042
584938121
169474597
855741718
989630899
124264715
877671291
177354679
957757986
816050334
352678890
995182138
826695278
924121913
880591554
782518817
701373217
297758837
241793547
463754504
326355086
516127230
898728569
197798080
925829219
426681024
415052793
836043804
362785913
238201314
458908706
899587000
371289175
395997818
266550650
240694323
126454430
714636411
196173936
236071276
233005367
656302641
448635155
660967080
528783781
115188765
608945565
605779761
883694323
155130149
628660304
635453932
307859443
866215376
445638552
797916388
763631105
707165868
827331059
447742870
926537865
530681908
288791899
224327731
543257589
327031210
568514005
551575170
475769640
419494267
835879935
314477473
747379242
705972355
860050436
849531073
395424525
774976570
489811790
330405443
307766231
951161370
206555002
283393689
373488004
987413459
103130463
266000157
654633650
620213221
555982282
547272178
562011544
922904863
993667466
923718382
342356605
551216874
587450123
299212471
777182180
870597279
788927219
276926435
755363221
872083550
179168279
580092738
499418174
592429067
427546814
194645544
966527767
357228688
265038191
950220201
804311903
733112549
285577497
957277969
724788477
348937382
789361243
163897366
413924161
828306500
633805776
954048645
777025318
464425044
782647353
425303554
359823439
526160315
923036189
307333441
754553357
767828954
748791412
767826799
971770640
342196510
222612983
926006474
510238244
357963687
824061134
137230118
129724157
469008573
258831046
765276273
453497139
496628538
801997708
177178641
173473250
456521807
249064181
642697732
724648520
867924485
731375148
472901669
248921423
689617952
262338056
215574446
930618294
790932260
452852147
719354074
512951137
626989435
915865862
126064089
262356455
193513439
698377500
492904361
967213301
156239639
971426526
137968763
171211924
535066783
887827127
929002659
786739437
884998326
240981270
109216661
445228101
145836913
618502009
493256376
940516525
407085007
902350491
485471520
169945630
837168455
440067760
326205466
743619380
948813548
826211150
133043622
797151841
254754031
983874331
720809668
657789094
334835697
372283610
797303853
742150614
843629879
216510072
845886691
101483983
772781495
137905710
674277571
139655755
706294760
328170308
426968724
670425793
528081887
582277361
887241196
799211829
513931123
363440456
652212817
201584008
857177735
652887351
360762347
736221760
328009104
965274092
988661202
887554552
612450588
188495277
305754639
709247451
358364040
884019628
140470594
894983599
170877796
415362447
204023315
717169087
222356036
720547618
853851386
580369134
436127202
404245125
924040520
818617932
887997301
371779433
421837459
748100033
455039442
969704949
687391409
712204405
558743356
556372655
121277417
200523825
595073685
244625528
809906409
521280076
779808317
622327668
576219495
894500861
124204084
983222524
801349877
836898704
763353932
142027423
299538644
727614040
846488908
320961239
566455182
617355905
954537353
411951613
626223816
947191813
657706990
203812171
164035317
576608810
695438047
833969585
360364436
472299278
163191575
903109828
960081050
122520725
465637386
274469998
853661973
981908465
152279987
824355448
410174141
253553979
545147190
694764731
666760246
252892324
254219300
376888722
735179129
923842161
287262885
730081288
639959306
117030017
778928846
505047756
668277990
964808253
609996429
225267556
146849583
426550264
415487717
995714235
929021072
515428536
707967975
172034598
579966295
250916747
918097476
948035822
299885202
854952377
999823336
997450422
670641685
834300715
558447804
819643602
669534918
304229944
282795112
916164552
367670609
942974595
743158912
322033497
227680376
158798626
754847060
808988330
669553474
932862139
901418807
623017632
901074047
501426231
329021891
963597336
135663713
112104670
568552542
796094805
293508268
897256584
641655124
759436376
226438714
830368009
342106422
657237815
762546814
756465449
860166894
676166200
757953220
849443096
636093499
590025591
437605176
476405866
427520090
251948065
573224144
507857420
866905813
993537595
877189450
877792337
593991128
236368327
574382895
119549150
687325458
622168276
610197763
706746866
977147540
347366647
597062825
260245595
193752686
551419319
601268787
463947304
845073748
313645635
358649684
480270344
705464534
168407988
975234088
345591546
902208534
918215014
660388600
245785643
848925089
883421895
763738275
786109128
422603252
481318691
369550371
954779438
584035413
517621853
572708232
408996849
263743245
700634991
340135206
168029478
205165388
563298715
476854710
444413092
123835622
423671393
345419233
491407774
963457159
264961366
133642164
828065151
104732391
855053214
610632494
430991707
800446851
936219352
340187061
200309771
626441450
915305372
471255534
488079635
480928813
411011126
172702943
105390044
847856190
416296034
705174451
668576490
235046975
954156000
911943941
725045938
560035191
927052487
503104340
582020991
496765255
357050775
677070394
567621018
493227326
506085404
864755227
177673227
795347372
268334174
569019377
902442436
272260213
821128574
391444501
485386480
601110173
238300733
237238243
611907322
215013646
697396008
670945414
880963272
825103858
218744874
277191007
745360499
634905103
611160805
578278844
489341508
377554250
309195314
245676875
419857841
158720670
116134451
800280792
871219057
388626777
672955921
651742132
563964506
922150884
735385287
201872109
978837320
921086239
370620454
615134696
372006357
572991603
396348895
873022315
108756182
443333301
696995499
769852963
423834868
350640616
341805961
692510156
140979848
380569126
296661697
739191022
676318901
617402670
404034557
991037943
535961213
296575160
865040422
508702759
809920327
313416028
672558153
460685724
326221981
339715644
574687444
612577327
394917758
815392898
381257515
501727495
544710660
915188230
712940848
324055194
321165684
655244453
804077092
989279257
317532757
164811651
985844673
548558648
748502159
121185945
898950861
738310292
424490099
634480458
357366832
493409243
186998141
308875916
515748880
693535284
551127097
244603933
942525737
466641367
254210830
383988931
514071152
398257066
460092781
668331131
158177813
166992391
421542088
958338297
283136849
813314927
615046602
745630337
584758998
446691202
917516518
618579343
201240575
430581867
514530506
301086469
843972699
536632749
966496781
386795023
730096376
520598356
358607383
767790553
701930527
514469568
452656187
890212532
533380803
588204436
927315017
922268197
889083719
331068228
817060305
145528622
728221783
766810072
747386898
629009843
958910147
978610745
905828529
772867879
305175412
589285512
856733393
366720972
624954788
726968459
652384521
172798645
336994297
256778083
459466911
964464679
363998682
317728604
644141685
101643598
805383971
589814437
251648165
687585791
323443844
229511998
639783523
762575929
369250188
604422972
707580907
482499613
398580937
191519806
994140630
625315053
167181619
143980536
743484766
573817844
560388589
354137046
311693860
186363353
269789335
108747192
984780124
692194733
403937876
342368664
622356771
557742232
556426548
942976806
698233270
674362880
717248910
359300211
912310563
227816421
274625241
498225303
974850337
938723156
554125409
125457027
861499677
831264781
732940501
306570557
854210944
265780269
900933949
278262470
150182443
675816781
704645173
128639004
480465253
414579854
444870125
932555924
171549810
299876599
586365913
774635776
499656053
217527843
283984492
427944769
362537870
188524496
801549626
329804769
358123953
770492632
759423565
542318162
361745240
273830874
741610633
671915881
300580949
899135198
272696532
886723944
266583463
744672729
187010698
502686152
548259976
757951068
495632667
524453420
244823986
856961943
112444625
487111108
669505056
118896744
229680922
431510904
763289026
671919629
873308139
476057083
630554437
244099269
320643116
313890726
647203595
850579918
185167778
559515917
758312468
172022860
206030379
856561038
492749075
906727145
245385824
342919678
945190748
675978033
979130322
115029886
141050372
266828732
396648675
179703509
518464017
124378636
369064871
574374336
451189015
567148384
640830966
325635177
184285752
748148894
306103053
386303226
505477970
324898746
150098375
196958588
443621096
780047609
428998139
248482012
180992849
239721539
542206798
977267735
891269103
212880965
462585443
279692106
143524068
732811094
580660672
645208488
251301686
764834540
458347977
267314350
479277041
893412459
626738461
255812885
414781265
706032399
511751308
892735636
793867929
340199848
525573335
497280106
688950294
487080136
570397729
330383013
367773394
613218125
709664116
611161357
836965377
591534989
230120117
532124930
786748173
873374358
329111626
903859189
890281333
896860384
293489954
215981456
577725825
525474149
799921925
569582888
910849260
718363492
783221938
400243367
188560462
161731986
344962610
193247451
339190905
670583746
227791749
246789189
132635664
959714890
176541611
393425646
436571781
308754532
140779050
689998196
584753726
234917686
843905638
430965375
392306377
577500164
764989385
273238141
611532120
912541715
189185619
577239807
340677292
270864896
755613969
172897762
723247574
115237200
912066948
419138002
770669385
907327308
501913733
671603951
836087717
585621699
433805596
596552066
203339908
128866118
731624375
881504036
813585133
499614154
221232067
818520586
518449806
791088237
835499783
980655733
956603174
915250325
946173871
333003626
703085210
650786182
201001861
950508486
658341082
785259641
250372817
748976495
734310987
282219075
745951799
809337631
220762820
728945272
768556168
505710262
127224512
108537712
737322557
146883414
519156092
127377969
763081698
681074619
543353090
620517304
347458983
947756554
461410200
720010860
710498752
879806106
411845275
402540349
341835116
634948882
476943895
117371679
500575919
449577508
307217276
568624564
192469689
420605093
359783575
485515694
138589853
434451103
904653270
672135182
952971516
587074378
867030016
107001330
225214257
939578474
931361595
205764284
300705327
122621492
273217023
452288606
517096817
484725121
381565242
456771436
594078804
774009382
507746735
676349253
210162363
568743250
433862502
187573801
589650364
630904596
415364087
513737192
686293193
717554619
899854564
429171030
887250055
211472985
141950446
540977481
243473129
917730711
595126578
521483671
552968282
935672282
831061506
277529996
534962773
349184049
527942166
196968373
544117189
863158479
190921241
455513488
956176693
551210494
181786254
920695719
263625126
792701002
593228840
827217292
145261661
574369544
855584054
123735174
806959177
189107100
171454936
888398330
594138672
505146753
325300707
810989474
776937409
128437819
194722491
843979133
553751086
358740765
372542673
522925348
495097703
742240272
369994522
835826523
521899163
486247968
193007262
520978798
120966228
909932273
126898961
638828139
704943630
759162318
312466197
931279292
915227815
872745265
533423166
239658201
499259789
662622538
178295091
769876517
639520714
481219935
453408851
170658611
441982564
503064225
388345501
119836191
901701333
854652969
143440403
132419724
772416720
695587585
397550526
493511479
367908497
509115985
726812733
495253402
515757065
236944853
920259066
276846027
590591643
758673495
617480421
368821546
473069411
348996048
444495532
423437609
265817690
947608310
279779774
574055713
469529747
203832628
131809387
819954460
313551830
695182635
607055335
402158356
714882978
658591324
263372275
832978423
754789736
721536290
201727945
848102314
522725731
852840788
947023546
750288895
183301433
413885099
281562192
977273321
138711892
874917587
640534233
947541830
544704819
602219732
577383420
857129366
330593891
967595708
786334738
130609872
322990755
291180498
179679282
367529382
830371692
294565011
638024846
287660656
611831380
627358377
800298613
755027404
942492550
460976863
197378905
645906909
566737428
634144573
135202732
918145041
453936280
262854495
514541430
513585800
764164014
529845492
573596928
938343233
993488455
975810859
282300011
129991688
791699048
213521399
604428337
540126659
676162161
455411043
918125240
116847976
249585556
295610967
885964054
898622224
931934703
635716739
601630364
902185594
228343184
851705570
667146520
622855732
145602611
818049198
176609330
598002944
479782230
293295072
648709312
212975318
944015813
126176355
780123736
950414687
838060737
783998728
595080290
553081833
899861700
712359534
813770741
442168995
582370368
650116179
383181346
443219842
581116021
865975167
502346589
986756211
713845851
835986690
803219778
177722207
908629584
902418376
735919214
289268749
421185821
638200764
708758397
922761883
204789075
210154077
565114178
778628888
710780647
280411442
172271620
733864844
855785835
814833221
340638270
298603755
933933696
152776635
529301886
968275426
476454579
513790920
365148199
666820953
131561598
924366425
644907656
741236828
326581993
897377471
310426365
681645185
654276307
526465919
578114138
544293779
664126694
719780908
146640187
750115924
763187573
817116091
538227226
957131312
871645146
986371918
661092235
139287792
971863501
324224767
999838920
685014481
251139980
916046583
781641605
294954112
385460647
582046113
924501367
828798984
673616680
547988980
409682612
728221711
721049598
846577179
782448595
665158337
770692837
830992149
228629775
966272313
846653724
628909519
286079206
782106309
918529044
682592202
615210492
342399035
980137988
960064978
694056865
718740979
768065290
867377547
763847743
752207893
337138788
483565661
942619584
111596772
901668087
390552924
871872704
280607287
143960777
388335789
379530900
429817823
768168565
371395932
311615862
689726957
295789886
321374777
393863798
725342692
708499459
108895430
928702803
716454584
205597071
351984068
935398778
397510285
850452793
553597018
646992273
547629860
361979519
305886386
548362316
119828706
765001779
876324550
491425004
772210664
549110248
666485057
154747124
951400759
480916755
216131077
609131913
631076397
446320108
681535701
222442722
677436232
541006274
746796498
685401560
246151101
152391604
486720329
739279796
135413727
519301784
806062540
572410273
892111870
689829982
355090592
317564048
615285062
279034723
430927929
604361569
619664223
163214066
776567000
183273441
498455158
526521846
285187077
384216034
536334848
523143911
790157257
863903480
723663182
106024175
639583784
725601162
909346103
110987918
763667501
852213544
528937195
974930759
629264287
194329715
961441985
529223739
219298695
243264349
548353793
253452863
675605140
797640365
463683210
313152418
404730621
935105468
839836360
893004345
728151993
541839119
354569929
381889013
355698970
279778721
682885372
316906896
451043805
887609855
682816601
912120957
501867927
199544561
857420334
670644692
791700798
883738880
126608636
271306478
345248035
735431539
384697683
461638909
110625797
320649064
572958960
901640875
993992233
683496766
757546959
547505997
824302496
337850647
495703752
621454749
142522634
490111299
927285816
474691076
518023743
532547349
332033269
791557495
125379076
146329769
644263240
626520414
487666711
916857938
917456636
598931002
173118905
605230147
766045584
758162449
701361356
706416904
961315209
972662604
383311605
102217020
443334646
415313246
584635724
349843916
133881630
373111511
285611683
524288337
448046582
693313438
377817677
477802873
493063204
303969713
765845942
320207076
928464935
448001825
855882683
836784074
458925842
433707932
524863623
605396331
347523492
725531714
791091587
529965427
211286181
622342771
915868188
266043033
207737146
825274765
187305364
703820769
319541710
986885176
607094945
401915195
819221960
180924602
547247701
618686973
750621450
778074563
972815593
223517945
866600835
546494320
226811120
521589694
731693964
286913564
191720081
373256357
559754121
117123675
151815118
447004261
560820917
330508646
862700577
936519427
952945542
642574304
158874902
559179564
422484150
130675274
392273754
222334704
265882236
133344350
474998848
252879556
364141094
687752999
274621061
111761195
970314173
389782334
590331596
588195906
674911297
301546264
700536725
142348120
689464852
673589894
905478793
376730773
208729553
312673069
184786966
911267492
855563161
312028434
866732494
101224704
139751981
754441465
223063053
743456180
263088147
864421396
640520449
136494747
900437328
672580295
963956391
378824438
318158656
765593395
486193520
140768638
170075379
569064597
550010990
881194820
448914559
299252698
308499964
711951197
682197715
172596997
630565803
344066752
126791393
712985176
481138829
995081357
209063218
982529959
241803189
231529567
556456316
817504736
516223439
994206957
542751765
475400449
329801463
462162978
259755258
976939597
473738072
645055876
819810048
524188822
196004324
251673299
485966845
175543644
397362085
715753912
386035512
137866887
440661615
556013914
251266454
765682425
414143947
733743072
769595508
949958059
412947947
758659642
269396143
677760217
946082371
870289098
153914756
677765758
391433868
196855455
673473841
527419285
337893366
565943949
342084113
952186368
898949017
911950212
889477292
540781098
610105772
895022238
589275693
109887012
465334673
493753648
193548711
327842625
497482759
648690777
585182324
946668438
281367093
797584406
240609895
904666608
536940202
657494143
981079205
487237347
488134714
217574653
356523305
551237962
658833926
803526364
772842023
900832117
151535294
166070537
793707897
171310587
944587108
295822942
706532189
357099398
511300430
154894340
378419027
991473236
995948873
336266264
279221414
362903358
898270861
973611070
142039659
825050791
986348314
658776678
997334801
836411293
572931645
311698633
141127613
249017586
815623264
441689218
224716786
373811412
893409505
465953595
506663765
751907653
878791686
528911189
156464628
633656101
785400311
843951770
742783247
637577505
598092047
434362964
749425348
575436700
272579355
849023286
510407054
897500387
758110680
748391175
378474368
269477660
863465831
974168816
705576873
975025711
382810647
376882108
825803022
850074794
146982829
406713787
225470365
468205659
627958948
994540108
243353462
381176748
543466770
509277723
837424598
166609313
981355484
121475630
935956238
880746253
560258989
528113432
464871509
355870395
764173275
382225515
517815101
815484445
492273319
161317552
110497773
792712043
957930750
685153246
687279518
870541346
258157714
926658774
337700217
650102805
182075878
163069620
712011768
328995849
151299321
680459187
447117932
701544734
884774845
774401083
648161105
727993223
370304410
581512705
624217913
212164175
323569853
972615104
446182599
526854914
690990804
870364789
805458960
740019098
226455434
165499066
426800463
863360166
598912763
696108908
137379600
252222846
193818279
266680951
420256583
929014258
551200817
183715360
526872036
323715667
755511480
342711455
842340950
677283417
393511441
216929856
574658081
364895354
153605931
225654872
854190565
397495417
346790812
436101843
726403738
613253297
784642889
506303280
930455979
405694744
853345714
149284225
750480274
610987207
711738379
745693453
945083593
753217166
640195414
165453615
524219011
340959259
484988474
643835723
165890239
354666045
610626199
948672649
297631436
170314835
467938100
658787970
901223135
387349218
268211298
703334337
954995227
622066722
202365395
429564623
313408217
345663506
175479768
385240685
813943422
828085647
584357069
168099769
422017840
463820766
727127034
302708748
821130869
681311686
871426688
723027518
659694094
467860258
312791208
368362660
221251455
503040100
512196462
770905545
467086494
537897539
265667562
810863370
362019540
691653622
454431315
408709575
881160585
284095804
411447373
245188411
852659229
224789082
392399675
785991874
674878777
869970571
963882362
982867561
747222603
328656080
286320860
336245129
550012543
311846336
887157123
227080398
904540509
840354295
869368728
914234017
383089042
984818769
631537207
420318797
454795249
520581688
498638370
110900189
800568282
121314834
359758407
290386182
953364167
856108602
373334538
881173468
681563112
400412452
715791350
764683935
703715626
301137946
817707728
997674850
392917174
741581559
784508754
855456755
994067532
393959109
833192267
170891378
706637025
339962450
523312708
197885216
914348068
693082363
261935307
169264197
850115149
130641398
461045526
857214447
850691765
456726904
226807898
194262696
228301417
757202414
961481406
888995644
625318936
953794866
425474280
756273263
937843132
764526660
595478861
791935474
479194407
208326667
653211198
207396051
183684774
468931224
852314189
280006494
946477418
103118976
472108211
420595933
313621008
846881084
301117992
207780298
772425000
923652525
743352623
605019696
451922498
633631118
516374354
578757760
977113092
575756138
175051765
271568225
743786137
934801874
421327176
927629739
572487693
821853922
503577602
365624491
718088557
430556381
616890813
886643976
650376980
827805031
260827959
814174267
608045025
837224477
907054011
429910841
130654291
144772285
444934368
512265039
474844051
372751391
428633274
151571430
351049391
924755336
814327107
239190636
229370240
972223688
659511140
507225478
358004801
797227031
587012307
828053517
123282736
289494728
787185255
890325401
623119395
835418951
951524147
390577261
125920699
481368153
954822911
263362258
262470991
296627288
150668582
133889868
746237059
464841596
126780707
521065708
732057702
375213518
964418605
514067539
790697503
345429800
772526049
923942824
813835474
576349380
917995046
320050263
314587366
171038699
281427524
300174262
217617741
745571684
671782349
369878663
130521275
237812221
283176780
582555275
379741764
189115052
756167682
203338184
656866853
791466003
717141109
766115291
915677381
817050395
454457031
762015774
752906959
862966046
226031874
520452451
334661635
581249267
189801151
351636202
862566278
915228249
584267208
914905086
661240938
691942360
555526001
204392116
463469579
262277503
949573988
526720408
988288793
656360446
900263385
654105279
324927761
129502117
793349665
824701792
703785502
330843281
279547522
563721044
184548823
930874875
524027386
242836506
162369326
197083552
487005453
816682608
869451067
988379984
783019525
609425587
554821041
804916729
900276257
493418311
383794287
615824249
564231457
591931862
288750435
848880050
213635198
300092101
989997085
335053160
291176765
495208037
868928771
968485306
186051267
163864286
770008111
903553828
491268859
890234535
974708811
950306326
565489277
910390723
284584192
138257412
545849122
511189116
966915681
911431816
329279007
459374639
262863076
861155162
946225271
135554044
843085857
465363508
592730125
470343323
337400047
695436556
371973881
428826208
510847074
299912635
245073110
640588366
439609849
487347461
895630180
595670095
130583953
448709088
508021425
777918129
899251018
198040310
718758618
839190311
174873333
523321498
686069114
955103359
794130915
817075935
881211943
440233667
372377016
496689970
546909036
441459849
286832198
200113724
779569338
170995989
166955682
639539392
194808780
211549424
395020960
199339598
589170269
324774410
694756482
859085296
403660251
143181066
897149201
131141012
191059078
327880601
527536698
135403198
438399598
817928862
888156613
510962306
297200246
773633384
914365505
188176227
827793491
265288475
356258354
281096099
168674274
133334989
850511481
827218696
740166525
229777400
135347736
249864203
560755877
627340571
650457465
723284809
932876810
787036128
154550857
505340068
360656628
426241829
227597242
338076388
327647065
808770105
273245305
556574339
966697884
297395733
566417387
608091939
443349847
901376488
264257901
896703013
231695343
596617933
929078632
295158814
553634027
868474557
101100959
733661456
671085745
887156457
820182049
930921790
770425173
114423597
535848789
458216009
564957005
532311634
803550418
158675186
919201554
514476432
450132526
453765005
318024086
651213243
808829769
958312972
109277299
342323065
746226678
252696780
673113249
232097277
634683477
675070342
102221676
361858279
103406036
706315542
372691463
527631193
558750415
321327026
246340159
321753941
724540882
349331470
123164575
290217859
988970901
778870449
960933972
184673369
935934966
938073368
882640880
398179374
322420548
253432326
244037728
782483589
515838736
810693737
503017793
977734977
804925819
722664743
526965835
238059055
343773823
299803816
185217941
924780523
366207913
271949779
497172325
712074471
342561579
986666908
966642568
550346366
485166972
797855913
503485580
682050292
602622497
989010291
552769872
951372965
265782213
761975001
712693842
538547051
844919737
751783903
665698916
191420448
806666403
737516474
634827883
783320308
966770390
495637217
578407567
941905717
403816995
213250650
219179167
682013599
766915354
233884131
769777903
522959262
443814768
745778912
493806699
111684044
558034275
525163647
354364588
824857132
134406057
755291219
859653097
435795040
699402600
541790117
819219413
930667326
713119306
269611744
419830409
793093902
511747253
264822992
981697444
728671982
299063183
659632647
733057895
983498749
582665406
496293371
406212521
619088112
970576033
322681858
541875362
141607390
265611294
906109370
234008187
604323076
377067622
876451922
340408910
151787571
806705178
737884183
194304602
905571393
468725240
957458782
341462917
368658305
137660798
406613692
644387086
620769973
121824518
132669926
362715608
259930167
198752992
211535072
119968300
667475743
616351671
672609484
696401214
249327921
949566507
187158357
633504576
242012405
758532393
832912185
728707352
742995848
714088997
980334608
242946947
465072391
330014275
821198194
558254179
298822491
424515783
446879552
408824304
422524986
581429595
400532993
657254420
616324190
894098215
807874021
786994672
835914672
993475124
689634175
155771171
996549801
968322842
586895091
148816578
779980062
714045277
113940334
432153888
135178267
559841921
408752966
728479039
106104526
115010617
300257041
326152146
563516729
236405502
294112314
820940856
512494441
444222166
373385249
861114742
688674243
961370546
456722933
833569509
711374483
765569383
784040967
353441730
251631411
836011292
896081839
788601254
829782909
630444678
428569020
191568110
760845972
207721549
983812244
958168436
598133688
775359336
455830469
780151126
867242872
861971461
172845952
315284094
168445688
474526872
799965482
661989876
710947390
901495102
884119861
879522752
165244311
965436774
485687904
465769900
910688944
209607540
156589160
647405475
756867971
843780153
631458107
394270315
560609594
800224969
106569103
451073463
662645057
201432678
989515799
975145032
154297224
653345687
152827576
300426304
435310222
403893937
126114032
202738990
650265383
691904454
712291876
411715141
220965186
864071684
188454745
137051621
372483875
804498943
742177369
446827512
541661134
179442897
352812511
138524244
651358105
735345526
930648287
208417853
729673978
962804875
464638038
613561680
993767795
240296741
426829218
693868331
232425899
641878652
383822967
377522665
798476182
467919560
235951722
578034035
891892646
648584058
756862013
529656898
450672772
997266165
524606517
552641462
738378272
858578827
157143012
801955824
637982147
965100752
226061487
510876536
195318677
169864720
243693099
345725748
182605771
318644687
643635564
444464523
119287362
921436940
283343428
336845208
701789382
552775380
199578590
425858542
367782419
494196153
119679243
253969163
343470597
238120689
500822501
974127261
847252357
796137348
251301010
484269268
873973309
752530280
607616257
481326584
331187966
443992355
607934285
921927193
154314118
526233755
579584148
900428359
805063087
188016919
736954853
546284985
225287513
442270416
456132056
276372686
618461599
760980005
294662554
841334588
529712668
979401609
549753984
338957390
845902959
561129579
827427495
790914072
965973904
109149953
394777690
227195344
700226959
181628298
107517798
681432060
664827760
173173773
606788743
922463909
303028796
894716690
840521825
650205471
942688157
607870039
276205791
522774953
102591177
481323083
618712569
959330694
172060371
716781032
976643377
560875747
802896373
947005457
389475735
654416972
841243027
253606201
230669218
557685083
913025445
313194247
635420473
158393572
188844854
495636662
908642508
444956983
654909685
307559833
248515576
547691300
622788787
511166376
185707031
414348567
963469997
552363262
491932496
318944392
963675974
840006596
437045479
181201671
764752461
392628310
367578296
447057204
654462114
378200582
332505484
651196958
121044687
417473090
484088956
562264373
462701560
629131219
418787570
349595382
961197851
638907567
657706231
876409262
139588371
589972736
541143273
686246125
904934758
307729262
813998978
790494866
114096989
136779148
301252090
426849170
998470834
264297221
137107713
800961003
998789869
983281473
773465655
806894267
355398291
943358604
147859401
101885836
646740306
734873988
525724203
245326498
429071768
853268356
514586221
704261422
597465512
625694002
217027678
466000916
499665807
167133730
972463136
103991085
593400753
516476984
543392239
928417494
658459290
159462712
854742285
185969819
797998908
975535996
321436404
360284801
369614635
441897550
933963748
749172689
203443090
812258810
135872068
446300971
113503763
838864075
711247721
409355842
704342222
969063425
958702672
681119196
321736135
126142417
705917603
797897763
456002368
122937294
743540110
577253726
889677862
947338973
943930934
305923690
197707891
653068675
842361107
852051788
144429275
596357900
910468091
388189717
700286374
490385464
255137024
124643336
131747033
712837903
297316795
135916127
843630573
379621228
284664537
373002526
391649357
303202920
588058386
702511389
763897892
796728438
399494950
217730998
323999904
263460212
735997819
906095701
253477642
322299383
474349171
166888693
277060452
212436503
773862462
470079041
446247180
570684216
372890241
103703604
145414327
797499538
896239096
886466816
656232011
761426844
146401576
334531152
392212500
204015556
735342766
964217733
962790298
369273593
975415599
770946271
436327309
898586400
142912277
177889343
707688321
974425567
649222537
859014530
618213217
445557147
144308525
322732950
629585710
118672590
870186259
716156049
947253519
362279039
370587697
346122502
366538519
312692184
744782788
124015815
476602072
866521507
874334259
648455799
970092302
902996056
322006294
945614837
880120480
819624892
147290608
202011889
476675614
559650163
413621858
735566792
172177280
477888690
591843797
872852618
170115097
247041713
318243261
973723948
956836616
996168691
799928721
724107817
377491944
697629639
637656945
632092870
633008795
645159546
106586146
378445395
736091485
725116575
144192102
505221116
612153407
688480410
143871788
153864607
854287265
445472100
938543578
900164979
621007059
562661741
641452216
937770043
515371620
132745153
721523853
784871942
679424060
456068501
279591175
506697007
206652234
286134223
811656883
525824391
860143262
681685407
815977231
273257582
854796333
266230815
726989643
782181410
714098516
124353882
631908836
555234806
378077630
378408507
874097901
320176465
900390781
323807076
144531489
687811843
882679706
642057578
134633575
408676257
173232763
817510006
281057758
741113333
146941360
932235718
286400840
701072608
844268923
309529091
231822175
713218317
359402462
968903128
666035453
554265572
648478005
722425522
880757913
903774776
605259478
677642789
227692443
258340583
866161284
201142389
469879056
196252769
419209002
343991752
835875545
111836311
760241810
714797575
679415700
335419721
428047912
453518806
384906083
490153408
966926808
175212846
215736508
688041937
896701397
578517699
797998289
416897447
707687129
214495494
841512666
969467721
697113461
230190370
824517075
719246204
927320477
515659629
776883194
748391331
805470153
524197740
736905829
914059247
573252959
760007640
172608506
215471467
928815406
580821705
334276118
151676223
121756820
396773188
606538461
733727840
511855303
117331718
831410877
341801197
879170243
106670490
218433886
853590758
222409627
306964277
447729963
403117397
875555285
118482636
579448377
920196562
177629637
199624151
753466030
146478494
854216380
873445977
358651318
803828064
655958261
799622637
852969727
557714000
322938129
685808889
849147443
200108540
737087071
197856977
320266683
478118609
594274898
122933254
362188080
712609467
434436110
600732204
314454331
853013814
234034615
957663439
987065125
901667994
114644469
206434961
622638316
447556428
443115961
726013212
119094971
180643111
172481910
212764337
707780304
201731689
519497097
365223218
604425784
748586828
586660065
176154076
245653646
170894873
315071344
920212970
173715211
926756949
599185574
811306306
284305208
129563085
511558457
521136817
410415827
835892816
170703536
495078008
482791013
373037150
384305672
208211058
433482544
592088870
481148360
186898749
325232967
953386507
784174902
575847025
227338277
465478270
967581052
804977346
383249767
974510802
169584137
727388453
932756887
184771548
749924118
268018010
248625775
390262231
286374628
172381007
449283563
513980387
673804080
272728051
461412697
222456167
548748904
562705160
914848914
852332097
504369125
346589888
623343581
528359757
736742883
375914802
971425866
646517603
337018771
477144641
624910081
641565624
753955159
387050793
474845484
582359426
341482434
397746124
422574475
322941097
861618369
424907720
742947138
102331447
523357124
373171897
220997855
603521525
774694692
821617105
703528980
935007605
754993698
880205203
846790542
940680275
635734412
869687121
207674555
110109715
517021841
873730149
243859850
435662904
856396689
742191919
615056065
928639237
925780758
973214802
456053938
995452436
274965713
580571225
629681163
180166090
762029290
780943739
601838112
537345974
234830838
913783714
294672250
163970058
967813466
347819422
429921420
560384423
717722684
605770714
185853853
685869653
360991759
269291767
808178306
525129174
191078109
771108831
814387321
961146621
289930777
985362859
159728541
890148236
379948461
645278199
490140541
302750151
917176892
145795545
287325980
752854043
269369327
130631149
525178449
586209681
462402535
355168349
425924130
761721795
245578392
284660643
674384081
190093725
386037303
767286863
904260214
872074781
820897313
593568542
656412597
563339146
154218352
152022439
465177880
572565040
695353010
136737070
482667713
720926168
821510821
972231973
113241046
627618697
979594146
420438683
250668148
765401785
808526573
214357240
826924103
292714500
663156731
605375953
509336704
851199403
341404519
657942751
312332292
967973675
127521389
618951517
394867561
839725331
770085557
180492767
530142706
796444202
557831911
705393130
830432093
721515633
786134677
507157811
781899886
788020902
926374442
164251056
872855313
896128474
277021198
299520596
142107241
856782968
876055797
517431333
751980308
963443346
780444737
946386049
868716484
891614670
605657229
717836489
653801933
909191293
442837994
495158453
311476545
311828856
941623817
412927471
397194288
885793377
981307377
550709649
255030757
576678020
118697428
579738833
142153925
136838657
646313419
297541379
329074946
398862273
830207644
149037610
593226145
561235547
930243063
686660261
566311072
529669931
707186985
536903457
896428250
437563635
936207555
788138202
585289298
669275628
342462920
787484219
587106354
573982839
430179447
131245577
686753271
756740451
531232385
257008666
676268051
365385039
304642416
351082009
455818291
215986300
129362822
957468032
892990361
208582717
203758932
607670881
527700276
433009650
188535320
826009267
564845457
597843729
367252904
856366211
667064163
660765520
387163056
846083103
392430980
463727409
350062538
594415961
456991500
229578197
570090130
646585879
594271594
200580383
287205159
922744328
324522725
507782526
136396675
551997604
903375853
910290540
389699900
943822416
810975875
632184174
855396425
370391199
436581584
192317741
758007476
862684926
955580279
663662848
743565276
348272988
423116791
740847976
206190427
258138127
549241479
756492017
108258312
609787612
246008232
786219190
424653559
747125803
791377004
356311092
179980612
940965116
950960109
657660037
694593129
892646700
133468353
372281697
728141135
946673285
693843800
261401333
986484694
541910897
724686095
380038080
567180893
554284551
225189581
740398182
601368807
738893308
153392845
831633195
166309399
321399727
122350785
300332247
653120055
216831388
820797647
118258500
894544172
139126646
768485987
144963543
363552765
367184557
289159430
413611939
545978348
522640084
895205580
308201732
381675505
122202939
864598049
874232206
444679112
296802301
683453641
924313335
720956731
655746304
765071358
679961916
268286492
427403434
799804558
570054167
916426971
845743374
333923753
251504258
575484095
370319649
296137295
646097607
541473039
296774105
730618797
314213692
584889684
837693185
537067132
464130926
608992140
684611934
799386537
766217961
448398059
798240297
127608716
599619383
954263298
131901709
925616123
621402980
941699654
565312438
880405449
907621511
311922137
198856725
558488423
635004846
742571914
173453610
948792793
954835553
468615205
341437110
392587759
469382977
843721697
826329938
618530787
660148481
525876859
194284914
946303803
730445490
399236433
258111068
109330444
233964225
837169192
837622037
465241435
302733798
427885198
999810839
596196489
755777058
506760778
353688611
426197465
383327653
440076346
157996915
168264836
304644490
237646834
859846764
745748883
724063809
562382177
366722025
114663311
679930827
287719164
404726461
299109900
258437394
517071079
194170359
650633099
686830652
334077303
418294779
496766645
489763712
122312149
213423247
330486599
339760885
948564755
156234187
517043716
537163262
628897659
173240683
581795409
608814380
742659473
117309915
604667989
967758376
707136119
451451255
429525237
548058764
733886069
422659902
790761316
739260409
641024992
347172930
349964492
226296192
533007265
547069679
176752270
925802898
890773419
594902437
770020181
875228194
702369416
711433480
943963751
125032556
429813245
129196652
641228643
309486648
154046060
629744598
210898834
670795841
722589101
719394173
172228022
472923981
545186751
434695510
301470303
658437970
659759354
327876061
600107959
525422304
355670452
746777806
432745850
981761328
270850943
811397563
675304875
132218772
910203303
226521014
887183629
275238228
787178240
138723657
395261839
585081722
632765942
520093865
502155323
884902310
831539839
245530037
410767949
607784037
922684738
340136629
945821027
854270517
655108330
246807046
879744656
887614281
833363385
688825446
597995156
354250379
255930613
552734436
751788743
309183679
607068591
370693433
330767007
825833318
167659888
372781753
559038222
650721678
941482146
129026527
418315431
405692858
213812993
544353150
897713638
264685633
323359397
433607564
405192782
180239278
540794927
494854428
361356206
586676262
798196203
731299048
142020850
778340959
283281897
517485430
474153902
312089386
525400021
891652354
783160951
731329100
127645542
187052532
854185889
732303052
810864196
464536882
314433371
293058059
988865601
198461757
299319993
666796096
586461628
157729840
740258422
853808712
693267636
918677877
360140917
513062443
203448498
833496101
152223708
251049851
232394470
536559029
723798371
194503261
500094118
575805960
108450059
448543419
398432107
410984210
271311778
821925368
458911071
109153678
314022441
172517390
253151050
880425570
500559341
306062619
363398175
326332567
806682245
113567362
274447763
858695494
386527414
400302803
707557246
710191608
897108686
602305590
909600540
341262961
772158845
254375851
454590189
149785698
771489154
377806937
986809350
165968299
338363266
345614706
898174904
388807526
487162895
588013945
524166717
650916864
121456579
216332553
761815307
215760600
994103027
708804834
500261934
736878423
926062097
322476749
850677269
419041059
757383431
307091355
108282672
844955586
840794725
896695323
620027638
508492955
313619039
845602846
294990306
524125849
464901100
787129970
675814940
962001420
940208633
483347010
661833494
700453668
710497691
757120499
336560056
126197787
364044976
175420325
106479075
336032050
241462939
996617436
345436496
739896541
299771732
417457561
448533905
855927325
845877195
954788122
612132543
738947152
305592578
270370232
399462503
181593636
105406765
765748348
912367079
341799080
181858923
293589645
908355384
599909113
817683364
353416797
490363850
218729289
439137229
197791777
946660083
743041528
982748491
493116228
213187545
370986170
229382359
825635584
727386694
986054963
371838710
517817387
284028538
732222399
383811091
649880333
914033284
685413979
104889446
244440581
296979725
644280715
985840699
774313673
642442766
445692760
363654549
177463098
576926475
817366131
337394001
503189525
347502063
418128435
893827247
498681153
664545508
408060594
191221370
113874467
685688107
740813825
743195618
176371660
643730724
627903807
795442457
901343513
594523728
772952818
210973841
491177193
331611407
844918914
727046237
731813306
177918696
893798457
831350801
128372249
670366213
930071564
626583101
316443302
697047201
877014392
300274220
303721833
302131929
585546576
430647674
712834837
437992434
291429465
158670663
469321909
177529097
248571245
913047622
257487128
881968313
326918476
837143896
176678890
590169284
451930320
546289314
501826976
442494985
766150722
512294728
103661279
987227394
530913080
727868945
408080949
796411837
747958743
260742130
115189865
760368393
798110295
708409268
878483838
373494569
151202690
226840379
409182827
656942714
112387431
346036639
653681476
462870076
494892722
575664970
570871031
910154000
127890071
460837392
864136629
416813182
931355322
580118781
238388661
406130191
647643925
402081343
842924541
947440449
667386053
626907292
673980904
949575759
919137549
301043501
262071585
349841543
193124141
467403112
328656561
267939356
772468985
753510152
824683301
234020261
116873745
970145337
457467321
950354375
724416494
777190922
557738542
318198502
188494666
159283473
598366098
158816773
274775094
937582170
449604390
346412340
465774087
609541147
943857364
329633827
262784998
392289462
361272063
944337145
709252862
461944619
671705999
299129734
563420008
674654617
515384169
379066834
479057406
438372232
132866460
703470069
930918923
936799576
700654853
164737378
855345292
812300819
853598055
737350183
862308889
964798035
132856028
117017957
906595280
482751388
863857836
707502687
389284134
150738980
752346612
279806535
162581797
319015922
963127550
746823705
908909046
867843835
282700392
722573857
392628069
109930307
516403397
820614752
777801442
278679950
833921537
459309159
485302392
326473687
114442108
215332644
439345755
504084238
699335030
980830828
596392486
968358923
101214023
244231546
579933527
197697090
816686033
442533760
618003557
731230073
499019439
141537179
820908302
647756639
449392528
520467792
798175170
818576530
878112042
849083391
780213743
252716427
608912796
886279905
249965937
393686367
855017714
770456272
947538112
374742691
427772275
835402981
342899182
235820165
239469013
849862359
619536910
987707151
611743474
523978951
161702659
890157942
178248515
621140654
705862731
457039962
940371185
748512199
349778707
225796935
557974080
708101046
586372473
195252873
610841242
869569350
468008128
851576896
783731402
861582066
344360351
450723571
476451618
617477067
409373635
228669363
366676545
129917770
389022073
739080527
536608513
979012603
909923212
357548595
196728665
585639356
296435951
720759939
798531992
242706290
217595356
817242799
245441869
966627413
197811249
919595025
466589829
446266085
719901273
663270469
573876081
649025882
591672904
129558820
782797259
715485684
955306074
108778733
979077146
679647148
401528045
474773035
554192586
577177810
991117402
644810272
176700650
901289136
895055907
878355910
421106204
456058493
424933627
540042411
973148978
147413045
263236750
715070266
225719698
491574637
157290978
905160158
904485026
290691113
968839522
246393056
689290858
577748265
494386620
231490881
990017612
204840325
148932053
421357060
143894252
755013055
779924954
145198828
564539101
763765020
501400414
405015534
427541479
397421065
993289435
444882479
433156311
702773505
903742241
797641743
268224028
412239575
994536076
645925917
977941876
963734247
439948680
379608884
530941172
334677295
253004390
529517743
807810625
105847451
816890892
370512648
933803320
416924849
547035762
777862778
465644052
561791188
750120840
778643954
827451633
185737402
988668144
849614084
609562917
997255670
328392747
277907431
532933675
311840721
359901508
651880922
783146168
793533212
391521203
100355061
910245358
574430305
453455296
168510327
629520730
269342931
500555008
978734411
758672560
421660220
315694102
785537887
185336852
859456210
359349968
254519771
842665373
774879601
426793978
519687198
868268201
632181833
879508368
260853933
389882160
259021249
892190191
105195845
269733516
169092202
598584309
917021113
382085590
765799717
558771135
330539978
964194503
424428885
469741021
804337875
718191679
955849758
969199889
146563638
867282636
404604609
600210979
587772409
682847138
323456538
983628284
525319840
576135708
459753114
266118542
830788328
782109576
468213679
741788840
521517289
561101392
225393268
124958094
834705441
413433368
752764262
405993536
417870368
917718812
243611267
163462589
889168695
246678475
202717601
317618426
941881733
837082183
161698067
507930369
725314648
487912934
447536309
537298691
672315728
720365287
732988374
693734326
372196433
716243793
119861752
407520462
920519689
249460636
569334634
483391225
417176770
367859047
470169640
352801697
780019298
318913014
508754791
616869490
854237521
119111315
552609540
913066166
378977311
367553370
642744928
674247392
672644382
742602360
896192070
631721540
474435530
907738946
919105247
722378366
801361196
135875096
675691310
145795946
887209402
247790465
452409006
946018694
720115426
943525209
822824438
724838448
828428625
294352917
585528926
448762965
571406550
N: 10480557
