P: 398098610
248829895
237842248
499158000
396966527
576246845
640135524
867920006
173426586
114603101
120751674
555079146
274486455
969826717
757618374
593765382
965369023
987327233
504462102
244516458
288350511
905557794
343293158
745706763
769018164
566346847
410307157
652129730
592026625
199281162
627399160
688263822
228037676
441751186
510394870
978112684
598893637
627380376
699705264
650598428
308859623
784977864
512977336
742880347
855730800
754150994
964597268
549882927
954256467
443085781
439289495
157697206
897946839
688538526
938873098
756799966
881435640
968742817
718362304
832243746
442416467
326386667
278133874
466289186
930345428
597759669
944471025
684957221
361400791
472813340
998210672
414243916
226548736
839445002
164059806
395874499
151158040
209601676
867681437
229212153
906468512
218505742
243483595
250872294
745214324
494331940
175498076
104564260
873485237
410919125
637968576
160815382
738651418
211202031
940279142
981708273
609709201
297919784
958825607
726620321
669288959
166268920
518948060
480895790
207024803
147861584
831908172
248326870
148493928
203664538
395005571
700166059
156733896
701936576
650676921
475607690
792168593
508588374
516273058
570214337
674568355
639494742
945679013
307640188
613137714
307733113
164627023
916910432
982046141
442989717
734953295
702404561
787817026
464450881
599130026
230027019
748677782
209681005
135543324
774229459
361935819
856646216
617035111
797255097
754664854
143498036
230502025
754198583
964905623
596318269
839727398
673499259
259793155
830804883
655311181
275209799
101769300
158574979
418054196
820447613
384476208
473512101
275702731
874975761
293270035
269302715
517648634
550976052
441896843
929074801
417685099
938678866
163396966
400224301
887777218
688943037
937821867
600261326
944773050
724965370
718404521
672697293
260143210
379295499
652616837
611805889
830911546
900788496
717610569
100402648
766891611
679033521
613360181
930786366
695685710
999268872
744412604
242416872
781542776
388876943
281661454
167286312
391926247
814785670
396036127
567696787
648149441
994672122
191726697
748726059
285289230
472729597
931702280
188505931
948669796
773531635
247454825
626719098
561169402
766008823
128718279
721096338
115439077
327739108
927921415
744313042
509588932
605652857
232789827
666150522
193874108
211026655
787340314
684719496
204920106
859902290
910397769
298251671
948460960
690801659
326800861
753032634
910206242
801550469
830426165
182711976
410896690
413710432
767335384
734513494
850854752
619057831
109241685
311765852
670973274
904758344
428047479
798102397
841714003
979638757
493687903
420671882
164091760
146748266
663007875
786232231
362746077
124963102
544889057
134888632
210141868
379721762
140367455
421168791
103443777
796042306
422473631
655139969
573072230
663007287
313726703
305585721
655810327
303081981
265662569
853579164
899288440
853946642
126602118
686365448
696954338
381882029
188476848
350649433
473131777
965771326
383162150
717021669
289336575
715256558
674582744
706725504
220005767
582419864
627711318
522223823
964265742
936684628
698504843
976316688
637886372
453641697
288039580
526103357
798166805
633175653
889268994
859676128
745297595
203220698
370510611
822975784
418996170
637116376
730949027
712200720
784111629
131091946
457250486
561332941
599236942
728300935
460491369
732354850
462209284
616104631
764611544
842010899
770572045
487097789
550828644
341982178
986545383
446007299
387170495
527573159
288692570
906232125
261171054
961961385
257216019
855653083
948386838
776822480
684073365
338091547
349982189
218114480
843986965
519665723
585245285
380365329
874801025
701881938
849293958
279194591
473803143
520650386
808529409
772137043
589625046
768366767
607155754
549313477
312880309
836155910
699932404
656042361
841479508
191550746
652765010
556592073
218427831
517678001
354004993
552062333
395679204
311010175
577429683
510185965
897360496
122136690
212142716
304767521
668794731
600768934
616368914
469174731
826979871
498054520
307055819
637819215
805115344
890110147
470785357
216585297
430115013
700579320
441153261
376688163
749175568
592973554
639891463
185094307
155046816
916767890
905881612
587822784
999793700
300455739
219338381
258915387
920702790
817476671
489326465
853405156
354131463
325167694
437432044
325408858
315273085
223591279
560356424
728179852
390105514
679636711
530446149
706574852
271394844
893963913
932982351
282617361
624201294
707612264
486084604
154470200
593789005
796987564
719979194
403786185
610095414
680752330
663076071
528342345
320880291
537725040
358746287
607775619
883483599
961977902
986863484
558203589
597240045
102186953
934292639
963902928
393812323
937375263
661755584
558634795
885949549
381116655
211441384
251095822
787309608
999845073
852592020
961833533
535798268
835787270
312491388
672343680
181986785
834417703
923454023
470404813
794197144
153936792
279247612
770575326
239039181
971417618
439537351
373987841
422810583
845394680
253655074
505022966
253859355
490750593
681479014
991291496
861155474
243739013
478138441
417408191
150953924
108995958
758306884
192276392
135852612
514760351
564414896
588866359
128137153
322135974
726087566
542927685
564074175
807569815
175404199
717981896
266390551
926433156
732209836
319789654
941863037
423949259
591351378
224349360
549530385
737707779
253943718
335746907
126534161
928575668
548516138
720431945
276785064
285159647
221739891
194845088
284750942
482073261
553641598
665743902
198906210
209950610
672520416
975408658
889866115
236171282
179812333
172460672
424377258
103846527
748087142
356066258
812485233
478267104
326329985
770938257
400119689
876548856
991585356
300936720
753825239
710416120
295563773
600655456
424879206
737901314
634925208
110230895
758103742
799098827
269756648
606977602
127931480
129249213
591149143
169359798
628042830
593120302
353292652
360324632
832380333
938356147
922611463
539524501
667008310
583544820
582725130
507677805
790766505
158983109
172578237
508504930
573763918
544846112
513946567
767753668
820259631
900964089
310413802
414301890
655673111
842531726
940267201
452094861
292816871
907026583
621784306
435167388
172445890
588902472
483957053
954002812
930322933
320704378
573116715
573959497
376813884
761902517
387577281
984896079
273089593
628366635
262155996
403831690
398723261
163523262
375265841
326159016
206858608
488196547
736451039
499808921
979527292
290649574
982142660
315531427
412710133
520828921
866164655
200367781
901172164
235500982
728011483
526709719
932931566
131978238
603597127
390717099
816899329
509150347
378079803
900691831
639276083
806160229
477513204
661448321
392667335
547060172
535621976
796656934
465869993
566922905
760581051
998187136
657711308
328369750
835101374
836886712
820147844
247246032
373656629
875356154
645882275
365804910
654866743
479378434
881259969
444872643
844175302
157125823
290630673
831070725
453873204
301076661
853518079
974542987
186442405
150447859
156017307
208288032
385366452
827440353
482703360
384859656
350083296
219732481
130195027
845414212
781575375
748082648
916598134
924033785
838633833
404556507
979836550
494738485
898722785
666612195
187986063
409587719
426318886
690882317
219711519
378407279
102103175
213698148
212976678
893841220
725601928
425781206
917233139
464849418
991562675
122839606
407166535
255560474
594634066
515215766
681372601
648449931
206365589
213305332
112953801
954220585
426892427
589917086
912558126
115730021
717809875
406286395
308561507
102558944
650168664
199127196
708671418
851021177
957734489
968698357
761539059
294116287
339214087
455901321
651340346
338496716
465105231
203080600
795672553
841907371
671712784
453429259
399823087
948680436
109938099
593646614
235416486
498811729
916560040
374702972
326560249
676663792
212847615
459988215
700650381
604767693
186934453
435984448
385990848
364555311
665735194
425516580
678383228
104212673
702190805
430654326
390887496
493570852
869160233
906066707
611426799
561719152
817579463
286446745
330585987
422676977
885070051
815046646
218693191
493034547
662715032
208946985
265675740
595796591
786922124
745654371
533313973
290557189
263665074
652409594
966274908
993994926
872211583
910922787
357775217
659722675
679367513
356103280
803022759
388495507
501897599
220830108
276404784
800285001
842901542
720964062
267144217
816341875
720923112
234639160
563314160
720076875
297002157
793730700
680687602
490723524
530331331
449042661
599349008
330533594
481449759
451936555
966228611
619021731
639815953
508983550
867259309
932467050
880811917
830264173
660351487
551888478
328010802
762590789
264189585
365539768
155109851
548336592
828787380
746888391
204926885
559315917
989738254
715129780
987964315
793464797
725298377
922599085
402710071
599916213
121149008
545967344
630879988
253880981
230963848
318019026
288178463
143878413
125255100
643938190
702940597
730394532
476096411
938438227
965220284
958226415
357244332
124009298
688010285
988264461
947860293
206443377
456708920
741008612
913570479
781675100
286090485
593727422
744941552
581520851
502757970
151269069
842110496
406261256
359097612
485698040
759670983
199305802
857263272
304846988
400326340
150389236
370880466
315983147
679288152
424225992
232030380
449928882
523004842
747628286
901582635
324998754
944139063
935181335
489005075
146006252
715779843
689006388
295010031
179329851
735144034
416207046
740915206
162991933
136647333
784384804
909844793
412881665
921711950
908507255
215509261
495503751
962276291
516972125
263177854
209576760
160077779
455406429
512579261
987550285
773213037
936868350
524010268
965302584
937558301
956619759
307705961
958548471
497463077
663678731
254789060
565933760
798328956
680184196
123470635
616309144
276116043
399605219
507447078
135927072
966085038
666896946
187988803
569439311
270987537
809983688
925229956
695660848
691149614
121806947
128801901
543866597
971369585
701595999
900351863
915293585
600027854
314017278
439237859
487633491
125917176
949306470
798777381
900178404
358590774
927653137
627659106
485928902
623364947
997149564
595352748
878888917
236280147
609224642
286448512
566292620
145920233
240955140
370674936
719282787
332576185
782207498
478636032
151575282
764149681
229760997
925941240
956831621
684851848
896564289
504694751
583405659
308583651
756245016
598521568
511454612
827420943
651779455
136319661
569883545
594190891
246188302
791631724
396760269
486126226
625319055
302207260
127180513
828444737
951168417
491743120
210852795
952577869
713905094
157246637
802215394
725770580
408574532
271731359
425163524
975644407
851558715
266761880
585350258
329178471
522714343
223855966
717473204
993224294
724202176
299865300
739056624
872741167
577120796
688810022
857857800
278171095
450575025
377961315
639524891
841255980
430189311
509874028
673926794
292518185
880603518
727987496
873950974
632629374
379753721
552966797
974833416
913031080
537648563
399400589
332884676
147813308
990635500
813838190
598430020
289997802
320623676
478770518
517828246
654042054
451961131
390039382
790068152
821726376
748629949
913287166
786943004
735836101
107807902
877705869
709363261
404594819
203755896
410555714
339759087
101537208
526288904
263149921
872539035
154369562
405718288
359096494
124310004
197156734
248290874
231970743
215461353
577696084
699157014
132933290
456944792
171971099
181659750
202762552
858826075
320749391
302010768
297209511
301923777
684730330
922624600
427616777
663282078
331324284
215050578
867212994
802232537
301106784
964415500
870710471
963924261
831875371
534720732
469971536
564972429
805489429
814381474
233741586
795054530
192083204
357184209
545507960
334214166
651172430
142186332
320870911
313403132
928193778
791493627
243625689
519363940
985960060
465611438
870190246
651006406
814174873
220765240
253871206
185387869
653056014
323411777
837792259
463680137
538780661
937498038
830578171
931504811
681470155
920596122
832404076
109764582
716495637
722682879
740388852
209058632
529212507
846307135
989632495
958594534
929250097
323676400
727465555
543297317
377343768
754105437
892111318
414638602
904781503
801595435
470573515
811779388
592210648
396051143
724913613
701042526
298893322
550708851
589992271
427087946
265741318
389159488
836790261
433163997
529563224
422383114
792932882
501977755
793855263
167455191
513141846
355789987
222486353
335095987
248746133
778843321
700766266
602039948
587527782
191301214
539378307
448052899
447062935
507410103
880427465
595818847
755870733
574728111
401305385
380320033
727321458
989284554
622342618
403062314
126981899
338580976
375359588
758853848
346804377
204992768
948145238
484350512
441611219
665089844
615181006
326600319
399560924
770270056
764105567
874050269
442816082
503597447
519493944
442374103
662382116
696284467
621453668
220412379
634444392
456154805
995111097
857324525
985909106
388144774
506999466
746025771
974443236
695134320
232434839
288420133
246111367
140966881
247443005
100349033
698688617
102607733
374523596
847552464
135188816
914895956
509985931
937293214
943726122
415671072
926234920
809223139
922315366
216830053
998701441
719628873
574123709
223028513
560993767
920138403
183654669
369544425
703687756
100925168
342711403
613631263
507238357
911181749
975859598
404601355
161184411
793971869
839556099
235785555
978455937
814073040
125019325
468202691
117329395
935008917
896485215
968055878
717981117
177053430
444284800
813062892
177604166
410367819
598425834
153023668
297868783
856479402
159710019
919395077
938604066
500676223
410284608
630143770
927343518
303975739
170315969
326170895
652774029
950499798
492019207
615453979
152781205
202467684
590960078
884239022
716348644
577753140
288343738
874032310
364469177
654992763
147742649
604060180
753291313
371576100
216387318
662437280
821678709
111784378
855198383
687329208
584022176
879762190
397833620
528976564
835937819
677040093
284586779
566237440
391907525
848671243
826151477
103219933
183261604
900182447
697536754
365747095
474653559
770248709
787582823
257808986
272862791
113425141
939827680
349667138
625189583
277821088
696878693
171246596
765220074
372618254
868876594
950922257
935544787
833909411
378596635
505630366
136889122
681906720
551558075
505172925
712962106
795980161
273592448
201484957
291065730
426353652
990575893
570221117
704820771
712389331
600806985
810698670
697179061
735813403
906242544
660616117
435291875
628378089
560777693
572862059
765346006
462886101
476688967
174777558
156628543
718769858
918966429
510265373
724438951
706793470
303794777
954979459
251940755
347272011
831835586
929906018
835409807
513937057
598335043
341299978
555801291
321137497
327466905
717053184
820856930
337002626
358049733
640029270
188105071
227939214
373805601
535848121
636987298
495207182
550974976
438436746
286005772
282870970
363927218
478816213
719565405
792461581
400933944
136601669
756018552
396053211
650176001
913132886
375418714
359915561
547124852
938048480
805588414
324033146
513030029
135887060
171016764
804358261
513169328
682656348
472448301
224984405
921799861
219560276
728236520
889394057
673093356
889534316
780809296
299148535
702722718
632236094
643049184
261614824
294864581
548311459
481472948
923220347
924418151
919215224
192095518
136971972
546410284
872730961
100712326
380551388
117488114
685700877
213853958
857265442
347466327
474209532
184340423
201170238
508513515
828586999
253516694
128902945
380122370
343790539
359005029
584159598
313856938
922470238
114699786
336801095
893223120
153014920
437812373
320996215
875881661
548679384
157436232
442237400
209939674
105234530
262484627
801808393
702475375
508462152
641854023
342012588
754093263
874567985
292936539
327010237
675076947
306813797
563015441
967092167
215328781
692807417
950172297
656445729
570607017
613769399
994628878
335175598
721964494
661981324
525260303
352339952
355143689
219611902
342180344
439880720
746117113
853884154
979159095
877152315
186041573
150073356
167374919
760548063
164185841
483179410
122031112
970404992
137863254
629016797
835464311
543393950
874214587
420918152
390780224
922437999
773489380
916103113
396029865
733609831
838492979
654642553
795441330
474445506
296265872
375124764
923093420
272621934
407601419
248034480
484910274
962257813
759571493
766326499
556256009
884464682
684388740
808656706
163384064
469797664
540502309
513754821
628529652
635532786
219306358
330207256
906733920
878336470
258052211
864842079
539563629
981812991
119582525
263513406
525700136
301758271
581210987
719795330
981397054
953648433
608666171
810601804
882316973
991052810
516636327
450377950
350657856
224836390
135901573
836043928
405562705
842138581
447397285
331452459
481114781
506962929
935850558
922476247
499681640
763610279
246275039
234574364
911211485
203602068
207030011
632926647
363782207
433979569
822409509
840069982
922964854
292147999
537090759
396223238
829366825
709668050
310785353
320446611
249529932
296587951
630869993
139765201
102685024
249730004
398887009
586592271
447470196
228665864
603825507
776362441
684493538
845506505
463994818
940372313
117066363
383188321
835691693
404108262
550389021
969544312
812893396
312890764
944799141
898242663
619797150
709947595
762008583
563409900
619844553
558631942
719861501
865774265
183906553
184172008
307310778
925360851
706158260
174948817
602332935
989444727
228211877
694618380
687543245
521463758
774521137
638054060
154194853
776410074
658646094
891571093
626371138
178423160
369363727
163215657
481990195
633819865
367938100
983561980
955001197
107053402
268267578
362456803
470565002
581544489
837435142
420811341
542418591
530271995
114732730
667574508
115101823
995375528
841436908
201798785
711332538
636141443
224661835
260799027
300948588
243093749
816729325
629816170
124776592
865664247
908269228
173666149
917634193
934572641
617265126
370417985
658120677
268075482
955787058
393097471
866908242
484522998
364888691
500989503
980541453
843911617
236529123
956341047
963836707
825145345
915882256
669541818
542105566
469041891
224630721
468319331
479167544
258297583
885621392
712846672
941614080
611183206
351527763
542437046
438781158
966926531
265380905
859868559
537038793
785172376
410745634
711658436
371859693
428084182
248027410
861620783
101231384
125614826
685293290
981063038
114255816
734064888
259556165
643687379
339156588
397966146
494178425
613322593
799001752
651799172
895115959
699533075
633800713
113931589
313332830
754769854
507589271
433157365
922189731
302642549
238864266
194215839
943041011
161546920
515177929
466516481
420229712
497347099
972788785
927731843
444121389
827013626
458927233
101096543
225854896
360762657
816937293
148794933
378030633
594930426
834883418
763324218
626703624
238011787
550451101
581894570
699299246
807580680
462066444
317162365
791628244
407216428
741586290
593350906
534900299
216750714
570372612
354329508
582048986
996210817
202633811
771171141
801009221
920548510
442005423
565927752
499849533
353793653
134737394
142493595
907237864
310427536
459202384
400072175
244333230
528790056
711192701
652694605
162627671
506242882
484833684
110447689
117189158
301337851
314498705
921709107
438454702
596857553
244472189
902623803
904560254
718874135
939924803
186233126
545532109
858576969
283903962
670255200
320658005
147593284
287553681
699055106
883325877
130628431
553294405
595435177
974212782
143589208
965008470
599444069
496393750
347895792
484174903
604288315
424072302
711043310
625723941
713050455
505952476
348054211
817349746
262010393
936503025
813365415
718074421
511147795
106615001
206330518
169469610
576437861
691245294
634903888
785755206
628209772
694071327
647930527
190610512
682047904
549508084
977102395
726079823
916186910
168438065
654964656
454660030
927263100
840173884
133577723
890928373
317535013
280888537
538341302
652861536
493273188
894022211
875301161
875833079
355298731
918143177
496830439
996412184
515119427
350926431
286109726
440232846
887226582
804676161
865554955
907976193
640470685
951509462
478773016
731972652
995680280
231590529
900536613
919637891
700732340
916698607
978826299
695991682
755346753
198549707
745947888
911046336
182196535
912343796
820899105
627345989
838053065
516395455
955910142
210575175
802951263
208037573
501537192
474642434
859795262
461871552
406479679
803966703
158564968
733104593
229389094
308569007
770835003
763583631
572865283
313953181
930564258
245193254
625751425
656888128
619496006
182816607
142246379
575767983
538634590
229158764
831653140
741371436
555049590
475546345
672768531
349674089
567807998
997807460
821131429
795444163
548799897
141516281
391907655
755403881
324039342
339236941
561426428
863578286
629307251
353802091
317390358
420658731
458771339
226884349
280355163
758318721
836836295
801262275
825132982
166492217
716370655
207433175
610146375
527484777
717737476
733928826
191768907
802971051
596056741
727836873
416619120
834287788
922712451
947556371
711337662
950084624
612448548
214766490
635694663
987740802
984668953
714498291
415574692
907144143
597337439
884999216
553791896
730839481
727367324
115795070
464358285
244889933
771697356
314478870
141415472
760224642
776330351
687349981
108086877
446790857
522826202
878764166
136541532
470460487
389614582
632629097
755412520
798749829
416885186
345764201
976512157
562619690
855450340
100075958
663551946
943080892
903177148
165806070
107135598
579553226
937168865
682777525
423910345
730710015
746837009
876207036
364189581
377423800
166551313
206882971
813244286
664673698
906228570
329690727
320265318
119673536
862554373
441898170
309312641
205432174
124639859
567508895
202884627
637174291
249008539
678862048
975396181
731580663
640137055
402884103
325498018
351058420
601145837
571668584
993407455
436641488
399269886
539089598
709717424
773357171
559038523
148708233
189305625
409105150
732030476
491732888
123350873
149199111
589908760
635131591
475798516
435268356
368916102
381114382
200368081
600778089
489202083
512104106
192217422
734952948
919594615
665984449
990255063
366289275
483508496
493541808
422248858
855776428
347864328
159281268
529841772
313841784
687344609
653514247
441577924
931612408
394242919
854437832
481002582
390065219
951843364
638993171
974273215
498433048
581204534
269260284
960208850
475098798
549833036
221880540
673034363
502281299
895163664
365336739
408053968
606181675
879997754
518816538
594832812
570872283
540139767
229042797
154318171
979622720
826169164
756015944
513842676
907835063
404849102
303857153
929923209
493548493
126198789
811541969
139290606
748762171
586212940
727946254
806555535
731023544
341402181
221278154
987989815
158632693
231157042
259697253
916693321
446553808
604592064
633256451
365604607
136144151
466215340
575043034
602797192
783956411
356780865
722082766
184171405
683507115
533828280
682178589
757749750
578982594
365181920
509987877
293704941
428974964
694065488
897755455
450337829
236268859
546351539
681649445
548696836
341510949
423422911
761680562
747493324
989317823
917442433
185167927
987735559
987113268
204006701
449144388
887705058
765555488
823488402
146167406
216731906
288187995
181705296
201932496
708196717
412061715
352087118
487861669
651446500
759402337
719139929
138609632
377024211
375496414
466614577
181842229
117241649
486291369
176962370
131840012
502075921
213072582
971013523
117017861
571235972
418696067
221378094
747260090
830014632
115405690
231215484
709623748
306179963
987899743
944629444
229109724
709623177
485298064
576075152
549332729
463423591
900538003
390260021
460630975
353131222
299107250
668734374
339423879
978763362
740905347
106070023
891678455
277442926
784461914
825088948
550163670
680897415
698899078
585829334
790846282
248311729
397441138
701461166
485656430
387757077
339786117
359240006
169334561
471677236
958157664
142105409
501620530
432525744
342789794
293010863
238304650
760190402
266929323
458581189
659901938
486522670
895095087
594896269
656026103
160821285
616091833
279767491
927865491
417024687
748303838
857287153
573328546
806523495
596279387
715814369
704374860
668231587
909625193
867063129
533383651
291321683
575638512
689445638
825604562
403688707
247895580
107843377
630081677
266854887
603631748
896773525
642891518
812297392
842774644
507586542
463368234
837022496
802185171
252285135
107197123
271464823
432290738
833095460
437381866
131050870
279305598
853640217
878652202
942540664
233966052
961873642
187235583
345103932
198449556
480193168
132039577
967949886
972782364
671861688
101156470
784800795
162458497
889769225
602613309
884251207
806263907
729121640
897537614
157410199
148495798
676263493
292574198
945751859
233679066
562226642
513878963
853148819
815366154
448199165
674457309
650610707
856597754
317699065
778123740
885709518
564678087
934571732
934356007
445481147
403980776
520419105
702137881
512721090
613782638
619149789
854123495
577321661
608651856
270301224
551401787
747896744
141080736
414522286
926269098
901797035
410244169
917015523
439133961
704100831
672835004
964005623
961697302
437486885
392839058
216635738
518536911
774378326
471185058
224553887
405976147
363887194
767274577
999556440
300446061
441041779
335905253
279890079
323798609
109718623
361176137
733611923
703149771
792996235
295798492
483678965
741918729
668977599
546010059
570644540
683746573
704085810
387771349
835742414
264054757
596924906
758726621
954994582
989479376
392842307
707064901
294844124
647194608
914923314
505774573
518801489
759073044
448129452
451479434
125647641
483492516
451089924
472178175
380995953
434500617
748319950
581676346
716662712
914903507
106055012
905439074
713957264
436670485
913638250
914957016
273253858
711245027
505250425
147644404
977088062
875642425
587610135
521852799
401907053
428320737
836040403
431806654
847796749
440355155
456158166
437577944
344913917
362386664
179624214
263628616
340980409
309800228
396536317
135407744
491504826
937396251
157632329
609544744
494880678
829842738
914411770
837791966
617081481
786289238
416103546
493098471
851446318
565692021
869955633
633033298
221146438
747155455
307845777
568153769
494131631
644783707
165280090
599879159
710299423
806322125
281223609
482767803
514568502
736241703
581944354
194220500
119848379
790561077
183986240
106721021
985165136
597773797
583324948
522799315
716676221
257166393
882371850
458642392
180110772
952784048
155879195
690066656
977950567
265718229
496575082
360049867
840588068
142611635
354930936
582209871
577266571
535555485
737153640
452177431
621039233
656322989
318791923
106695164
494276753
881098075
138942266
396660343
133472718
454250771
591109945
454935131
747385273
112012185
453338287
315203863
658865792
916266958
202496043
991289517
824810239
472467730
406717991
472196423
382358902
712907004
429755153
745648197
345409145
294360119
487979557
607657789
858160688
804378667
954559098
600469864
715776975
776309312
551462682
924397760
972719946
390770330
817444093
794314558
160934550
329586926
143139277
257865554
299951085
277696164
869197799
947853931
815874881
357153904
270145054
300430018
592433749
251407563
382609602
379232258
823111211
521899367
172476075
691931812
299954371
835750308
852670776
939559681
872883335
426581873
717977846
344584536
631234326
561649966
379680767
430814082
678669393
540475226
775223410
489865467
249229761
558192791
542750654
630102042
812868573
211743642
247800115
827134018
981262728
398143755
800877728
419590004
807012246
493231785
265055753
287024947
569055941
686637992
765166121
621317573
510520422
714906596
624926916
147390326
762843980
768898675
685156640
394467683
590760966
989499594
664425487
999894019
609824800
907572161
509905613
807906066
685753853
421491660
684371869
407740515
877882130
886746243
671827076
550185238
352883332
399596194
759746531
510750163
675655088
868111000
223860400
478440863
327259368
515065655
532138328
475118195
120740046
298987418
240622303
411416404
337983538
673290246
606700338
414614059
631881267
189253176
929053765
910470926
303703301
116736336
937457276
796761566
107289720
202536024
756040941
236379849
234873044
133489472
585506103
615511250
497712939
650589560
477767308
365699309
527192341
479635439
232431886
550682636
130201625
328027780
378625420
952010714
744972960
847005101
495411304
275186905
337424219
563301934
163444870
531199941
253710033
861523497
277975874
574097370
265140420
597609788
825340859
155975611
339869373
193025661
734763010
471486821
377213212
592110250
326111384
795270133
991852028
186074592
614750042
445368162
878319177
358768039
205230463
576286269
384314274
355276214
848721755
447285665
362461166
739726421
451123397
947440507
451050608
299111933
262729438
909094779
859394922
415179718
737361395
499966557
226029700
632659835
892420881
447759610
999731021
934159573
866265380
707934773
291225004
157734965
924751451
198037811
233631822
205221809
490057555
625318630
752919865
922807250
558632529
759209098
765482231
685207678
838794545
751909947
979515151
266615348
615625513
701034886
956956085
598103216
449057949
927447231
766908249
377786936
815049479
277156161
648407299
569690313
994414021
873764891
964021752
530254455
438872780
228618939
995882382
454000581
988628614
560388061
792504194
970795542
905236654
228113936
253008546
744139758
845157906
357900776
405370435
290076911
189423558
790237202
719044960
819462599
376156429
300124694
236603553
154595975
175613927
568179375
982868997
515911920
762109263
672729283
215253991
224879872
446453229
690953047
338856146
615000532
201010842
854478141
833919458
218050071
629796486
663549993
574737734
162821341
289085148
446509916
542677657
791340413
958753985
303253626
605394334
828014661
262692054
823420780
478640907
720040293
326219678
415207182
277871825
537033912
800354596
519199098
206784117
408732412
192426246
709157866
596584931
312889147
262058239
161387555
446774523
165525669
438986933
258266965
333175021
770097142
942755617
695106777
777164778
813309472
877980570
972807014
379970756
356982924
720718102
801719050
865550666
285290414
294750614
533123553
544060841
684426077
375636695
966994119
884066832
288476280
495609410
561627722
195987519
794913068
778632920
297653945
169066782
994387824
132929756
284463724
331506065
587139169
956410479
331455163
636231044
930278098
959726480
865274273
950421316
870438421
304237344
203827420
749093958
528378644
487281138
394225234
441293738
485979705
295174023
613938264
794886750
610027802
211401159
733597879
914643615
361523378
743392310
257769514
791665577
161251268
316115729
763323693
802122967
237815745
575478632
557268186
587392638
935184497
712338907
435892250
790740314
127400721
255938075
814614575
575305997
529531826
121453764
549716490
441886228
438845000
785357520
698336011
169573462
897430581
418883466
945381105
348684741
563922979
323254757
582326166
395198717
610986312
934100734
878577166
683041002
906012460
903326199
675842977
816249585
533926867
105125377
780451603
567392027
162921627
451959824
808882290
855886561
281613553
906609670
248898368
366407469
778988975
682337226
542991594
596244482
752020987
317488196
963531966
571085993
198494358
865387769
646069972
933795236
430482691
782935727
143996966
905211442
164323662
857794606
553765172
863280401
803294775
940408070
829861358
683086169
455729393
869175972
734062700
970273587
832085089
710214585
824110227
303731993
482654591
676846836
840453660
319102145
310456597
152807436
470885761
830844971
267148851
621690130
401539221
887461338
191046124
349974230
358244955
797887672
906155006
947250379
878848867
317239499
715542380
618122129
195153150
456895495
570265574
888431389
992418464
406323427
434354535
915520640
904209207
651523069
915936156
966065155
265344437
849906581
379035174
340452780
791491204
424024618
221700728
358919557
443688033
170213078
868159575
796884160
355359909
689569047
760653960
882047608
141525976
894813339
298717945
148559581
543611397
750754240
683797168
837255676
514493673
116923081
336946505
586699282
597716499
241921063
633329321
762696366
260650127
337686469
155266200
294533176
141793119
960719684
217088211
152831193
884949941
674790468
224957903
820172438
877747764
911727751
905047270
959193160
260962424
641437962
752705953
231444800
146582717
806853278
863361696
987145145
249821831
144292098
208791698
697750734
675527352
136253218
494310599
985478252
338430898
807788932
358113217
248508249
131613726
397388487
780167922
615512081
301543436
826197837
673152887
150796819
783111743
808515049
302821976
585422520
509778196
471065970
727335846
814862785
327096132
345542788
115788031
457217777
799827246
912369228
291586691
185935541
831222944
362342062
184493710
621395663
495610769
902279463
572973568
921624673
201987558
201482256
768491719
701067297
859538636
888223645
763371764
874066626
556546756
661237413
815205531
615515262
500634227
187876727
655602724
764928027
883062192
472901439
244452143
332967290
349396605
389983926
704104235
908347925
345544153
363927505
559208977
123402995
758764939
757639075
562642402
850897130
498723858
665479061
882493347
510035147
322673380
382640305
317559353
545816334
906106840
314641367
453878221
400434504
569667165
836406881
920107137
352952099
851471857
224804299
201379787
223928215
588465970
318707782
933750311
561730703
377251117
812221166
582774181
632920257
662614967
605576680
397708948
315440905
845641967
588916046
241361439
882763384
583851457
565810590
771937637
505776924
773379957
662385410
482449125
373466721
321187833
707178513
203723180
674978569
471896698
585001931
842046307
131998124
860678838
413929083
593548052
674042875
237857657
397654738
732367846
564342682
297428364
411487922
294516551
500929121
361170165
249386811
248628889
836162385
993063944
318697365
307409021
368148782
192151258
526035828
931923575
386996212
864925677
746915011
953746246
101540506
138954688
472795029
896163842
901982664
937985892
152378820
404295219
571801111
263325873
430254455
689714018
667682898
927631362
199879928
609084216
791176669
991917427
662162038
639809694
856498598
679787613
645418265
605000585
510064279
281444304
194480947
148325180
383037011
891619732
395630494
668878926
501393634
542164284
696444042
422726731
413304901
431476480
909243546
499778969
744153369
486824477
520922460
837691657
427952904
753721617
167678660
831310976
497815864
855585111
170120259
540590027
494573774
885034634
988817589
189965286
110892889
939786566
439545647
267918196
253267804
760896377
111951728
922268354
851775120
822432790
706381085
955179720
840187227
823145210
267505749
939046493
295591735
542728928
758459311
999647761
711721960
453118105
391364283
691653573
818828253
692973208
579443447
434699123
103652809
268222409
583416248
158728058
778989543
114029755
359503392
209058444
122188115
219076286
628177070
889219812
250343837
139687127
126222373
511752229
936581776
468841920
434184580
905366558
128590983
155363398
265095183
347973678
325324631
616276702
987489382
602911260
509572906
463476733
244617631
568843887
425260610
375030516
105960167
478999591
698967829
522206267
405416714
172582534
708841018
615934083
722172572
422768225
704608963
961483862
990989180
394315384
333703544
884501706
561819209
773059026
237174278
841950221
861692645
402769651
538767053
948851363
776887240
917594685
125763490
372001535
566219808
910153790
498490673
895219165
748995926
218508445
147643890
852654410
250942330
239213600
662629755
383287975
539659461
788750580
824946545
596413672
897996166
775506915
870725339
259467413
527792883
323847794
329666492
360052225
445019224
440084783
804315986
938757266
614814760
623591114
627900393
605850632
302612658
172872711
292942247
308137485
937303264
356137670
290440777
508715829
685169384
781234698
402161749
216134118
106103970
663972632
823693425
200685952
289440132
777832174
238493934
790690519
585177410
159105952
887975845
971426654
191948205
374351066
188675963
155367049
438299279
726586607
974992466
525725182
190802635
923806191
844716289
809648049
788954454
349212326
301713456
821061587
449633395
690981587
743731493
586050040
293394764
176977823
303707668
911258071
126676996
870362492
481685722
392494732
822160212
154487307
900555640
562689697
476363006
513157963
718147156
517128312
691145086
113861685
489204815
975689899
312271162
824211288
194440635
827686868
677050406
362990069
213673770
998315198
327322213
772863374
509766725
226880876
593184807
614948356
283609903
244721524
432916679
353850434
495156986
781475135
943048855
274869041
113221311
715885741
901471904
882071634
552334735
481365653
422543060
328166791
763790864
765897882
515643121
254562347
287160923
823311355
507420117
664369687
877787821
355286717
892841511
677039224
667893196
983633641
984691383
297336128
197660438
528289539
300302949
299264345
747990797
800716623
671086701
806822072
190875813
338157681
670815948
998966270
820271533
666145625
620072615
630889180
495274360
856892463
525055470
340711842
429359745
657883730
880498990
373047931
532967139
580319159
776191298
189047396
193863502
103871187
508036267
492259265
268527249
899949584
878658919
113971992
579290274
809387395
801890859
164585534
628001448
795231165
294571870
360845983
338865397
848179960
416914031
735350765
863284122
243656701
814201673
750969669
455842937
314826841
387453575
375429671
429831211
802071663
670352585
461284607
472105705
647533128
810833487
509445221
118609187
727911510
473550953
755005828
533540196
640306341
780222522
390956188
238472810
272631385
198738748
739600699
196639157
991325194
932390187
458097887
696821030
230116524
186248223
244906822
225009320
782011569
572806043
531214876
598066253
767223122
865829638
887392941
623378720
531183322
725152770
977607466
644449415
221515382
423866329
704892359
272530561
432224530
969720371
145618996
111971491
732225867
968654313
152265469
345236207
758411123
885093303
252024916
523320679
847409109
636253456
983458609
795543017
995688333
878769033
284075337
304236788
298354644
980566006
321801790
304862255
691496713
306042088
995898615
771043495
692294624
204937366
997259450
899583967
232344586
935872874
478558315
131859292
311448878
174210546
452867404
849799765
550260247
200264011
654357417
584393896
728398379
275038704
722775340
355615305
735239215
612758550
808598713
146890861
377241526
227317974
651005397
431171873
354002456
628404577
246935594
130090427
248044613
633872469
203807288
969317961
489046166
719097567
183631778
359711635
292414589
593514471
346216363
975744477
746676214
940230252
873790999
906979565
889995851
111991198
236983882
716499793
648929319
440936065
998135677
493149653
181601932
203933144
431858216
135602165
164347738
439383196
137555577
987199175
750980907
544599845
735910690
637487344
525607269
713755979
502912574
518502529
513480537
874302204
155141737
183478554
507824542
461493643
342854309
577302926
682471471
217092381
579419665
508736806
363249129
879768316
287745310
295624565
399361333
926947684
756188948
459194026
697660095
304521573
271860726
222410584
920467387
210890206
236538159
899615283
542524456
927757897
891922072
247775076
782187276
847964849
362625438
158011606
514078101
945924022
527099651
751632153
128023866
736104141
974491387
816340541
541756657
114628248
171824005
561528670
316431103
138731386
393521332
709699150
647495767
464274782
461096930
846527146
984531500
512921998
317191475
646860126
141282623
932697975
229270154
176322977
554956413
467927723
270315626
476501976
485011279
472829157
970430194
355151296
188048118
222392994
328998898
652169857
895122758
307061913
705938796
501253157
693374469
263423068
948486602
978625250
182803450
605339265
638462261
448606297
168385800
119677268
681086362
450544131
180986702
568497262
210085999
602847791
548685247
371876480
309143377
369521591
397576802
578268841
776099107
466301636
376550992
236356267
807356740
893009979
108965473
741473783
832781579
167564237
234290527
945115315
582645692
522430759
916683594
453541336
409990484
470429388
892895514
327857894
635379716
232331909
642077971
899590558
623535106
229197324
606536270
440188338
338125873
199659350
281247175
721015942
701558594
489840581
723077746
308254297
949477601
234089806
915947940
229028179
696233764
829101485
154934858
360601347
250993071
300149960
924950448
289760510
293206382
518095231
654723578
752257505
651765709
288395298
577516946
126605221
275012047
913508991
337242908
305877760
477038208
706764173
432471927
348832437
316193479
146758817
164228302
677646738
629317264
644717391
489380422
143539399
368216354
397352376
192106175
328810454
374172314
278888341
289348095
843767201
990686043
385871489
392721030
483225275
200312477
509217173
719165470
465535713
663218074
784197446
143190651
777484910
652255829
460015459
858794143
774988925
586968753
275807832
239526120
315795951
768180920
704546042
791946544
682517570
332435254
908814814
387493722
921380647
396600301
952466616
152041701
827688297
582909251
762530810
915860242
239628191
401436358
423363695
921468432
567356892
300043308
960738520
713477195
389654632
450104710
291550404
817098975
230889289
970626338
264581408
166241009
640114816
323255485
780887577
119860514
238436914
370112084
763285727
214516070
446581382
301687997
157032101
432770663
360458153
308559354
536200410
332320391
645378523
635138320
387987901
814300552
718050212
984566819
127775259
615900124
330765621
730769709
356392606
891519601
495096461
662902234
307330170
146452176
684271521
115375553
940982129
854890894
935073957
234416612
752510475
305391239
953407910
358696382
501902988
936449861
511316654
590092782
687594014
516549288
684132167
696569997
997144978
922803859
935916934
435131744
449877287
541312681
179371579
294374424
238627617
423551857
615170359
247633495
955611561
258679982
751765080
496395515
111213138
716649237
275390265
223511917
436154980
422010054
590861819
705041022
995052916
281645617
430607697
531747270
471805448
904581016
481002236
941560082
574783933
119587792
581919422
593380432
873144672
103626655
479499618
612291423
401122005
882247163
458115360
424899303
220131509
241501232
628615901
339040649
647350739
494167037
109131788
937376898
132715852
837444301
873094390
357453941
619338945
312970726
508226412
741556832
735172415
878184180
993404569
733229248
382370566
861577646
305647274
495131248
569956229
419439447
899106532
130733020
821648114
435878184
448936322
540594280
815419355
622291781
194137867
980767563
920416380
184933503
613002186
759101763
983044607
895871644
796939976
357293245
111871542
507273859
477285747
271572077
234455177
299979647
913742172
989280069
594315656
852520093
488290500
247376890
180747936
513567294
529817956
834135737
359653005
250455684
320157311
456075572
781086262
627324064
941845067
182491829
342025673
762896627
757276400
580188542
514418478
246953571
652282805
606671636
382344324
352134776
798065290
220843563
281295729
558779232
349434984
408574480
733847850
544295598
794227001
165015402
229101527
536945767
395802156
425122097
100510405
550759970
829648516
264238914
809631123
760241322
991573024
321880625
695435916
488853286
541947279
997559987
911552310
329805468
298282113
428219859
900435300
113429262
712723904
154591623
564013202
376526108
676813960
487820091
340477910
478692663
266453668
232533538
875182962
253784619
202025034
665459860
109890811
767242263
894866258
335082856
600708227
873608578
242419550
199243128
639335291
519804490
235128504
593392152
180670122
989710308
435078320
955435128
538236245
546874542
405738315
443828013
322928134
553097227
741921893
969222498
376379028
360464379
257492386
934520371
946219710
551815597
324802776
296248740
269316553
216227975
607037805
544967241
379459802
388197543
856924672
465738967
146637907
211641675
878974628
511820201
290182578
611286113
122009784
136390164
499199968
226309847
925224926
688850428
756851685
681195217
798822242
272476546
474977938
783823047
310496084
546726279
548193014
837410792
957541916
791185575
647828790
470654307
465679063
101938183
862999405
713071248
278911009
589286874
456499277
883512642
858223372
922696314
185158615
716388373
734030237
580947193
105622427
694453458
913887023
312804998
996965562
912046012
691446150
437310972
611852518
586417764
979959086
883156852
695962397
309971662
396990124
994910983
664687037
779808403
951605469
281433771
795492793
351592159
904782404
646403065
879984199
479920842
442527266
914192670
219210359
471075713
525577806
617272102
998101011
758185336
509679619
628802875
278129714
824204756
149457353
536662039
449114457
322757785
733019435
573956362
696060648
272037397
476454908
164052809
845163060
100252196
568522546
798486986
807724224
688755129
177152908
549275170
272126444
458968959
385645607
350263716
563581101
432318320
393660123
234056987
998857158
993207430
650469542
353806026
673667036
390541855
472771196
318392076
784673558
330603419
668160531
749760850
658718056
125689145
795754048
370383016
425156360
657798482
646005632
551750849
871930735
832678016
885891444
824028885
472226441
765810842
776854151
264680416
946295575
101856377
757553099
576680403
627818087
676884946
270223521
486967387
684522434
546831628
318966539
564711446
411709390
110758803
821753744
241245591
587044475
643269354
512700107
185921496
381073051
391814918
319305419
634273948
464475375
246947271
141302694
387006257
791672818
856635671
188070800
278534895
158247830
540479899
678348014
766920178
354765965
971305346
648578754
401581655
171283546
990299303
884588724
936689792
172603167
145144940
890003853
564653325
425101652
703428751
735151285
544044783
896086529
191967259
627497372
388617240
732759081
859158463
898206208
260471651
247637281
165893079
469772300
550110993
372932441
806777977
123549697
448285149
394900486
173943590
842037187
709996777
375210761
550776893
275701775
320817691
659734613
336429374
946362778
804750178
602986889
684859404
107839918
266551288
832037455
655067809
189942342
421726826
707530048
461152784
257838657
162952804
689786135
890713548
368403401
669819190
557340798
935138978
316715631
334907209
251887729
408384478
765670084
116600882
455988657
601514682
241033006
934070683
657470408
648530007
474964064
441406017
806424936
104153681
887171016
742228013
433931751
550985408
283495002
407786395
108442099
350042283
355333522
500865454
166676895
955735231
603773821
870247421
339911711
865453724
184585361
228012079
359809971
850592816
182899131
583497348
490622018
175618099
504430658
573958566
696371212
848261957
314150950
776384509
853299757
272416739
509016510
295516408
448087614
190471390
532441335
684451256
269432387
770368366
275577674
503511380
349144457
254540461
197824165
671907963
395324744
472358595
222982017
347571035
809010145
944676908
960530179
873396373
652100973
642275263
503306888
482363641
139192511
430922282
508036827
993310088
312773289
947450425
543286674
388167639
538849582
987441517
948962060
556203620
500441574
713932814
550026788
709741387
220616813
578494534
388366367
868916666
323839600
577778771
518798000
260853015
548698478
766756441
425598119
185094364
479334198
626978057
864049741
805424748
106774825
751011432
862880195
674128270
697834415
376458798
229953293
552023810
298083632
378904711
723890350
799178841
746649795
529235227
544831858
948647239
471708453
712236016
217374008
254494731
959517311
413792104
187496419
648118727
938180122
893119495
399961714
361502502
627788430
912349473
482128438
353138242
882326233
669650910
165496285
774480712
584614088
763670409
186854378
326647025
661224460
954077969
443923741
299425299
389079110
203824594
498296362
212550348
982597428
714418126
402182070
542764426
851852633
195175323
332104543
773084689
519217737
646005414
598459536
242965025
130349833
786603863
599284662
557562940
277372526
875145778
859533893
762043394
758046747
924744782
780180873
312368862
984617748
781572498
105386489
151301413
184050074
364577121
995623198
767196256
919595733
268418670
928936500
587762509
424764397
675410500
180969022
707636539
292012179
298671724
380214869
667705182
732289900
290692165
700237920
854224525
505590977
337274901
987150186
868884282
436680874
633021431
766548993
649167107
348522570
751810748
694888927
883899086
735137194
364472923
493522342
606615048
586189715
775068454
206286923
991345532
799827222
963668129
942453083
767082122
135908823
147840144
596428052
367470831
354126145
954935046
692167835
968550116
597458925
978318866
269936776
443169924
678423053
962102197
676270965
517413752
716264434
532608775
768204611
904114247
206061641
583319880
336684048
600834700
626598673
460357175
681546945
713000080
628258086
462356389
579463445
862456972
315932822
787572871
586268451
420424693
484670858
902232665
668343702
963374199
953119995
653623089
685777042
505536738
603235556
948031335
989554741
801075912
329928738
175203052
108285157
709962498
917180602
174024308
647486610
621764457
273612678
413182130
240096936
993988565
519798272
721677914
401739515
419445062
768301907
859082900
483580038
720061845
930664898
591608029
289395106
355491958
860144961
376628282
995534791
118856281
251099516
597093343
518659924
997406742
471735008
872357422
506717893
309278654
948076415
930287031
872213179
355391337
550903651
212169483
312536884
830726002
173133646
549985550
494336620
818770902
236072059
797292385
270728753
787935120
686185783
532422564
402754946
333531167
183561490
634820726
676530474
116068592
846072672
696397877
179958617
208129374
258977531
684931883
741453119
159910746
245996381
901930052
559367565
232644103
496340055
457843441
574057620
114821609
287838454
897950747
656754645
904649177
644706941
293256482
939788218
955361819
349498395
940988699
717962626
987164175
509506367
667697074
367911724
992615100
950949665
267194597
474714080
397144172
582005168
734359519
412141169
391291572
205669614
675900905
166122642
557070693
656773602
849156788
586068952
819265803
543671323
743268405
765307405
963354406
707548862
714511520
490455093
846875581
891771154
613436421
190493102
788969791
633618292
327468543
926712557
964950916
586253402
215706364
184874551
861498312
930741235
140639635
643399703
974501442
712612894
135191661
877477657
526742435
666245297
698006981
368807566
982430598
236175857
454231304
550393067
849981429
198960521
712554436
310499158
291211640
497977856
105691020
776205091
N: 53245665
