P: 296170148
468002053
256955269
410862919
731221933
135507671
795409552
978217331
987101854
405361861
862488286
554180541
718245838
632552453
988189128
143767903
752442781
629467499
306446537
253300298
454300027
502524566
592377241
685884709
350019576
784873239
966428234
702764175
500890008
205409322
144666466
108441063
376354494
402217308
544550882
100272638
453099283
491679295
908651922
117806472
624106652
572591329
283994845
240099767
154558498
766764024
617153728
209535959
537771910
149716602
850253244
851157326
305627459
624432012
863935826
199384538
309630470
832106671
554686744
865755087
149188035
564991578
203269500
565521989
824320715
791404696
178268103
982838546
641436428
907860270
953934159
519666866
581712163
536586719
506634701
852877678
562728433
230977102
619554440
465550537
391919197
596056942
914945739
601257666
303709649
681942139
885623742
209530838
281856837
547322425
212680234
367183414
440130631
725551092
682020486
485180060
438876449
534984033
957267916
994433385
552537509
658239650
841238313
595807246
647754797
797122841
768399815
411192926
751110000
137683580
302885435
621788176
439500354
969487738
957612476
841717067
574687104
874620088
274037975
561061838
492129924
372320302
704073560
868611878
522055558
759810166
327955547
489471387
407742406
426375502
428724395
337993795
903714308
181061718
268624440
757122766
481201615
853928163
343772955
662067035
139939454
963243148
499406905
884538972
826779018
513681266
674669377
228857355
785285681
533681085
882205220
381527937
486281202
916137456
724609760
881239814
112372485
437048974
128632945
676018848
282253596
631953364
104433363
414296638
443415132
332249366
972916170
842875494
716038809
678716890
154068757
744719581
568632424
707996606
190725827
564098195
698451418
240077438
429880596
939530705
950012008
622768855
200161222
642303018
202302326
254884018
178622703
996282642
517016229
980318395
736841867
737919118
737600804
134939241
118400838
175590616
719123805
851178315
603408072
818237411
383722350
439995193
960316347
555150773
717768233
185175053
838857098
765258057
885159171
399856805
427496589
115949126
409770330
120627485
517950844
976903291
824803290
556683059
559122798
292839942
149778847
421063149
160095204
687569248
114840651
311384186
490363429
894561253
488067631
846696109
703764350
187226055
899394250
113999143
506200558
700435988
330063641
375592160
557524338
745544764
366987843
257180914
190220191
762466370
520263604
164247939
423711075
719033752
307905783
577044356
723619977
659042056
129084153
587291571
467176379
346212812
965434487
159546475
912180446
704209610
105873946
963944254
500234113
299928143
541284548
981552717
269108425
686917937
510648874
366058275
987720176
885076371
528452477
431034781
301678217
747952916
417795145
280691364
488780906
706457623
670709941
670179027
537092021
267443902
660917081
137677944
319318055
709958255
374130677
576757156
567575552
895314894
977349514
750033558
263094206
780784012
525246468
209889393
139970638
611334522
448231849
376930921
810599635
628566022
651298135
919483720
396727949
538297262
685673856
334211296
829496967
256345925
659207655
280968436
286119362
178553803
347454619
385895014
990589507
471298391
317087827
325084572
931943007
605458943
145806916
604921740
994007762
950599454
906135631
800390983
324551282
728218236
799532697
336673987
232013468
481556176
784705266
826522472
893950048
384116345
169725332
958964656
638190038
512050639
864433486
839789420
767643032
335800757
251328048
662748035
824305175
784059808
354194900
170911302
936746026
147475192
371170039
740082776
458497025
645512762
815814924
193973418
175647104
253479642
385504404
862730880
572622680
573626597
699517803
461480682
730798740
104229929
972604171
386886481
734756074
784105993
622297758
314260053
931202696
103431809
633714363
881698686
784952071
835645348
330491656
666860124
909918445
477729994
317443506
495452076
480769569
980927861
443985191
420752251
782401920
600882986
852047997
613831458
490852604
788469276
220216766
134042628
974877342
844090421
325967778
677766564
830772707
485059873
964184305
473173457
494332281
787867380
613372759
578151069
592635498
420412908
704116939
761200876
439781207
297734430
452163670
713653864
817356852
271346989
563886200
671428073
861547073
271927968
624598867
999836454
575817503
820226636
129669745
584240008
873501658
302759179
768890134
559303879
313508014
585332753
781959358
349939019
478406634
278713449
462121255
920836618
380068456
873170827
717168555
952396061
818942071
564109001
255795462
323570578
766141462
860750270
166767289
597928780
465048267
878909326
975410128
151629284
727184098
272274618
923414835
354972116
662304546
497362097
870379545
109125396
298487247
452573665
544786187
675605614
152207130
702812458
166669310
584061228
536352525
599465705
555392430
332177540
620695758
602707983
847219159
880170229
200771245
689078666
529847545
160546565
427083182
600431664
756647962
146546991
265491349
557278706
156507349
428779473
123200023
443023428
344605190
527546549
285556997
272128077
292455077
279512537
367218035
961715987
878299979
413126339
778873441
781380184
590907728
409685210
472364337
284418305
735402749
686782000
477002447
612386586
255115757
723563584
967809505
565582399
798069569
191435319
922878442
600074173
465954025
616686210
134927946
649007142
395729172
385289561
451267758
631089643
883772205
394754049
437300359
168996133
295141713
920383295
109892510
206077886
587994454
565876643
495617138
191627871
474988651
421582448
842910619
185216711
327324754
370913735
947532242
305583379
486794501
108793718
365659599
885362204
101061185
952839597
740531323
744067263
970140331
496470776
463025290
944866813
115103576
946403459
467861530
158921138
998411729
889447162
802145263
422588844
289877762
183828004
562428024
909474606
914751537
287650364
744053214
591346077
398412363
612859262
989212182
920594985
673163123
949982146
453901037
346264581
298593662
297100727
677471945
968027867
884022260
140440538
117954109
875404463
160992867
666266013
860349500
148267916
428838484
349544916
523642718
468990398
731283236
941467590
448892661
124406136
631403008
675755280
513556406
899717175
338080002
378097330
778361025
407943023
407308633
932942429
664243634
208558031
941627281
768023559
316323501
616632940
776074576
708433170
369985628
660367046
460023414
974369930
538460746
934810484
236397871
727594074
738638770
899539958
146781826
286755745
484810723
538324784
854317098
138396541
865460951
497068489
777094607
663225413
215192624
979298486
740494434
677991522
403874952
998419938
564538938
213331473
240900219
549181158
350745577
236725472
577821603
653002460
762270302
162339826
372681055
491612871
386536512
675095364
667627273
257947743
102093246
502561021
799035417
269560833
476282582
999609757
962076477
401090295
489478835
307115977
479948674
241628717
647647075
209327272
983869824
149335281
850465516
904333370
831250318
995459135
786783920
418077090
839502404
327959953
385716556
171143715
347344220
664263198
545530369
372525341
620669976
731697041
804727515
966825559
261598955
721672607
753309690
810330686
961634703
514465025
995038734
777221502
410755336
225862571
271106362
606222427
634542534
375395594
222377724
927962775
578535920
694713463
102998158
723896245
486309646
610504434
573635054
669091368
354825123
230670166
846497292
664214423
334586670
246826617
107135249
620187027
503774609
178234713
633381841
589769129
322263907
788766282
613511088
178313987
686164157
575328221
571945222
604256616
944259896
210878108
995812526
115392731
666740729
132250844
753075834
840540262
853236191
270286666
388014356
992547064
262856496
142660912
924503423
903130596
214646310
418996553
383255457
400806941
777935591
665866750
408461657
916837500
422660452
832663486
775680492
519864918
399362713
445634749
666840561
921816962
115799461
905496845
385671404
694665929
315120175
587819443
234393991
130291541
553158162
218638874
514314829
404095899
674255968
453200659
782576546
565460003
955824771
470977260
112710826
517383776
619728411
646220028
540437347
145469345
283495710
346835584
191357074
684519587
121241689
762787910
710475210
856169647
127960414
429300077
917918195
889222329
454004238
989673414
256763146
293335269
676249312
533624218
367516787
924030308
697708124
395448405
286340060
726906658
923804470
285930824
219595077
275466651
835186937
914669733
461289455
373539542
233593727
352877111
873470340
342039050
887147458
511718656
575828932
914231071
304805642
587592100
516725242
765526937
317913643
258780030
596923671
826311396
978338164
111300588
939473481
285355830
787045501
780907154
594515937
610735996
246144463
525823931
970699074
451551050
273537460
270319651
284062583
108426344
971176729
835333854
681709029
707249534
163689669
527150483
904374702
159987697
545930268
513076529
897901008
216643304
700581433
942227670
481134818
162005458
723353710
862548633
958593923
156568999
938737190
729251233
415781952
122675466
452388308
916547163
493466291
425261040
780915266
274917135
826386052
283983970
491442006
504437452
827563312
359328099
827869390
173049184
488049915
542757270
954633656
724665278
794717928
855667717
131970282
111192039
217388241
304436601
610091011
632074087
286580232
578277836
775383488
868548438
152719859
940622477
750480328
531865219
556628516
901554377
260822270
619080529
636289731
596088028
846373010
577836044
304678782
620055158
943829687
164978707
290184584
912818391
912158666
126482667
735728906
634235482
243426528
668937231
978152571
881226588
133607402
303629099
907997592
769410785
206205251
156627051
664437583
300958071
658529287
864425562
927712015
770480998
310842534
654225491
332545609
264290711
297010419
122476618
996043166
409921573
434202228
454506410
993557619
640025284
387504092
979201952
539235324
231177383
710193188
234644540
694456200
200076818
681007460
911675842
576777681
713727686
455209426
541984973
721406258
249364641
852254399
702190001
874119247
662398618
628816222
876118610
570612974
376116240
562796150
100762343
653816956
377871576
827267034
847421773
971995986
872481170
535544074
247715156
731998983
713684259
412475441
318064458
236024257
579245642
511973133
592148484
925045431
706494315
714915729
937762140
527990810
379069150
778574754
525161667
724606387
968684244
299114053
731611934
281731939
563512241
383349786
843410722
958667181
140814826
866414253
385210293
205303455
339518857
307238268
109569691
871750877
119660914
573527151
945498655
283364450
683416014
545629187
750625948
763223620
638696224
976975601
998111941
893842948
222502243
203565341
826782456
869610790
966812187
569585796
715802544
613192915
738904654
644396021
352006371
827923344
996468689
398867227
397563131
656167565
131606027
618257895
152233227
705234532
245619900
744319106
197530787
581229303
109136284
757576728
953356594
463244524
307621929
826848841
677345716
788382204
854774646
458230938
573151299
318023664
445927235
640858330
843658208
848673810
434818806
528434588
813206969
824791325
382573310
617035649
908713958
215830700
306190671
217637416
443052930
795465860
451772385
494869045
162750839
203988358
365607024
215186450
472462677
465080126
629238535
243270444
994979242
590537358
480895524
331344288
377377152
525334512
155945792
557154466
444410987
758770612
149009053
544473074
665713509
406778377
714628781
177945706
523106513
907946285
563092105
545370395
628734547
232081746
181523662
955676972
180629515
192514983
119483077
330802161
945618436
289312307
484642861
336389815
453370783
575230795
805870150
732746872
559498396
239685416
920947449
148996861
151276739
814290978
703204959
291408118
970447003
825102473
794160187
768265006
460695805
113539687
328638735
401120613
476045131
318693019
417150630
296269632
423561439
574626690
746241039
697571175
434800168
972755779
318766244
662671533
920738065
369742388
159494876
460760482
972493650
473870808
254232454
427793856
966275407
599517892
966988652
938026954
168232476
637461016
605122995
603757150
368661081
794060489
266230159
404356351
447693834
691986956
916823763
612713858
113118920
177853097
282846408
422267543
410577161
353595932
952367570
788929763
632121409
928932446
673210531
815951647
679245605
407935190
912774396
357467229
805676808
152345109
704298318
775220014
146985922
928552494
613687760
160270573
873047588
327627331
273675012
349439005
825210937
511651906
122455812
570132872
115277075
909314855
262686261
813406254
587683330
419333289
977471137
572954054
895276880
911632409
449959277
217884092
614646937
292093838
716802246
116358113
328256470
889358361
375872477
985249319
635198330
608236855
760122653
504659068
369694914
792519157
855001967
716989822
712454183
326219391
770089648
418647957
713373343
507360021
497538124
300587068
148273537
272292130
936975755
879019364
450235700
324168735
228955412
512885638
231963747
957373694
531343970
816267768
816655944
391063807
962928312
152364586
993838278
794308036
644604717
354184807
665749179
211882412
323520721
445061319
902541553
610695080
159605144
150793655
935802254
559700763
217556257
112947257
182990180
766562569
740280170
340475668
180667321
817128602
653696167
296335998
897523236
707381855
998729279
538728962
161865683
838498228
956759035
523444364
485203423
131085415
596988481
486803348
780170115
118747021
669290235
196831793
585211612
638019796
969427952
114678683
427579824
194900406
629404986
314060334
750204017
918382618
682227986
159529551
322601571
475481099
389631754
895860954
254605083
860187297
731515728
964331730
780138130
573205266
625583379
710108691
484814728
635613557
124957169
270111428
872145410
495844487
265456918
692320443
831033547
314552299
407744369
819846451
159158511
892304577
732556873
463449341
249551075
812754702
733664677
472870813
310193478
942007949
935339346
438333607
581603388
843538680
400773342
313913369
305793647
636273699
251800880
523943572
692401881
303563512
776003751
589301981
793271388
610248183
399053807
238960240
294054049
922667877
627876068
438269281
482388918
514100666
959875061
196372405
785031781
735791598
916361906
661237366
404667463
534196957
485018668
762277371
497670916
126229699
421041605
414797880
134431126
708942779
174277871
834715988
397976641
125590611
857483497
278459825
380730974
106215860
859083525
645092907
838913327
673772160
485381903
484899112
871286665
962301131
486628575
782760768
480144543
660674490
634829225
465792637
441821219
625824190
919684061
496974864
462474202
370007089
617794252
422679098
527676231
174667372
467697698
634870999
762676043
714918237
490130185
743889399
667366119
189456392
308415299
869223172
695309729
334596747
429965676
919238089
997842973
494062444
826137511
940482353
658046733
747862911
132657964
617553637
646572110
114259548
823032997
493109388
804773710
533042296
267472572
181432432
410915540
794087533
537395626
927368077
867777580
774644454
171414793
947249650
718875957
500593530
215325427
488700566
391409250
818533758
196516027
852453194
740190912
248087511
518812277
381046664
199362315
278962209
994867184
479650629
429774342
733408193
517316703
797836759
297559107
584087596
302000552
635266020
204180765
495953023
198794669
188203861
676288746
238172797
568230238
702629181
497861828
911216129
763180120
980155038
599876327
332940228
228668580
698899818
543711697
240839243
542062246
970967866
269404985
491740965
711556924
850555400
502909877
121092023
496010003
497143046
887029092
442217293
119225877
929780443
243499285
440774966
385842373
254183137
607288957
667728914
942625232
353972479
666303555
997952901
814940190
703838870
784774645
482954987
360644465
436954180
309790992
654776125
945172207
559165239
239624465
887242789
503518104
346905767
715011476
585891271
474788997
214519520
115641476
899665366
597317947
597938915
678548851
452364813
125279213
690141004
285788558
365743380
810688265
392301374
701722033
923495911
549168181
887233922
781795319
188432575
384617450
336387417
869796488
798405838
925297838
916938411
357159569
648702327
409168037
945673121
985120717
610556470
541718352
141098809
974312645
673551147
513102830
519599871
657397396
399978042
659236250
606797292
154534745
101364570
940827572
357936183
569529556
219831743
230851074
384354875
740701370
955489054
978741491
631464910
631149371
914968329
634162875
750855814
620706464
328608226
886124426
435986729
993258156
968589110
383209381
250515114
249644031
855603668
964553220
296853540
613986757
685163578
186584342
758989122
412915920
178981787
235936625
840062911
630241982
469478671
587191893
703736509
543682905
513151513
183427917
744423788
858135464
327071243
906164286
827382919
452658142
681485646
290360491
958638077
941480140
895035586
594484000
968222280
195130367
907357272
691522779
588856633
850522127
239931399
673506868
326996076
818811979
681629738
464465512
366331196
187897193
120550745
589802425
549286355
662358425
916986914
342003535
426997536
428215517
332351906
580588449
922817101
527757363
860385625
692870238
599582978
608082316
186311377
456452037
879127034
225220782
140251620
201082735
381071294
871647524
460225168
739586531
872635022
432226854
873082574
494549250
575298516
220494810
490568189
940162892
755941781
358097428
217501482
928937025
966180491
321573339
172510643
782197590
868820908
132840180
764098041
542863471
983034967
735194441
855263760
335846598
352801935
420057408
556064940
373327880
844085547
957850513
573202533
996509068
295189650
943161110
153331232
333901484
664182377
594224286
600962780
983895865
973975970
900614923
966445248
630448662
270688216
373223919
974510228
248737543
905877275
874824804
680916982
702807692
701403400
211650622
276954111
716008267
791148143
996911451
168896087
799183350
707723015
937825377
506967569
209277250
689969392
804010853
907923693
438426395
567536921
570928787
429758888
851135097
998634965
791396236
197810703
103040600
898939843
241101549
911598376
651305244
106269082
903140978
137382805
314136866
305123694
616886733
701315729
422590777
330782952
273830452
605993338
910869666
878543201
678660838
633152404
153615864
730689562
103379718
575282232
147664572
103736455
664992504
542496627
203663693
353350252
448571353
404293774
198388771
106269489
380904608
621402024
664376573
160051200
178909697
824424670
378742992
774831052
191267243
431575464
317242158
272073793
577196723
992584980
223849191
402306049
187790938
416175147
626627803
585598283
764631966
394665965
666614554
391477267
811282490
399164075
444749310
266518334
222428282
806593136
809357180
218628425
611351139
299358861
204794652
885301142
547569410
388875409
403665251
540759033
845389261
425029593
718572300
106234574
543478275
219491665
639068804
107863126
988923317
114515968
747074980
610908501
494207011
757823347
539200396
758719844
977081496
209125930
415827727
485876199
967900982
564060457
824966861
725182738
187113497
372135030
370774089
259842718
586369867
314830626
871622677
575776042
287591937
401496027
318907927
393884034
731744645
243089991
548361932
186306796
848524237
969568293
542424872
725695034
612762104
585477545
142920542
863941590
282659867
988528097
938800716
262351448
548305615
218609633
597091859
322621976
675576732
560639850
460926878
680730806
745063967
914664787
690388580
781281013
977232783
867702493
723192804
621025843
909039954
194178105
217185899
343165393
889864890
485538720
118804378
491668512
705183990
713046996
779373960
408726300
709140513
525968270
209413957
252292809
794020532
116501526
494380199
325185316
891578547
282563267
188878571
165846788
134582545
755035004
365861451
334371802
447174026
355024894
896764997
784172674
149090697
563305837
721250141
875122737
674742579
885645784
178370369
511197425
785669648
286238799
880003501
161399807
175818147
179721978
756084913
855557529
630777294
252670316
755715278
118209834
465589158
126599830
504250796
849050355
788654737
731189360
296161212
148575213
375415077
954573743
584386578
245895782
724265809
641771886
156373097
383146738
134032360
520073166
482140820
222089880
325032104
829027164
703822874
176896516
965720351
116636109
222341888
578465743
885821293
319748697
932862876
606092138
438259508
944719039
699229171
768746840
118180807
346021595
788929201
540220994
589842800
918506374
168341342
932543651
555061465
206970851
786930212
805912604
472896926
133617974
858137699
261368218
995588941
369159987
810387770
226604150
925509971
580444895
398003653
351914246
161155648
594685224
255650685
220365204
748701295
446288209
843885562
937983279
624726084
406274132
341017727
125579239
454012007
301737038
353777515
248842096
367683611
224099666
641450828
180791024
293520142
650702941
265737481
562311203
750260089
170719427
572663313
318124209
951023481
531777441
561123181
636888847
901033954
734740958
401158844
609266204
182306660
119775255
893611336
514181366
947069043
585043138
803141760
411644504
938118858
106483324
478083036
968337942
312235880
882080203
693666364
176353755
724163339
605090657
552622198
742528853
171538079
401664867
189792111
524894730
411473033
457763392
999921467
194279576
507170576
892477392
573793179
384428608
826331953
160911084
776507105
706406217
927494864
503882197
533440004
894109545
624435392
821767886
181616973
944872419
720359703
164158294
934638539
770775406
177532778
194819122
706817812
329891830
646990131
859656122
907264973
577778980
202041184
256667659
302687640
527922671
175618007
260708319
974460489
315825748
714911770
541405461
381465504
139968054
769014010
445616330
895565017
626937197
268001448
498586895
256910890
899577102
487334811
126874602
217074604
904192292
592207518
739745517
246467123
251586144
865636404
882078319
320015996
333221816
131237414
681570076
862359328
523638723
803840001
964946523
100217095
991193962
922896372
872450278
773883987
728043746
820301359
765547247
710652143
359073174
826112255
473330579
691348051
229150828
113617159
464926250
574335179
871195010
157553477
747749460
819935994
577904247
817362125
925450869
642702893
885956493
667781077
400444636
584491649
723229370
138855865
486388248
859251074
542329427
879326301
173929364
715921899
471316660
480799886
741687645
731460300
338849361
161353058
271809600
753692642
805106574
678017916
871541496
107135286
830176057
645984604
623374551
476010438
202075324
609405936
882232676
851892776
587169427
955311892
896833108
713209252
748362415
382336532
938188573
820337682
320422871
420021755
299811713
801801660
200225847
455022314
507060947
758910395
301736275
350787902
840881989
525735284
880376072
912695263
144060283
684448218
928006365
341005339
330425662
216196232
975515779
496992823
801586153
374355295
935487021
808614531
296931916
985933112
437569697
201830666
563193427
837825542
993930002
166852637
715408450
886706288
601833130
690085745
655158511
795732120
694799595
273088542
735737770
141125053
223302690
920659639
609014690
787447578
284997256
806871377
306317999
841190446
228569951
332786028
158024445
343016669
920729646
996624768
827769717
932917828
986007268
139570056
317156095
315239292
925160381
516380255
381212542
834343535
267688826
814571028
726630637
603080158
254304353
112413663
649842776
331830487
139518251
642545200
120068091
246686950
781268336
151237932
765229702
905554339
244289381
769554487
613133779
513520479
858057703
520316624
550134490
116166093
391766721
821337739
532901417
961799204
241513577
454298979
459057172
471363086
506522761
609825138
948742190
518543212
266478901
418162934
831659082
916770313
437578611
435944957
401303433
810414423
626989015
415044519
614348252
961101721
762756936
751559665
903429976
748325961
713949704
312401249
154481616
378322920
928731257
896387610
205616310
735146785
864397871
974009484
173544360
400939884
435351371
899618282
587054278
822045893
359213988
991169270
420855913
606313534
746362905
671012501
396602846
758742716
270278662
552894324
852359981
869390020
928373657
899360136
189336639
969850309
610562423
548925659
799620717
196087153
944497989
761400596
505891120
638544075
282099318
315155478
231435803
579352771
690795948
612349091
133267050
380886549
388364565
614995921
304865305
833612687
600545386
593748433
777337481
591470590
737095417
913086238
906193108
280002167
989079213
360416673
144439315
932577469
917425161
753530999
257481391
455685227
735136116
816406739
202969300
678459222
311252637
305301441
968122827
544755785
550739537
117463246
961171080
168618527
449726672
629095351
910186782
526064705
716285194
212137054
167285282
351753864
199229598
998476573
128343091
294451700
881563704
460607909
319359707
161174951
980363447
452963791
121552485
776622445
602852573
426155663
264533520
315679512
338975604
487806959
869963636
507360536
159313149
318129540
901677471
186038174
416785822
946232387
505239169
559030716
182721790
286719862
238241666
275001031
185570552
690304004
468815972
593243065
833024621
474095109
887415121
435250482
804182765
426485091
984570088
978879789
223624450
168528582
916034200
485675974
353468473
817186483
352892401
660907522
899574545
807961766
155424625
942462675
157212261
476945653
357369336
551560264
816044808
365222675
331731766
468508885
683876229
788052764
843503195
910912780
870259169
269412143
405909849
340629812
158803467
745108597
621817032
525493462
175820594
454682565
221559129
899522703
370602381
144311429
705915242
893947773
269461398
486113024
944017825
754016920
190190713
305039599
477819316
354953869
873878266
665715039
751162437
546771841
730518900
544196396
161034217
387882923
673315037
245337008
379239485
127368340
679229872
970517429
748953370
108932150
406611094
162868852
324296896
789302353
439710140
463742807
348539089
936637736
741488315
116728178
878451255
213601368
526953958
923686434
337500973
380005657
465963898
304495226
981276325
370019855
651826378
848235311
183025848
722951852
710773000
822079668
554897419
271990723
667119475
736735523
134597628
708152607
593269103
342009174
899107139
988915110
660792220
289829404
119976494
222836913
780258023
773720251
278863055
959543021
155154999
346342795
708313560
619818038
966889389
170795809
229108794
896548432
730217012
650679789
160895842
919526952
423570568
467411481
612651634
876236234
453225226
316161590
330256671
104272901
418972838
701390566
449454393
588598130
902182478
534173017
594835147
529796100
653389518
377097468
212107603
160770160
974777401
838563639
777012651
174346980
610406737
309641463
143155871
319058335
973632806
666594520
640267197
226539330
149953542
289316435
269214952
173770284
848613925
374239925
273811138
815879616
983951233
532790755
980235580
367744800
260369057
761912509
329640575
645918765
874448399
536989992
975969978
688131925
681644082
118117389
889473963
655508248
789959448
559991076
790167099
495287347
769235478
556991164
124937683
259981321
335310484
571843474
581413427
873070119
891946260
107047211
818050198
744127171
600910047
261005989
186377441
333623061
539626140
860493371
632995615
899715576
174814596
676894112
310234301
179738893
545078865
600365129
272645202
589996130
311314389
274059369
444804660
221106124
610924300
566649966
972402339
303633766
403569839
504741929
702247048
241985716
380613484
730134554
440574324
245743017
454941355
162476644
624558677
935917940
797963190
678919253
631622387
162086839
580589402
321928225
394974835
482930306
803667938
258609873
132336883
597253485
311319662
624687835
581538118
836093646
163493989
340491271
201785738
473058597
375300601
535585672
155153159
662063468
590302858
153056716
795903423
154365683
947619479
860488272
205906009
770288109
799925613
935641809
381644787
581492391
118205022
291753982
195478147
711955728
551786034
549231886
933867710
609015486
488664129
606325997
597143302
690686188
557456093
455213082
883966705
171651919
933816231
953631427
263565643
395704523
593162352
274564530
338050391
881794764
239239668
702909780
747827883
786954885
730814680
168489367
361069021
114067730
833530934
725980793
360307300
917925821
322761693
855352054
589279611
853535297
680113234
156820028
534374288
932681320
788531478
418124033
344123230
588705597
908805978
627793702
954249694
199637932
108090407
105406160
272303057
401791057
308924705
192907387
106994413
937324269
795683743
292830589
961940121
131010247
517166099
894211463
330395252
395266782
344897937
946075932
960937384
624964386
520200795
278451681
180116121
316878557
559002317
125302618
927387366
303753939
700468547
590743242
271495089
133453362
692727204
602880194
990235093
421170920
315215855
338277030
535978815
274557412
487738936
913224935
905332719
927684947
990831629
118384410
702338439
298759368
983610991
898730889
266878355
899226141
749614825
489191900
303221666
803366815
597225668
264357842
514374628
693359753
201731431
392726715
774162618
957504644
985960724
141787442
108270341
474214666
438368205
743558776
454156139
264213209
802457992
185518887
665379295
222969013
211956086
911582651
528403441
740145559
149950116
994115435
146245537
979130950
863921690
824128274
780686745
345278808
426815981
533762422
349385443
895137491
730768997
522633451
242772610
334602762
266066691
315604728
617692513
937899204
886829387
938024781
950279886
725586915
460719186
985523930
864293315
896405139
955341537
801955855
629819775
839333451
162565546
315011557
489437086
725412620
872008463
310612800
485538098
510467682
931971987
887812394
648894180
340904511
324650771
785061331
100777599
322322839
566574317
737939627
695220713
505603007
690058948
356465013
260548616
985705337
364615635
879770662
871598755
438788259
728599890
912913569
537690395
229423962
430086285
497245334
223535139
638337695
786991995
789606809
645694683
439166523
896451524
127934597
670270325
208414348
276740837
252158238
652797492
867365036
973335430
861747981
186233661
519734958
633415998
550199823
757126652
545010531
339575522
351815502
210871397
965868409
156726599
266235476
296613529
466959116
918108396
569705752
949951082
898290155
316993836
138897286
908501790
313086458
987153795
619822927
812259286
981573498
671264064
256901311
739759419
795852815
576694436
216111193
839487006
152013200
453614290
348526569
879813630
281492729
138060716
273183503
188429844
792502535
262124915
340757125
531749812
393290390
850706937
114015523
850798339
307255195
298585853
161128157
282582759
107674114
502709944
838940138
979401205
235372550
160072538
987193418
301839028
965112694
370023674
184408519
728201256
686763205
283907901
281681393
920243763
553594012
301462805
653557319
560638878
574307674
122483689
652591863
247853319
505209168
674710036
186514820
902903271
858338674
529971105
777811747
891209054
269178247
956075775
270497092
412888961
991745850
746603708
873146996
584909150
556318936
572925344
514517534
619529273
942901046
945345324
205037000
270282878
962601069
664253370
539434100
611932855
682296282
529759641
193595848
827117358
374740191
222873162
172124889
545318146
302635248
975422640
706408362
528612395
931188417
443718701
567581135
189369222
103656572
376534307
311546306
570920327
990624703
166887854
377266856
529618419
312789284
274717315
519124394
803914040
843642654
435253340
476572598
805713702
580481904
407160237
130638310
412377659
902997350
656579740
628386565
832516207
535241285
291364478
881120154
375672537
849269939
188280185
524883175
576651610
791337608
946101145
584107756
576109061
285514063
244834484
297330501
973911087
959553018
332086813
146560564
974608063
724384986
970795375
518224411
708026733
487954718
840813048
558795028
423936713
681466494
523573047
665886362
435282893
463549515
598627054
838912220
328386204
104173679
507456132
707283442
933608753
982427297
511099791
196140496
340211619
435458282
749304213
737211549
463073786
689862232
230074437
330202378
708278034
841972420
913430613
796171472
325282537
693064568
228903371
210814030
787943218
568818809
302163114
868359041
801081054
332543259
544445612
920944928
987307352
318915055
612871429
644065017
296221648
864588338
176349046
547160550
293129253
510534599
710652221
692494071
479483367
959336729
298178962
564190893
815414691
312117740
693277452
634008948
608556896
743198894
670899321
998863318
922299652
180110360
496300604
631188027
284581362
989741659
717289491
579650345
630179041
955394410
760862776
545590928
810145076
209550581
246366329
211508544
429339102
629559401
564311170
248653187
879965295
947245829
364457643
781404989
229598086
777426931
797276721
268735372
207385606
506472752
716389391
177274965
314241694
171372603
583611944
575752117
321243267
764904228
981484261
781895717
255318092
229555779
351724064
938292139
112589927
728068540
940833042
352895280
722513248
501726821
113113226
713452875
971677819
216398952
536909329
434700329
403660403
824212752
836488558
188138520
778784377
488808218
958968181
233709479
324697773
410894547
660888115
613074924
959796206
680038589
150983091
932191680
226924272
230403130
916884299
627375137
656139445
626693389
880998550
536685782
577117142
388377076
255042141
394711261
885892576
792779870
706521220
127502846
991087583
804389203
723648690
828371911
400327662
230844129
960759896
979377924
903560052
277582297
184232811
824405282
238193733
575724308
899946319
727944720
178988851
470736504
859202940
539568116
484146410
727042811
845465473
859426160
120478363
491844957
811784142
985934136
435088305
336629466
674177764
612547651
418649851
619701308
343932833
457307142
499132058
563499439
643693715
180423421
114074760
381204237
539026633
837546421
871768799
132573299
672135459
917097105
855216250
824603769
635373905
159036153
904962886
929344793
815932803
857616155
441351539
674353746
758454852
325813781
280034632
781339699
489167871
410178623
554926046
439261533
256270441
742714128
137378494
839183900
237086324
384836378
293035134
582059970
499198509
435485283
337146413
574713843
451312315
981431355
930087022
732414330
107684165
765228328
341906017
767297348
764306693
503926390
856820905
578162653
257782532
998543860
569149776
361058804
125687119
420190017
489764427
293972488
372108796
809232095
836084860
242844123
295590834
892827088
655817200
130547394
837073712
801281562
380532493
975208510
954950245
207698664
688397083
349908242
655647045
705120277
761113416
656067119
191010872
873855812
376452323
824035065
267590965
933476489
800259800
343826123
730197788
642907038
764167462
933541346
922095668
481905901
477732315
229125443
960402499
621195239
233287691
674368964
843306137
816967925
767711553
560526961
159726045
906967531
621667455
514818563
552834945
483741016
609183938
717587469
652427416
238134589
206635753
629976112
444577760
170991950
975985865
363838459
757008135
480141227
699073452
813972269
615637059
972701726
543403110
211735939
343699647
117131772
128637093
343124270
414346771
894007570
498833777
103341092
702034911
417655779
980386860
339506753
233259830
719698126
328255400
940193610
897682020
926604679
582332615
484202640
169840956
691427368
632563556
831111546
883735129
477755597
824158094
761717992
250516475
555384570
542208905
275640909
384083169
640303800
911428981
575359506
523982925
115354542
283793885
991966885
425307081
486189422
299230022
494308610
779844203
152556679
877065691
144264161
667044635
490608656
990131793
551568973
884037287
916933345
679262245
548501415
110540216
446535731
444782972
756249445
703771066
868407068
674776356
695076843
732018193
496549731
627131064
946079394
849073859
987298621
335513981
742864371
189673772
223395140
377080573
941069843
202196762
126434905
694869879
686171564
306932113
988571607
621801613
852144514
731984947
461688990
826518705
965105487
966944395
595046897
313482507
545404251
431729379
547294866
445646323
338688870
990421378
249098593
865091399
385190823
807152011
670608098
121144719
158473871
664896184
283180378
296183655
501040414
281039787
702026916
904147999
842577034
519975008
265205982
109396457
812577837
927941630
615746678
725751490
159802609
268108977
109897763
187901509
758370296
731397648
381182134
387414176
642625056
896368708
608253371
572878306
347036400
149199510
918963981
720312041
466355704
398962358
488387006
935552629
503183080
751996037
105142344
612772601
519470976
939289600
510943687
858570916
312853292
948999938
352162813
913933948
545285269
201884013
349644588
125286926
791183777
333295390
494994852
393124203
136872189
165761416
785295656
150765175
740704861
212746105
150255672
754324561
903963024
267287048
251350450
692304347
381904353
816532597
947944272
778270134
371552629
289375168
485565496
974706066
176657438
797796697
117600528
107462557
969261385
563179957
348508735
962860720
775294404
945855156
584128732
684309530
627411214
892641550
945639108
604786982
386228430
754732304
875837354
603288667
572179146
991027024
803960702
148211263
213501063
754087804
919636600
849902941
645133485
148375641
917390198
860274417
360185112
355589750
918266469
866992149
786592565
602687171
866333357
175258498
199026924
891793869
972838918
813483154
618449236
732014447
556770948
358873302
108900689
832814894
816388326
979753283
231860401
321653077
984748080
792494355
444475907
775846624
155630838
709585542
823506455
272050927
653068235
117191005
932356664
220452099
211133588
302161937
334027702
185746595
954453179
652138862
384474916
871159108
661729267
272862031
120254203
862052106
905193762
430337378
654211305
489787818
743792450
651526878
715180204
876104059
806004420
487616471
567711485
395376156
648058314
871289422
206996710
723594075
372245605
293986275
933768858
153077275
911964951
345568518
892161580
730952470
554948387
213780622
816413906
174107676
718580649
233337008
827988401
235271706
128308788
615904951
671049750
532864045
131242542
838579800
713208743
359780946
983370566
134661114
306091380
300670920
287109621
586582267
139494518
191461056
762755607
965516389
342636251
661932378
460582430
344244654
759195022
875828745
377722915
172594171
139723139
110071786
403638581
994341897
552564687
208998246
889384240
638800783
150000047
809975083
587283431
472223038
320238736
375183977
400341945
850143768
918839004
554030367
594225068
657918021
382850713
137024505
169326245
601321607
667430510
909298460
368819541
277270295
770845638
932934162
293423494
229995385
722307892
888497895
584164118
754981026
885850599
754806017
471939082
478829374
440275800
374044135
522688089
769328749
501815815
950566145
899675072
937085236
498274993
881406755
624323842
818734093
183249960
875579019
104683627
950577547
854103063
684071903
547861016
476275562
346324848
249675487
320514104
216909115
762143831
914899576
992630027
800421018
893242933
571740157
947017515
909218560
458041448
533450430
148792124
488351807
869874073
387563244
113287233
840160941
358047782
155013261
586282206
410503800
527733517
585180643
633534266
792937064
233882878
641955568
685016389
444810433
545551658
594320553
374954043
987211394
292967234
275845577
254896667
395267597
268255657
738173907
185509496
294425524
976398302
284176739
426485443
150285603
768363764
818162827
946142221
210986963
606318321
279454390
867854599
577343498
631520717
113117454
901781719
918189479
647612576
127458951
557364776
964158057
807383373
729356235
614358225
398329550
379209400
229550828
819544159
616530152
776572799
441211288
714855751
506242947
722385392
133197704
183696871
399005556
571576469
818616597
549215063
388352395
108775906
497335414
126155250
673903838
306514955
904888846
273021347
902561309
667483755
635632031
240872883
990335190
291432547
811996599
498620353
731117729
931907706
846230064
137622652
229385835
292717412
821190705
976617527
448258153
146959415
258029580
770556940
879575394
687615097
934092703
456158843
736280620
682160604
166038057
629141556
606789705
567947330
135287147
169010704
622180860
652211754
121028758
892608368
628212489
554581611
857187959
853803815
455727535
765994478
581023147
605680870
729677666
196567724
200499262
890489452
349660653
512271374
882402636
514764724
885674225
775643767
746260574
441943240
262923654
910102096
496621433
892965887
647920711
549932655
135448454
134730699
873788976
878197704
638581165
473106740
907051125
563341918
271183983
969012855
376883044
304605802
370588261
315125381
629850736
894841173
863997870
495729227
899525013
113283594
347490947
270247359
531535145
564899422
639427514
310673927
372377388
665015746
676625612
427099121
324579898
663669309
609579973
956557708
147743563
414289258
912738498
219846733
862806390
740478605
912706887
947002984
839836634
417972309
426020877
639504154
147822593
959430745
900838598
268643636
184187567
439575413
620783928
549022470
962231009
690334512
583803991
540017867
432288286
746267524
996802236
629905441
226311188
704268549
517445788
920476438
614016895
398758911
746271467
227571761
761446974
400707785
744313544
212795611
467315926
876691033
246096715
514262628
957300256
835582118
225426256
835949331
579582918
414417361
190953555
193215199
111681848
903638092
480868016
985349022
716666455
772025789
244732862
170038132
871363381
361282632
119005842
389709803
581944510
761083968
513538332
622407074
642263715
481855461
426534238
291261925
735982183
800604663
118078938
903262473
709219942
162358357
478860468
640548040
662012211
317021000
252601697
611333180
256013172
531760483
818846894
948148477
217661187
731352962
383846904
867594187
921089164
546888391
590409768
882619381
545917379
549325836
785025870
170085517
878503635
261795570
668724016
938292264
872697335
422736366
236641036
276076153
242315503
467061941
169041448
605064733
162843718
761803440
291036396
779124082
674660763
152214794
688741634
151127660
631717528
385895859
664356221
279854776
937930706
872690038
505049052
426471628
792896551
462089449
767807137
464467370
576242751
356161780
307517419
924836207
800647643
563558444
757344242
502562128
386298761
342859732
490431825
446297987
173685941
474635406
645572985
582626774
858865516
126868179
517558498
140047549
800798437
589557825
844945383
885844030
279279505
653136703
322578471
483831616
840494172
217999324
112205958
317646642
310976733
881284265
519081746
310204192
953909550
818907809
716671932
415106194
428129685
646813023
643963501
893134746
936791720
920700975
497425597
963760819
835105043
938936157
803051754
840270174
989330449
641121798
836378367
501547824
863372490
859818224
984219443
556325810
749359166
364241795
255586081
752590547
135380313
112976425
739999511
467379772
478847170
807541552
127034387
386847395
976176360
446405681
459512972
916052687
544735660
873915366
370958183
491959656
186907916
513588444
423469398
791332331
843309998
954879125
849113294
866187651
545627216
424043313
257511979
472994066
679739005
794542116
135455163
309225403
127030249
524988112
451998696
587604158
897564846
157409912
212051138
337325759
100980358
405004715
705370547
234550281
467315478
531911478
918373791
848598526
877014477
359457104
142655475
587457866
325786738
814225601
479646010
700085752
106818012
186407903
916418432
445213045
217346847
876458116
424728838
235905165
873507252
431016571
799833998
772370222
938695407
342587392
796503120
729100026
127321667
814778772
328911269
995194100
506563025
328781468
831649312
329513160
128083186
607070041
215180408
394761957
614757780
628081075
978504232
819534627
169547552
931909141
189785711
567089163
856167069
867776876
570803959
332787198
232534099
828551516
855610054
587788416
410968586
672175809
535791269
144350886
611279401
148132793
644994939
759220219
863721619
649307754
381437861
906803362
341124900
887955253
229749372
730477748
418506414
360816961
655994777
998778783
678753945
209302033
928784863
728156604
344043639
504418419
866919295
644960494
263124715
818086796
479644675
896528870
514584135
727823514
808321183
691169549
106555976
344161839
579543404
359008707
590055381
424942726
115624611
606329702
477589258
823583381
715059560
629463542
886919407
530225716
618507666
498724713
758840922
620866067
688856835
463662444
275857455
381102587
979034318
126988141
268678130
917881111
552902835
123769377
864422074
731003031
793926397
789577184
270224123
821960539
696965119
615391808
332518980
104321720
151999946
611059193
900889221
775176143
485588971
683578035
509672543
701706936
420965539
975713825
124946384
545286866
791774127
604187273
955396580
319299345
962384100
686398354
640980182
647338473
528533660
834288809
736376598
786470327
797840568
273312684
516279219
677620858
741970884
228546199
129745423
545016148
309245107
405049014
258021938
839583567
345379388
209461293
403395888
589700070
899168573
444323654
257916906
572075631
358280268
643847385
503779681
984017303
782762941
305179338
838460061
409357071
715802827
307756919
796525657
852851942
538383954
306468208
928596114
186444906
882497600
335992574
135639879
786435359
901437648
977173501
552795062
811488310
453695803
644671650
399912055
265006905
815983842
838698450
533251577
433686497
575673874
447593282
213305361
756947171
583900108
705485902
196219721
891008733
790310482
914382725
372410595
530129740
636666894
895777852
396432992
803881877
429449657
878972726
683299378
273814480
738835383
995570551
549493952
244338802
196388826
166122783
296465342
317890530
899575962
507623937
321002405
751734186
962959181
348919667
781526348
405301728
692192877
793463976
746820878
457087990
896788007
645996176
549065710
273936858
773158079
785150944
870125475
569642357
841724271
470266298
197714389
347820778
200418833
329867126
585185800
256924847
160136239
537037422
140205378
156399752
115683173
353228631
762363582
695059156
132200793
218852409
992568952
374592912
368438680
191638296
680282015
290146818
882972765
794623757
428874560
992479903
194156619
467287986
768737532
948569787
141516057
219884075
917504877
459852885
356956602
394235601
156444293
754568963
389394726
933405027
297740777
713170079
483657903
882059374
447639754
805168564
673656018
308145016
838526235
526656912
114298375
303154440
902325755
968978020
205415440
325310352
588370783
194058315
812305124
914508446
269688882
739065449
569297808
954732430
894227798
264199395
760998365
917652014
888032672
842857901
915468867
385411222
147225054
849969706
821123395
594118896
878347009
819707750
955284465
725770309
579997052
681876056
190527844
913147753
533256297
109748918
338631164
600848640
775206148
722950036
352999431
542867720
758968547
684350617
243495030
282686432
918124969
464354159
683297664
928795932
944136870
652152034
982488181
858476049
684113521
728722404
209930873
651926813
953368082
142814533
236783917
512979237
350633489
192539352
699894738
962496869
474937452
614245545
470791150
484743587
476870887
815199982
963832646
523301518
607526494
822356069
912546132
304593812
942991341
207817270
955538119
887657510
298002268
848680117
513155880
148866750
898069296
745901829
316283630
939530351
153275991
754304953
339433564
770072620
611740486
192916515
483400074
434176509
233409018
353087552
676995896
877310214
181459473
825445294
816481538
464370501
476600303
596764581
894738070
516633955
793752444
380072241
635368887
703104684
392368474
686615262
335410110
815570019
857879561
663493987
635962438
958078137
369014149
159425085
961078753
629922326
219604680
825609018
745479460
286841003
540044585
877326477
651480523
140965812
646146964
812206014
669717049
930302760
407619507
103364175
976569542
517341303
191558952
233471629
604439273
322146905
680025004
889981556
220646418
451459127
847561325
470155823
890405627
617395835
599981105
508154563
766944560
802542951
909422743
294985077
770220861
854794260
471863168
866823954
603806509
609283231
472684455
497568999
867963239
213521250
805723687
338421761
768445464
957342609
949284156
881605475
736057563
430928629
409029396
617612433
548927370
382996752
240519812
209033815
183030922
502589830
392878571
458771649
462088216
465306297
718180728
462272086
712396153
954909323
793727532
940292660
321895923
243092484
827769893
623690333
309733051
903019068
514182632
854410277
946201187
413214717
850358091
535770683
493641304
813428018
934613889
347590351
110405087
903055693
491899873
774487642
384226897
361017397
210842845
596523571
351975131
775325917
614439001
508883922
767802131
469342216
599658487
399154561
393997508
106851465
671694265
589710163
514125305
765986924
434262719
932492926
451920130
151364868
493949569
799289255
846079454
371961316
782864954
775759846
748462871
672058037
490669230
216194904
200107908
248263990
646690804
338406879
420858063
745491414
361010550
932768862
359367051
672409318
256171679
473208856
863238361
380006443
157899661
155929116
840859530
422220338
289600466
437618178
850647434
233292556
332545545
350392114
980475804
985080522
429752492
688232332
572258101
480103191
568775828
907330452
949053456
503584975
517806991
439242608
497179404
222146115
803804405
984331132
400148755
865704757
596071350
270008901
926345846
726557074
837885870
632098511
134433285
622047336
874935743
631569358
533628661
924540400
539106191
923866553
292778513
967280119
268266039
258280069
280948488
925335110
770356068
732107797
466441058
736275195
182852769
567823856
164651177
494866555
234531136
448993735
346592370
424345211
707561599
893398879
808433219
576055491
141058501
590656059
882500572
191030686
335884724
935831866
453666206
625414318
740319121
360508924
877137000
536791928
499695074
344217164
653287954
492083900
722676981
357333360
450748390
419081925
412007473
306671178
980804130
486384010
293741307
322893231
392268280
669946158
370646419
610021074
530185053
193948665
757664315
466146376
299910211
666233186
520690848
986799908
716892481
651528154
895440380
594124898
321601019
141247934
241730752
733944010
176491982
585912697
224474075
842295769
795899832
270396305
797282233
788348175
621513181
272789534
504804069
863671839
808358107
895826055
980728643
616031894
911533315
468837717
749783345
138760482
181668218
588181430
627816744
451595606
829454845
673456614
640497162
485383756
708928207
403133556
420615575
620576715
304783666
641395827
403804738
303317706
465078160
171946690
778352779
534270781
925793414
210911076
368145084
741546468
642676834
167808584
816263441
864667412
898904836
828532103
778681821
146351440
788350691
143440745
306280010
653053181
870505486
555685253
202843291
778706962
713530891
321069994
139571383
886520109
145301317
490296670
341307243
315493857
355625204
118232239
646060584
638993660
574260184
557601293
N: 34855040
