P: 793904470
682668094
673851959
836691825
242593528
808886988
938107582
313571710
106456197
981468078
131749298
651593619
133352767
340975892
403323292
253566897
822527335
662165115
605849332
739609765
142135606
427870077
866084318
749849382
417751315
111697504
793899167
476298685
652869516
677827807
997709126
631949366
267374176
993018681
393221160
498271786
378506453
345858117
623671978
331749299
409883944
427006672
401318319
476428348
962590759
584866172
263407125
620832488
244460074
401770123
445548844
700930401
872049760
741648615
785559883
583343329
127455787
933159559
118743425
496961379
323709119
729322463
190030172
447022064
594682180
755593002
336836880
452250659
943606823
830616140
531784583
166056475
741370027
730746474
209679514
678810442
963532105
903679305
255549782
224608731
995998598
319915110
742595823
513262010
321055411
964905625
463350647
721908593
365580999
825611853
599940680
582958537
824807335
126809455
698073606
908428829
251956721
423718317
356107268
828626663
363696781
135498045
722149114
729183135
388629166
113857264
987084639
370824019
253592511
121374715
807741002
203625313
279218468
369585133
827906581
489387842
391676744
750963581
525043033
373286412
698113894
456912830
476849027
233452390
876527396
957713121
234601839
606538072
442525080
491156681
951419116
121666632
219470778
770205261
444279632
411006853
820990731
850517438
630205508
845952495
344889715
715499230
460142946
313738971
865699925
536071012
890569948
593620069
459024154
408430257
484237537
265974958
991790569
540312018
535413570
662056067
740182567
413125790
937934039
650919712
342115759
485776736
297585985
774341172
578912199
153775358
522724196
450977474
186716226
346882910
431105874
471725635
985681708
711021581
570871333
259204154
289262863
208868002
569959951
500585233
133931571
294408159
918778096
420336765
154190079
142242035
346017180
938477021
289855348
841511755
352251343
720143019
766638674
337720491
940049271
457942290
255325681
186821517
820392867
883819959
124237490
429686988
299360395
641250482
688766944
461218517
885413268
160205998
101709504
844992068
424901330
498294760
776860293
273727724
431933362
878350569
824733779
331525113
434929961
549897024
157620076
651156229
671262302
496997990
914736114
833681923
495147832
296293152
376254131
685241885
763223597
292227021
390457884
100343024
222745085
443458211
886681855
761865258
812913881
472670396
286535789
629513447
444264986
906116772
947603309
605041375
803058047
547770894
529909091
824834185
215669652
362924024
376977989
486246726
130881902
939471317
575696265
220216446
550697146
964242821
815293356
265007878
996992246
644740179
892783889
382965216
769780085
903158528
833557664
610458064
739258232
340939226
288820928
446133687
910833722
429620220
520081633
804628432
396512323
636432971
740983935
837213994
935329359
546651380
639619347
195421748
250146409
435536717
272163034
920084864
111757774
600931271
428692699
463686828
466357032
913675881
148879169
175640171
672896659
659369614
447141143
714636658
814496429
119409322
252765963
778333430
237056014
271894525
876016782
981331046
262659497
299028370
685228629
277818344
763492376
248474162
756540149
406622988
230984679
134162966
308168944
520917719
393384970
217728487
844176748
474790113
875011811
479973071
608114992
475275153
551496234
711497444
686774412
545733191
128171405
250585477
236531595
921873380
929383032
996924327
401837482
408226538
417983082
690729859
547997631
679756320
475858191
910860929
480658640
415972210
837063276
124522343
594718530
845241282
223916312
103532481
956538031
576655296
196489918
236348711
136474109
959193726
394611870
311524026
697958557
450936824
754049198
639951015
633105126
342290535
520068384
893526977
468280622
793047427
424214988
249097126
775206891
842809889
234319571
131867961
845509316
289830069
320889040
717214111
888073706
607455399
549398288
124760604
164745856
652953429
848942404
475873564
656711545
848690906
463516711
485837747
796964601
193300223
518180207
874756152
490778690
646752456
850908171
698725372
228684179
635813131
425270777
566586645
713489658
266937158
854907385
760158799
467277527
362376062
531100077
370246252
519719139
786704403
352279659
642755893
675462604
129092426
365646923
213933341
216849494
352940597
483504189
596019927
984883103
761360710
582405508
950765080
538222730
686317246
264519097
710733208
719212104
270342320
569226339
985651419
593967726
237223113
790763392
787895391
207425121
519695074
629849406
990949436
396312887
577140280
536846191
767736656
559513242
854092923
289854371
333147000
327051551
740971001
599653366
110427841
527457464
918474631
696023173
920792711
552238586
382477815
963278381
719476523
690456558
636049717
843446727
360202308
940141657
469749196
479805014
344980001
244678293
699104699
682603374
688778423
756224257
258800934
569566045
965342111
526901733
474245999
849787316
306016659
217673686
261474506
226054808
691589392
427180459
975801672
622731667
429303965
685710149
789227622
368113883
705730880
326677787
711177909
429307408
464833395
686463106
499539625
638797538
222599289
345231805
753215973
630791263
493440550
926971061
194706847
223353345
736878819
145904460
261097006
180403561
432479803
710632912
120111184
729423962
181138698
933290481
110106340
652604564
364674646
864761849
637069047
466833633
991570241
827087096
344911620
899211337
239803259
547589630
574098452
965628532
377311627
807522597
342092769
855535041
246025629
748576706
689275633
853758083
188296469
159960671
678861465
256841683
970400197
994015855
980501054
863894500
485044320
373798243
340679866
769372496
200631240
146027489
457251605
969868877
557113117
343362120
604738969
972627301
828602262
399822274
981128407
195270063
951878664
855346811
512990531
379733510
887534125
390507455
842835930
562614113
503178978
953534714
207815975
106006848
736672834
221513614
737502695
412518812
490461551
766898137
625622037
499276655
951730514
961626795
888004223
624005000
587946977
826748739
824617913
471241056
109378478
856278373
950014682
937956985
888733703
735434619
790644370
908681605
449123289
942754760
810894964
481515279
537331864
373950685
977431251
710323182
642043532
214880632
275928102
301825206
189161631
712999696
878737479
965816697
110610604
248458938
733944402
125193489
790730731
989106252
332612777
389287147
455936534
102756274
627103047
722874038
603387872
620110005
715751003
479327596
238679973
408146914
255765045
331935175
189142530
579999124
214621965
101348344
525195080
999157418
325506337
174454685
283938146
959198238
310652949
110675740
814683499
774355710
415168658
768371583
468496678
477413957
393002126
609161097
831964377
804779043
425509478
121563944
966518011
923570721
341249220
239065209
691374913
749865223
740778919
258320557
387581938
547264858
166241453
278509337
245906071
293967146
569847029
162153104
763025232
818853720
616634855
820314565
770255297
529317345
491132739
376647866
996455601
565624522
858947897
791959932
501631261
792860931
520724064
841614414
267039245
604079836
921590691
899738466
514074507
439359865
163627296
694008783
292326579
764538448
995204360
965124407
773496386
156432697
921787231
558341524
705916811
317050231
631405359
709765985
726181627
997271224
685653456
577224450
832423144
987911515
811481657
724581971
291361102
991312755
658462949
782121098
135976927
907515538
767583473
136743042
764909427
662871016
359310336
324526390
222026855
197236294
310356737
713123518
118823301
943114120
369886242
556346692
559674168
983807040
186256496
794763330
291585865
255134787
522265190
692709956
557558824
255866621
125689879
307146607
630969244
631795296
896795185
799163008
754889233
429314286
313276340
832485631
744930314
819611312
389029598
932521821
405719059
217793928
273005367
352550760
821542305
190890995
243684339
805778921
211007431
527128254
383980332
981175568
774430068
588271081
344063249
536308023
969639657
407260130
771437139
579246461
424843288
767016077
340002654
973493728
411954471
817960218
544257088
141950715
891777509
844640001
103003485
298659741
527014330
643403186
422743831
916215379
597042212
405867998
405174195
722250046
806441657
715003056
620956218
516102262
377622843
703686977
243088145
221002584
268054551
366272608
607337126
197861640
114701436
161004594
895312649
369737415
163952720
863853901
327095645
450960624
500992669
343511634
500250949
318076416
734446027
873318344
525135303
281153877
611087664
725654027
874612041
469976158
457134799
704515775
230647982
676463356
825875957
343517314
802267630
284767954
446350227
492285131
699504926
920345388
445492332
116001181
186723945
711873635
346637873
472434261
574000713
183700741
398152924
423870840
677848292
712669091
555766969
612844723
704349976
213315930
745642884
509447648
823909111
398941461
122483382
521296036
572474780
905766905
271997983
205835306
243937292
161924557
148657939
306012629
482997141
563215883
565383381
254968166
677481297
161881673
403992833
234172472
174010886
395099178
431565221
292511118
770979042
553862890
718856596
277174039
637495294
122339523
344531107
342977787
614184292
503355055
810765774
189552973
794897506
407140140
822461954
447879690
149596044
459693896
506619250
152506869
875749569
919323154
416647884
716869593
716424306
754330756
394518116
500176706
776163277
561947259
823390966
593245930
679468179
843008706
813678240
549422543
607065184
906394398
122345353
139477225
303387820
202770510
420050230
303476280
277603825
330734979
862250027
814233137
355397957
796289679
453793033
454890951
443993793
483099427
531137583
363784568
532157715
204685539
273619754
288371822
426128262
858736893
351906250
404854320
134261894
555303366
703865624
576906271
744321936
422027285
354685095
922728069
678912826
431917381
985308469
696838101
623758568
822870496
825421039
660505357
720817082
563314884
485102246
243061756
416538241
612680237
397951529
203006202
963265433
837453092
786780186
245749080
399655754
331451633
187990965
720366064
478948657
271633669
121180559
736577939
868813615
775324724
670589111
604397195
452935044
349309097
393703904
912532140
367001317
673950150
428635268
101636165
569035429
246680666
151208318
513062115
751061277
671514307
587527890
998365103
818005214
401462610
160412825
188131009
486028234
319651355
679786041
781173414
814469120
937885934
587539005
258745437
450090499
222448873
750000680
813123894
385892765
626118167
864443017
616127309
986484311
479703478
819003043
691690823
732033115
248428330
962122427
213595271
864026825
596964391
396427450
339693380
843985040
303473222
341808910
975652605
793413852
484275287
478292085
702174645
807680931
561227364
975223169
779761716
345263782
737468085
969769014
272706547
998632619
178157558
575589306
780571190
233916940
612096112
143569204
403118327
875228254
987067574
825775522
333644193
178694479
900344362
500408699
643816267
262817663
352763651
865356341
672209987
400027851
738700378
803591381
844838819
865872632
382232601
579427479
128261236
362109499
201237847
232543449
391502336
308162002
292074816
478945945
550913520
485911680
625551740
937225700
490265990
849884567
932104036
272442318
493600450
468823484
738125612
704273549
548173439
413340362
936309094
672972832
372694825
446699763
916832547
459348814
134798808
545478929
100136312
636974678
795442277
255938703
371229135
556946238
928561470
214827353
954825824
420258858
892352070
430793507
339979370
574204576
297436031
603154414
785831224
843670190
697380233
474597141
805035269
836035430
233039609
373693056
110603033
454040014
639058955
372055908
951017672
595781773
981350318
124213747
350657690
704619662
962645857
805407164
725942245
893921575
296461927
546036699
736262969
542286240
423997780
115000317
537389346
818650684
732243272
278041840
965886806
122683199
463408901
960527856
880533027
412623505
648208773
274023372
148582237
156292024
275586443
474828413
537472676
213287735
105819739
501307233
265227038
984452835
188582293
393690485
401745766
737619699
172674923
394292398
385696101
366070717
321030557
747228288
728746225
368733339
714489026
953731637
190516853
164467409
230432232
456676382
826460008
936713442
342845058
297123945
895016847
777303131
323493193
537690320
778240068
573508402
342669985
392998921
386512681
462595116
572350609
918720371
409065030
537461895
800095682
796837280
396032616
105565665
332526817
428529401
308145034
940395930
678623585
926392421
391024856
458191343
498610743
791666520
856032469
206608167
187169271
570585309
579889022
728986350
712991776
650115806
480381869
653879848
964338901
639534274
703484250
369573958
965936653
943898392
247942667
884982659
687512964
197746811
333338338
897697770
210201449
178241147
180195693
325804837
476643072
976715837
825479832
231832162
988654779
460633347
797319740
454343270
705731715
277318355
406403693
982820368
740815634
207914366
753999145
469733696
980886197
482066670
672864367
764836431
898084925
967682069
274965108
878401584
623922424
554144023
996973184
856011624
638160319
473882461
651036094
713924190
634799494
828322317
399548473
504321868
377634139
131377038
849969846
442361054
559466964
329809812
607935786
686963817
770252703
291728532
916301733
497085955
917365342
728417313
774503927
444171117
356109844
445365214
433473785
988749032
660582837
685128818
403723804
669333944
389024289
497890221
432134626
848453416
949786716
684353428
376639073
739459727
355778532
248938867
826653547
134825571
364636842
233705526
789463859
870511297
544907287
811926631
663592158
317042568
673126893
688038027
506069476
379813535
306307302
148085289
687078949
114998402
609408124
132136480
745784493
618918395
885555539
227741125
143325761
505037282
264561563
955327278
438023969
728397255
846050345
542337545
736771353
975464340
879071660
995646863
164591763
679770091
185703782
782154751
438674512
783947505
425620753
785917656
151918469
270221516
713020057
448770615
965058460
125281480
105563602
761861490
906627649
711920847
170239448
830088441
558909555
838644432
788758719
105697560
383085477
227342338
634687355
912693941
309510171
299001991
895019901
342769859
440439830
568595308
995564709
304005081
492085588
150668373
719790807
360805943
942296254
755208698
554158399
500323724
182012827
743601993
855221326
226874921
673898866
828750838
473080843
332668943
525081618
497696169
324511628
949324743
133380535
861295661
122854099
271704704
314742442
150607105
134598111
128775079
621228961
824809475
697993478
651875159
566376102
574347481
617071863
113969833
474295998
767908341
637025028
347395459
189550498
700235858
928121379
168874961
235571097
508525775
814238769
870607743
158691518
463936256
217071466
791108878
339237935
209224458
939226206
934991844
994524500
235826906
742107272
469745047
165304261
162414143
638372075
514477479
388762482
609729218
262466722
604958501
811904326
671569190
174336887
992427535
214867281
867630412
619735905
493915404
582264811
210259656
601708721
820872925
589868253
266409910
444635719
412915196
768166511
512593666
262554439
945764657
265262519
545097624
780265664
734210808
943423421
358317741
553538583
445095043
604271545
293324652
202682902
173939250
999175376
507682618
318000248
662563853
247976595
192826051
111465417
249590836
884314155
987675908
131674863
275076794
963291746
801649450
840135972
603911528
513581078
811731490
778998706
955145774
193611513
737362636
893683849
653873185
743791838
457172456
732294264
739662220
432529407
680988457
582519272
387092719
811955529
132013274
392676632
997623441
387685926
691706528
894157611
467174350
563680276
284299328
653176178
685643985
301851576
769932108
894591718
894315500
107092625
797903900
241265400
101131339
238092738
307002586
108925340
259940447
440093135
242803431
780489242
144529675
421340614
408448721
986109454
644296420
780273618
426664582
200234063
263315642
268743224
784637382
359159836
829459743
853668430
656099300
697125239
342754486
522761001
724744696
651117656
407969400
258950770
309118833
784130170
834113356
731495574
932351633
913210987
405753311
453689179
548016276
821084352
747934888
143536064
980981299
718113814
812680431
874229650
757114966
813951064
126605433
514709026
234667761
257639648
320144177
930665211
682690068
521916570
211876878
172592664
589119074
604270511
513711677
511865539
963306077
768475531
922157858
759110688
157796712
423686879
372147089
919290786
590207952
522838943
963558634
150077200
954700499
964891490
912074044
940182985
350029466
399721312
302684285
824669028
813155733
416069877
879768630
673477315
600161454
397315198
244145907
130079325
582367746
526346539
355728136
123327426
629461541
219533800
599722374
895939099
799837387
924900775
588552978
636990841
198550217
763392279
687705236
425769721
207379627
507708699
157160718
507823381
955235077
904276895
891526558
202578202
248351717
409141654
621344229
851120116
557623704
711531813
263584232
373920739
117056420
758782523
259068679
758874791
861666212
975819596
520859733
815971810
405409243
667899436
804320421
137478725
673928023
543323974
479744084
343649049
862717637
473294601
185929683
809467295
369390982
472922490
277907720
261394532
713466426
122808387
198026617
424857546
356834737
904287748
958981782
855314944
321499734
514132361
287082045
881471111
173340457
975237170
175667489
614427776
702934424
297661015
942384873
583644651
606155524
992287097
646618128
928341826
227681763
759449468
262103830
358947795
328562879
653677334
528311786
669443446
755268698
715059148
281339620
263700835
402880003
493330094
120826349
496021722
821070228
401692252
228126160
164288309
352748907
511950296
568420835
812892317
687463079
993259376
311182275
558537483
412813363
731674428
179444209
136930818
409579195
614144818
270571100
199557738
699230353
494398604
949677890
292602395
996914751
656695486
902220068
101518574
807235220
994230112
933707434
723247698
174281768
322185065
922317911
903599889
862246618
229764210
695014225
336728986
585836282
984294873
902361181
851969834
107994158
737487387
636297492
295965607
850045578
712152866
569046732
430280887
579889641
868301560
672318736
922319704
353060369
225469785
118334355
313081583
417836445
426375962
751288800
371686034
914715688
239707820
951892587
111036010
487983043
675721184
280184052
847908698
495421933
437171879
933832832
919973753
335744647
308923529
178775668
996613554
681290261
499164044
397068663
383661059
318265703
152998298
741185047
479281366
568430066
272726842
387589174
465674850
357531530
497422902
214522504
135898989
654688995
560490243
796983321
814626768
545534424
435223140
137086732
303610576
243652443
924602056
751581696
705157153
714344977
203884723
373538621
462982158
656881450
915456990
780071063
198026024
516073291
458299708
652452175
717221034
928623190
456955664
233039899
296183306
614191796
172664699
989681211
111866963
996922223
962790951
134070026
112903647
582019994
853000477
424986192
383651133
507997306
740020688
483117789
882313803
690558480
139009324
261710505
428682410
306737580
301380242
496273705
481232429
629073372
394940188
523008598
998529787
217012099
925959158
557480797
559876953
582861931
441847654
610444169
834460124
394444329
487745216
973256516
454292674
614517711
745738845
860440233
750524620
452465049
929436310
452064636
908557419
959383720
206565614
248439892
342187210
656879786
919610292
175615799
915345059
883333478
761607986
537695061
275838609
740869344
588398599
627098122
241140219
992826714
495369817
589475525
397771946
571160722
522993165
877749862
247273296
498741328
973309258
801171625
506492281
861603349
609852635
192928808
872154551
290970987
391674984
901199433
886965483
801000230
536360371
368897697
677936573
872177358
839803032
430987211
277981586
244389749
649136479
466644715
589783317
819797924
153649171
929093603
104589996
561443838
647813145
141964139
158170521
708788590
554749357
955046987
800772863
979247284
850298993
788926966
590774004
110464025
487898048
173802749
860563838
899530476
649095139
252188781
462957780
111462908
989628757
710561440
471218340
937994917
932862918
923224354
458424496
759788329
928633477
402366646
992243337
187290415
752936482
849198384
452943265
314493418
298065723
644295710
610062495
267734644
841214132
914505261
544086938
393462525
759735308
137285414
332360982
890449638
104277393
202089387
749340858
345218896
396537584
315348620
576085571
459605745
370306235
480057469
914414174
150412528
443151948
143750528
105794190
876388504
221205198
610536556
390549944
174957392
498907717
691078876
250140565
638232629
535024531
521671676
400713810
830716671
649875541
723752483
369515420
496813045
157481404
180431048
842270311
676146538
277330420
207687621
568260346
388786727
817454651
347019533
682701702
662461209
147579788
346975210
590362815
511020692
173983555
349027282
494615055
505757952
467575587
779834274
300141208
854002104
868491590
526990598
327233605
128690700
736240305
620788647
101735538
484340107
508682424
209901518
239727162
773377907
841338550
657989377
249851893
163131974
230204404
558447184
276441180
750933229
818998400
827916454
524665168
466143980
930491864
318853458
857204013
435225323
262680863
976547919
273446591
266313730
418040405
389536861
992678080
839894793
932621822
808771336
107111790
955292771
665182445
833068885
173590836
417168191
127850842
564552636
728248845
433330110
299667767
352878434
530398141
808562748
804392753
912962414
764029667
125962835
376288448
715680700
164740927
241297835
115746008
865727183
831904369
569328077
167452839
779907269
116454652
965556737
977924109
554898246
389495609
861379149
954773471
434874126
357538553
278674373
464681691
667583571
449374495
517038703
787533573
632376971
598769233
531676118
534288433
990571121
661211014
457798245
313737783
229440107
722985862
578899469
860495433
858810976
260780035
120169801
525582506
800429565
348173776
405787015
898700429
528548296
126334221
633909491
218030405
994637428
154002566
314348610
535944729
812621283
428646607
852023750
915189489
284096887
246231714
421536684
986301043
817359337
935133014
137499508
714472173
927969785
686312128
380903645
627161370
909037969
300753214
522466479
150555359
802259985
820857750
751600584
558557133
231175058
252555026
308012091
781632113
381657653
212836831
111007107
655264241
981948732
573612876
193644738
629715942
877995127
393519364
661816385
286284253
706803133
139986344
930584391
572495825
801063449
906436557
429623005
485848594
283267003
778882653
387528140
661561829
791184837
511028598
956369628
955213287
170505824
194470780
846063769
430101327
585235984
337454250
416456643
327637605
943589908
770120110
429518991
588302094
851920801
633896231
615778865
402977709
270873959
415395732
320965288
683215541
954731796
894460121
661586544
169144954
642090126
497684937
146170270
699402686
393676931
556715603
350871457
159414216
261161349
676284410
546928622
333026157
361617877
420916033
358936398
118920884
896458143
235653812
360871796
673180863
917076792
461159042
682281944
877963175
300465720
879139219
262946457
442047209
317819232
362635652
897344911
439414059
487700597
466929695
740049096
825179143
243093460
859498128
194072317
752153493
664508151
478337434
221500175
157147936
228457382
622047884
796775372
508617164
334295544
253239743
937010099
732855930
884999775
570163691
676067577
625144604
458669773
440111360
113153853
257392663
667610268
497955101
182950024
188375272
265596701
947557334
578491774
385001720
405789358
874676677
306267612
263502684
975477825
404065536
270848461
162229343
198185874
663116496
465243955
819793023
466757605
643342041
506535203
234960926
459261930
272862988
873243323
298197418
203737964
238694614
602858522
906113221
322399031
717391831
882303071
938986195
874672598
905024845
346476289
140606305
992729387
261348268
415869595
314136891
591299522
334480324
416023910
804596353
619063734
131681703
766997584
298702905
765395183
852689380
150016630
527005141
649927339
642898793
513690747
772484033
983636870
538433338
358346913
104801779
945881485
969125559
665125273
238632384
970001022
925554213
296059216
396121115
433785985
333431240
807579006
875078679
398633246
429625216
820693509
170840610
454079549
189630291
607696205
960325255
313406226
284944361
799426348
486880574
242412190
996000466
995695576
121546020
935116065
407335427
899048587
302914953
295863127
145330185
289483192
395265022
606673775
593238753
936146128
609171060
710655670
789054884
649005257
651347556
725796110
185456952
231121096
444149716
401625827
936896039
175310407
554717336
886080907
617729772
601151060
157930655
293996364
190580646
442804662
450314941
218153383
643401567
607134347
675267251
698838075
165304012
625085940
504718351
236689588
116284107
164102934
187755438
213879389
856020199
835605168
682523016
778044754
398268285
809658802
941864448
130005605
109410287
798979892
146230398
171998150
299267927
682387875
959295443
497221841
438472148
712861460
106958203
201583256
827585310
930251704
333532833
126964613
477249932
626255770
800079473
197235706
881027827
334176112
338443740
776121888
454145434
859257799
872813067
267935913
527686439
815659272
603998456
203163372
250837829
386531612
251742346
139787142
980604776
690470789
697420732
333916528
904608771
433282825
867545777
679341676
290420685
833521272
997774178
870068130
100264321
549128585
848289084
736885992
197627008
927646173
818424624
920971272
430593014
949046915
343444186
716456697
683129026
894485210
911496711
373199069
157740344
742008121
705263248
456114609
320589353
361920811
595604435
799207039
573056038
219260873
841590846
928518450
986734344
621883332
745541666
544709671
278195473
969612723
222431858
240046560
972368572
845134422
476588712
203323269
772607786
737284353
505645268
114553424
647412333
826095350
542014221
283617159
423375935
201591334
276398222
798038226
274629381
449444248
616705646
502440377
539246908
776343234
538679304
289890791
100180718
819458230
746137414
426589282
708158336
802784525
864925845
150241339
424370823
788602862
611516924
947593874
950800418
525835572
996972069
985908357
283160520
278774742
784438183
578393276
509054294
753875503
133074146
334778384
446727982
794789256
998693027
323658148
309972769
511253788
885615173
401087870
928134114
340822317
926968064
848927833
506159312
678638096
527360584
512794743
844155406
646545769
608824346
829482862
508965651
377422837
961210231
641796606
793706558
631480939
160315645
933203723
307851742
285594287
955798291
510022581
517624458
849496666
772217108
387244693
308053569
826680421
398644081
314436339
642782634
711736933
949599105
425731765
959959539
750268356
501662052
444104343
309981088
667869796
612473658
276814899
662756472
491088542
772409858
895360896
571887929
982810765
779312142
592590088
212938389
597383801
126356441
781314519
169561784
346343026
233522646
789867568
510154391
751853146
558004915
616323576
536115191
151228126
478751043
164520922
337869294
411222322
848569189
330487546
250878588
647787127
194046366
224116880
518130753
810859657
275424262
947033990
881964394
237716698
218321486
310291407
165270988
523151012
870226405
338553578
356292464
333966933
172234566
798815485
604481296
722365641
184381540
181424162
261924530
959498594
452046674
792317508
119650182
622132896
457324913
275489580
320197683
665730976
998124529
264769971
403400095
158613714
120228428
519036839
567322675
221385562
172150389
633098108
925253967
954159203
780988267
294419024
967888131
147346840
970061829
325557476
110844254
834489720
772001530
795832183
707180467
816057593
487366348
898855786
780105436
644380366
934063511
961125911
204911501
489789096
633876768
448039709
230211351
445944690
809658118
787394090
874805770
805875804
634350265
987203129
584242547
257426790
414321893
186140452
392019251
429892846
716780884
377549015
934058914
975486180
536866244
560329100
736193936
865626828
725316800
590215198
918256562
833464962
908886314
187825538
359497858
596721224
720582127
188818086
590084344
619304970
818344811
123230685
432961433
501538323
761615550
369934113
962260616
832244642
636603866
331795208
130833483
315187477
104753664
979419052
983364359
684016111
396186677
282012707
219794345
881568354
441199270
706728752
714699676
683255787
459251557
599990434
357074682
258211714
593946848
187180409
373431955
713004647
119208125
300152427
851830948
432764107
378196070
834029781
256549766
535906795
927987464
207633903
388245107
704740620
951129345
249736454
833103262
853778186
389544460
744057511
610997152
181894694
438099098
670254483
147521183
197428136
866886902
384291416
245851439
657640310
439175833
983374203
922606197
439020381
822975194
642185061
231999758
323707976
742197793
470201466
514708260
732021617
213593934
269768622
838408370
588285893
628846217
540605977
224930440
405934446
225157723
515268920
424818655
251412633
344172363
692316240
648028095
698686703
816452623
979717381
538282374
522941254
579244612
738851408
848738711
442433765
708598232
909089196
243640025
271161668
848764838
332718568
878315272
154581056
286051981
945104514
123711605
974770782
960822171
792065609
121854403
210752477
671448400
393951074
444088477
807994336
602057013
453268826
587283692
802939947
916629027
201058156
898627856
954640122
262901080
384989779
469933219
588743607
248870567
341623729
970570448
859034293
287486905
760870253
145091320
231584658
140690985
764490498
949418540
212567284
289350566
485599356
427328889
231162662
268944675
588829126
570791572
119967603
941118349
980412428
887986375
417144263
332862865
208500107
777503625
392472476
449473874
530132407
528276074
667694471
416157192
219893657
379332531
312465765
785457331
611800687
978714767
344215895
860558728
741769002
983771217
946169053
629539920
888251781
304316445
193191884
390748719
882622346
774030040
213763835
937715760
960241031
839847414
572348780
449080363
183447404
160388924
656777258
301149991
362639021
252255513
918122741
567818738
518111918
657866579
586993926
343176769
995740379
663750829
640489529
515638745
477490226
391505588
836369253
986991632
791594774
918076759
404050724
138023347
277231293
746599819
615354408
569034012
395407766
173642211
358941450
738903663
394399866
356374440
626528054
791331874
503721353
409997629
271612545
773459597
636835645
820749935
626421533
199170760
843520971
669010460
712730658
195183663
393750180
839273598
260022605
752829450
815074646
483420716
632161952
411929760
885526125
668906959
933731439
570403654
614956317
923096171
669942205
230131132
463932844
942337976
553692521
151833420
764164144
960806347
433217652
873443846
417183215
940865852
805036824
950644194
394571687
362471160
967615708
547150065
178405761
241072258
590588759
272929730
132674799
322941717
851276948
540005178
987044027
444846623
965390736
226359302
856104467
620459202
932065605
326737527
928472278
805055912
840056986
802288988
730668909
963294621
703330462
161947214
965492003
135297477
877618603
445076882
801147304
212571342
203380955
882803803
956978350
806167232
925611620
322478217
850364542
955301830
455950302
652287383
683949523
180591698
951730343
630167888
982953854
116606949
667158148
430181500
383663198
633823700
967245459
365069181
297937652
516888945
789788721
115279590
190921390
348819392
350545406
662808482
213143158
427510084
332043879
544056611
418122131
883257711
838995344
464241324
105896098
105818881
750109651
702422899
474763348
179786336
739137026
540964493
779926337
198542721
533233933
121869005
466711031
664544862
137543382
623696320
131787824
180337880
721394827
391021015
829828917
249102355
553549277
979342691
208046419
300983625
141246593
413289347
101217133
767279464
640908285
500062636
615019124
373001472
132597344
207507217
128572198
834901341
656475737
228511555
501382655
579864068
409134227
969329204
346377117
908058550
991795892
663744126
564928843
832233343
218200652
971026022
394608029
760833047
445097277
996687866
833510237
508992711
929360155
427400420
311868420
949173106
467527369
223486692
431084235
818611406
781414791
982804590
996480089
607805664
437139440
246772986
281254199
759220486
108594683
195730500
181565582
806393803
528113509
247300319
387881212
895563673
250957754
378109643
925940532
340918171
489638394
126783822
378431156
599786468
772347958
325711088
361062640
529630769
597672628
542912267
975372601
578536700
371102422
334089847
862295982
904339437
310386197
145596256
466862769
106895753
921020757
866506942
104582073
671136859
976236632
432161011
809321117
392502033
636027435
815267819
411348793
735037667
624333214
269211534
219017308
200655545
128514591
807394663
937294533
311202150
754538338
153303419
982511956
495709293
638177622
375284288
925205459
391477740
329886873
601927158
452229385
946029710
973788475
413733965
747292283
570679760
272539110
808099984
711024322
159107720
477851270
827454313
358164379
354111180
454265221
974612299
591452470
900547999
151529110
195825262
513332658
274891004
558906473
240496064
929233184
340364997
508100603
878958732
592120576
931331394
553184369
219422114
123708154
190595871
959117312
590952798
917313702
583938927
173619394
555408269
717807191
974134161
399036624
817314191
225292281
502196511
331509709
665823315
207144119
302067782
944858915
345935770
768422583
312651676
463029043
647956682
947509446
117848572
912585449
669406831
160263210
895355400
338850232
588357534
396002757
893751411
247156961
237081856
710638072
324697544
337615864
692796737
843700095
832830263
878821920
695749297
541375465
613813288
305446015
892897261
296755463
560143380
198510504
926563494
188326984
807596722
225261812
918395254
648286583
807651367
558226116
596779727
246028327
329384262
692188670
140427534
484054206
695730094
568445995
513425613
926643924
618051644
569127414
476151752
835424682
209667021
559078096
529017310
565269807
968145706
486112862
393933626
596486465
397457445
909088916
268336104
959173143
616919794
814517235
464432876
769242233
863722400
478684113
699159153
462344524
530619015
907509816
550519025
792787923
161470659
915701564
726052997
473616034
603998299
538705085
953695296
664323085
738570584
938536716
950353622
858765155
195472483
818779574
949756706
332356294
491279042
726572118
536497724
595281953
716131365
702900071
942985322
227561214
583327751
716904064
310673312
916057722
282553192
640072091
875139288
680918358
744057898
974859770
617568086
882967933
916924800
997046039
216754419
807166702
910847105
714239011
560707446
143769547
501864633
683366084
613374191
949966332
909379833
941712003
714925134
977504716
993425317
902957480
256028625
612016227
952498276
806836016
222207656
327276466
417228746
804017332
667253661
796894548
537842302
864123406
709590622
756320172
506874298
762293107
912717855
605159554
798797365
400930797
334754178
498766305
743564622
921818512
916380464
846453120
761946143
808884341
537946472
142710023
523005123
133396657
282967507
482028823
544088660
968639031
265292489
707235135
378742538
795267775
135345647
466602116
741541569
543809577
486176226
802974891
164441236
793681033
942932627
549353013
375354390
717272887
553982123
386651512
530929077
579684124
818288554
427857787
741362172
382401462
924844425
259809495
572655935
578354677
734438955
486567846
383706332
297923092
130335496
298756357
626038799
805768912
578639181
691188378
928610390
899345431
777664146
278828527
652816927
426464254
789983391
154709054
386926559
131507588
771607783
477279279
171248492
796831159
113631641
400954171
793024500
239526148
749519844
615715606
883979758
940939043
710381539
875551371
366463685
977098396
379073140
879362147
239784287
424408422
902027117
684621571
612688204
950294797
322366528
914432538
151844880
298222050
950603454
990465143
562668150
140907671
366933414
414949175
469633035
194161732
457222711
741901249
186691670
908373239
846282522
146221012
133895937
643970064
836903038
513441560
546306053
452565485
920049275
953557281
466479615
462332065
231185480
636555321
649063884
749746074
192446585
196869740
101299909
685782118
594667593
680056845
610508273
958274997
833411854
464411494
488421434
340985593
561861974
148607295
920707759
786647428
824177980
100250996
615707707
676036636
531919796
696442162
725493910
217365567
728198949
473948603
408674840
837464214
280190379
630215450
762649871
389926647
550067378
781942595
818370447
898303499
355579176
556451656
484990291
116582554
359672806
720428700
719783238
216590964
679473491
879088898
586107579
632234426
865848773
445143489
804606378
383483645
614811780
475050977
358320426
592472685
702620613
609060692
213567023
996110211
830576552
536947618
247769542
530483279
495529351
858115880
743715543
937241953
825068570
952968517
204095491
871865287
751544287
423720764
290076490
413584261
487745248
266112448
648384621
603599973
697838070
623434475
983887291
503853818
401803994
429263932
571206721
105840727
789046625
475033668
650397779
181916478
794618981
186843272
629789016
528454551
794138181
874924963
788472017
186611966
181634989
420224342
991927425
737214633
207218053
594652744
336997825
650584601
503228269
273772432
241684530
287936880
284717025
143855367
708883069
325392717
522499659
371260664
141213009
805298176
132131349
327683386
385850049
929279558
261318299
696506495
452416502
761364212
124730814
971725155
636229158
912422730
246452107
237681360
817092908
434384506
815890714
253444352
775438721
374578892
656627414
171523016
827330486
440037586
194348469
685766165
639548592
467809371
784718524
117764024
772306308
880872445
930815776
168403103
522893593
366552738
685162260
369332450
839224228
879972316
201970724
845156861
909372809
302925382
944244545
482396332
415055972
387344502
455689660
705589377
641390069
263920369
378177282
854682833
314989469
483204291
485291073
999478826
742723298
201806499
329805894
455667713
631070419
694921443
645251267
573792077
194382747
366050808
805452597
942129511
560311478
405794013
160249005
282305382
365619840
466723123
334663958
265215282
690118793
426594076
177658275
708513233
859995244
835261754
246990838
635531013
622145145
672073880
970764043
509422162
971842051
285681270
855085146
880381741
144668162
372249400
574884836
732672537
330581289
780951288
832002506
156690909
522486403
662012526
329451921
329315574
119868611
185437049
935708886
378370266
619221289
859454768
225063782
821889324
343806785
261285923
457776094
606210593
940717550
570182041
728119821
848751082
713538186
998867291
831366898
497909103
545515666
995196191
907171702
444092192
635793405
689785340
503628302
628421535
269403592
555975448
585185450
279976864
321429034
403639299
840490535
392494111
873508296
742304691
222456450
293336190
597172374
707599674
734660616
200558566
156326138
863237066
241096010
691491029
696941454
870997743
610740359
902885489
907686374
537470689
650743578
520470376
654566317
203229911
641167066
149065179
827638860
198220042
242721549
382241082
806266747
336515276
342676831
103324105
500553599
462670409
336828758
696746847
196512662
506078107
589382149
227814703
814824119
518352332
592528097
457898724
432266345
771135339
883358823
339778825
824804025
496037183
695905335
307586885
108280823
166036935
859863633
782448814
397147777
161786109
412489120
749360105
231927790
839962110
796182039
257600701
627670234
527611704
842214322
265576636
677476631
107726624
292028709
483122096
201473359
145661874
644132100
558790520
244883580
131809797
913495016
781821828
113190600
250544251
243079687
235760959
485641732
553749670
891943084
143960381
929633005
422296736
888920909
386515951
235409691
163814096
122624681
139859222
760622575
919661292
979413883
155254031
266686788
715102958
487386668
920103899
305194214
107578786
997439970
451438371
610896931
411280595
868642326
334362325
306986122
372442073
115336379
963838084
709172233
283561613
572776068
768397312
441706675
834322955
983318320
718141702
461588565
534509665
365740257
887433362
886485677
600800782
700906832
703668081
431054902
357185894
102354507
402156769
118442447
346921885
406512264
383314373
142204498
806682184
699638233
758628767
165783024
323900617
509308229
756326596
143478290
128051036
366794624
883004740
346775507
151397696
355628946
981361592
776779043
786512434
235907628
971657176
248461202
449796988
870194659
115389236
307656879
207301964
906774584
761679042
182550299
444483052
886593224
360323475
553508828
816815791
322705106
640172863
253551512
967838387
333606641
597603246
707809166
963363160
299701193
413143105
432679840
215601368
778836999
360837338
335405038
400842565
166927727
974502354
758338218
425932510
810185629
134640658
151869815
466504960
398976672
154231714
283585592
312806808
961020256
307779356
340868815
191037067
954083971
523330583
235363483
335935994
104041734
134233839
143504244
357688696
346516075
414274661
847129415
142965368
277878348
581420022
339292594
838078403
517990883
358513831
237388154
795554285
800197923
943492914
901644216
480870458
880380721
562229920
248827455
857185800
452427661
369534221
931769088
686296621
676187799
186228546
276479054
607002457
489840702
695170800
486408624
762519376
708592472
389541529
841939100
166473295
224086122
822160718
584698529
112741208
926874269
823621265
976241963
341682036
829522873
842103312
188383950
478197873
411724046
680551856
346793331
500433275
101852386
984050351
212368674
270019516
750041849
987479558
529925727
793336434
647552305
929694907
459597934
362508288
377971703
858921486
434009934
338226415
270930421
655913219
984570731
689809721
581513672
207436627
685306572
125943987
738215614
483609078
905492885
382652913
534572807
274224472
552003469
426898721
415845087
463375083
688911425
227573710
877476175
686872811
634806630
641434956
492995632
823916721
369970507
693834314
906063740
778817665
723878350
597566463
336775672
463963974
722568884
989851722
389221286
147282424
689890158
373677170
411266505
750698382
820868521
729602789
792727648
479880140
520618648
142561170
253931869
345107405
782150118
260538694
328312886
671141891
988998147
908736254
308061729
272826018
192072892
819691058
773994267
333720866
923846441
570500718
993793420
267388706
855157904
855563086
178732243
931443200
115830352
963573645
518086846
440191784
855037896
706709709
742164660
831511988
464929616
134576095
374203308
856612003
508127797
789982448
841492322
306039537
157559918
571140665
180533198
967788893
550458945
503289118
736666776
993918428
199517862
409240428
669260294
896448223
155637635
976782247
149514355
246289635
545113079
349051241
549328262
938754171
705571092
972739123
870565570
696071053
356418284
652252787
591242378
309441215
778032036
323576554
326109354
545575846
154718533
190157095
321517109
290221990
663247801
417269528
759499623
817227219
570244800
168398443
302969254
573311428
861209971
770534551
351787406
798385278
679582982
834871227
723188808
878278590
916853550
547906202
241908209
183803887
376706788
449380254
535800328
743974309
471284549
257069676
646779377
914589285
593313732
376294677
650060032
938600682
191905303
321197266
759119593
820101213
377316825
586590255
691350532
799716094
552452148
109371049
266577881
324393850
557212028
600371030
704262469
871053132
111311650
635775973
839003787
242026209
159155390
695567839
361936146
438377501
946741853
525183326
344720582
498919965
633795755
105363607
179667390
111912065
194606867
537687378
684953891
868191129
100124913
661101257
445756917
807599425
723798424
428668563
900102876
949185028
422687252
322655458
123719519
556883010
585699681
167471602
198055851
974840347
334148897
922315110
912768392
390659412
210831832
122994054
155390053
414208068
250145501
697003510
852852385
201083674
646437802
654874778
465749268
410637507
348006662
893001204
513489729
139768657
692089550
125003091
874649398
781188198
903035125
317403921
177037908
770292125
455584124
110228406
438859626
812671007
394259813
315883554
288497636
509675857
936031937
398205746
445357709
509580535
267147575
764730457
871055200
460106988
416971267
842807204
822257054
157605592
394704970
162331389
579398787
235208367
141161789
338378235
835482830
202055783
560473082
182259763
596408313
564535245
829900940
900117626
510529834
585417771
294981848
692327408
729287548
974471665
933761655
166935494
921847536
290547297
174783306
983342514
724036065
425473878
548624298
663488835
438388515
914877194
128609651
618567489
191126679
555502351
196567712
209101486
519049131
352494614
526808048
741188062
505664878
138064324
332163094
545528370
303436319
601136239
902876540
661373149
484005204
289215751
742466447
465230622
463775497
450515787
789591126
535609838
815557731
531204767
311011562
926703490
453810158
629351853
930893264
813447952
206048133
381965520
509620592
974891987
635146396
152280968
319635519
316305364
790038711
980852562
935924687
275137885
364980361
686841481
747755925
836542636
979205516
467153735
554943888
896039913
307067105
890648136
109711500
834603626
787271021
473424716
827973023
294737801
479668536
173692830
280425060
128175191
746225071
141603767
118323296
265020230
388853455
218472565
766774562
473506016
654967710
441074660
194302290
299728441
581523331
819542020
520224248
465223350
433363024
930225180
155937849
212201697
819713402
970226466
297942955
850968827
425056177
454335645
872662685
949509877
158165699
409603096
975618865
289352431
898778356
715449244
987538883
942461148
204287169
270824635
787576397
405264043
837729274
206016066
351959976
943142255
322700967
421949770
498221039
249930486
596054315
473593549
961819188
440779822
996907366
463660123
577124690
502335459
388769190
387763449
600680786
555023009
675682392
915261688
238246474
544636412
180155414
358813560
374373132
191801374
269469530
665747339
441788279
604516469
218505032
913954818
542772716
971879847
573352213
943551215
916753943
909325833
546376342
949885443
293093169
765423526
843975571
193171464
174820832
285606149
149219079
737690961
398556636
799246916
501038048
536167929
146077816
484092224
567156337
421627100
587539691
769629198
737035975
110584106
737884329
519695573
454823523
917145973
813724689
577250300
698535731
861394841
383727968
112697152
718570274
240641156
146360179
616809544
864232194
490030102
627170543
727023351
658873260
179629111
138058642
324981072
653117279
684353312
494850893
379703855
796377839
329585373
954955845
462397686
380204703
735570570
244517517
434570514
986394257
610591614
803183499
278587832
413343433
345618495
134233708
467993392
228142795
666111732
408511903
169924514
917516261
502426819
329824285
644043159
325154024
633636746
890790486
954301811
206252838
575276238
973056795
739073796
493767577
115748269
988775200
753107378
397938159
484668068
782514859
143348640
890395453
260170453
773748905
141175468
590020775
575359626
366890169
827458271
895399705
645200411
143592980
418616186
854765945
671426882
714465477
600846483
841162633
471598496
572903556
189463757
312678372
474576381
528255194
253111611
281819230
973578714
909433073
500366259
605634903
513577164
471235241
262897312
400062929
157602658
744894897
245421157
524625796
661185532
520350701
365613517
960827041
980740821
164636477
409448708
941771507
952439110
587580168
134487345
294085928
540065738
948893974
835294941
881279265
988964375
676957962
271073972
303924695
392777331
640741930
827806272
166778482
338843668
719952328
954547254
322867503
306493844
829282632
834329094
889593318
973405177
186131181
751554654
178648987
206454439
208630817
133936453
190786442
294786570
897670302
469421435
845677504
178265602
587672270
731342103
933907192
422630778
694818222
169527341
385960929
387389643
555347083
607753301
686250999
487151579
960551916
852872349
479034700
692944845
263123847
570753474
434485443
521202275
228352979
692784588
151035847
772382163
724124315
287751244
846985957
630993139
461822054
428040064
673608492
161523264
950430664
358652386
839490790
987384113
410307812
545711385
111897346
893222809
961441104
127885312
862362659
807543286
953060313
693674983
737787509
840891476
476413876
343401149
894333462
142930391
199237836
986338254
643155067
646495206
771306044
406855334
386084804
872780294
272301605
585326871
653560208
580053845
180943163
834369039
858880309
143754086
823559641
392017761
451057684
705477590
320692111
683041035
776172602
708261786
573194702
478851955
571874951
510446902
696288879
887341371
289532585
450117032
474292245
685680351
968440085
815381903
708605019
598393743
549649437
283265348
833856830
574528955
547045589
381313522
423443623
770816465
106238336
132184231
904061713
118495508
926096275
394280910
410881921
188397572
967334053
968542073
398023312
511016977
535058969
758770145
607961475
127299783
395122222
558596111
420756385
154348207
477190218
151952910
516574615
350777046
905402925
556212948
699205053
499116648
367272571
442354801
401081618
681650418
550979320
592664664
492341716
219654089
972931259
778072438
853760572
123985355
927172240
733169076
448845141
843401663
686886307
507556201
747558266
483240017
722464227
598149195
812641505
328898058
619406729
315860154
989556983
915646740
400197225
238005731
738288098
255500127
958072911
543884890
958681646
482830143
643934095
882320236
321239998
823632067
269441526
466906811
376105968
472551040
334381522
384109015
850945927
519731288
638151964
183108696
756334601
316621262
628906033
627215363
748223364
395391706
461045467
322496647
821928141
394032026
935372464
744366518
646882870
158092424
559085251
443498018
859666256
387001355
970611105
402926395
883526249
626244142
693626622
377081697
517645214
889623329
848171714
947048367
532779149
522921014
945011946
479391555
321424060
928491837
864760659
111856068
339521862
561287753
697240487
600651286
514513235
188446323
315700518
426504027
343728329
525041196
849896441
391287652
327461545
872098341
604046865
302431801
298942779
374754932
269780835
199278077
651593974
779737258
761048861
598790697
437988686
149529342
125598998
612101411
192753107
745510574
527688077
828482732
580944009
317830841
490112084
781785729
115902021
699219051
313854510
568395854
138631040
284452332
669906034
972848859
176554623
126191466
552133782
809955038
224890170
868426278
919995810
639784883
540815176
726552396
942408178
106123866
991562839
784918084
721689567
507171467
171313767
690307920
835866155
325808699
328049678
902113941
879896902
270486999
410890811
854461551
N: 99217901
