P: 503051600
77003839
91534713
49797324
85591721
27567753
70135462
59582737
43228943
65820407
83332834
25130850
68864404
86792580
71696586
45457309
71138727
16992920
29838167
68223275
51750531
26225315
36635013
67372078
78723954
66870526
38248862
20218384
14592362
47066922
22016308
98696104
99566977
43493499
60298643
35915178
72329887
72430239
61876086
42121739
87262584
84872615
46230356
24330513
42517481
25113684
86969223
39163411
55594789
37059125
73910758
67642845
36013008
66979122
30942972
80174948
35837412
19356897
77122784
47979661
71446932
59494424
50175648
34854789
91383327
97882074
21913740
66952207
47646645
76295207
16685018
73593810
91320702
62001821
49915989
24410965
60495046
90015054
16963685
23054064
58057501
61269120
98049061
40180806
37976775
31274689
61829783
20674354
30510316
20290698
43713477
10474584
95645186
89734729
20097858
56271770
22064596
80980275
44464021
41356006
63289814
35920544
80394271
19094129
34288543
44821714
89416768
30239846
81876062
38699275
23211385
96372715
86189680
27160002
88555192
10645865
37892477
37582510
43360414
35294680
18598633
79904279
99253283
43926943
51331517
84117969
58068445
18295082
20388069
93609521
42825255
68426041
60054042
21952508
46597824
75252108
14812146
65711339
19472130
62250901
15855265
54977690
81623351
39160181
70680975
85590240
87912296
86865293
15821783
82161132
96259212
98703701
19168609
41340061
11871154
41198041
36100087
45641230
71522852
93077584
78693760
13160937
98512488
48110366
94389216
46849744
45893766
13753156
28264519
62051849
48178288
77809400
62823557
47609057
46873187
99928544
99358301
15490305
53589423
29869168
15500405
29835577
43701595
26766640
59763870
59554139
64355434
48260096
32511321
54593517
78363908
63747668
76825041
96554685
68214428
15477137
44796767
68827677
45310653
79096768
30370057
83743254
76156251
26354756
67271885
15236846
32553566
99500212
68433692
14478135
43910906
37046851
27091773
17685550
62529016
37888953
70236321
29635420
47208727
83439902
26349405
52360864
24380129
13360776
85827993
39284701
32396270
51768355
25311628
49855097
49294461
33772643
65720231
42251375
33105967
83750655
90089772
94130766
33297413
80541005
22401975
48841106
14828728
63680731
91115611
49921143
14840549
65744712
54921764
84274146
52257725
57338484
98322255
37023878
28257336
30368161
84674114
58839648
34731438
65139617
89030372
32917922
15810743
62889196
45608637
84221886
21156744
55398350
64493424
34639254
68533246
81422953
54572949
47661845
95044438
67992192
25546859
20661001
69687915
78064152
54674497
51437713
78382238
28863668
53804809
61907200
22160119
11596864
97287649
40062798
38184232
82408953
56576008
53821499
42601944
13942629
30244214
31456474
89046918
18495950
81473166
27144274
78489838
76336486
66769155
66653396
43621301
54803459
90237886
64149883
99754690
75103001
98430768
71314700
54232988
29082373
93453108
12303555
41982927
16212951
30474447
41513701
74789762
13763699
96020235
63343214
92069149
81689108
12288442
15907218
36453836
49847154
33582822
36028350
93283266
78496724
51371645
24046544
54130398
22926891
55816020
80593107
43305954
66589323
66558908
71325384
82608531
50992402
22567684
22629250
72014392
95451437
53600948
53192268
52956290
12734099
27385754
33665136
88836598
33549698
66078822
42795985
93086793
90795243
10471891
16609613
42031242
16026440
76754326
25453208
51180219
17689497
24987672
31338980
61898362
81750990
95360304
90835689
13530469
64088608
95596128
45683487
94521568
94509604
93287972
65963469
88422627
83746133
59052923
48552887
28403447
42845934
58831968
17823711
39599652
92357244
92951573
25370546
53230369
24886133
43014923
33084041
42470151
79364839
43027874
64110631
23873158
90641239
47555303
86792894
94823859
94249111
83744158
59433837
11058577
56070193
77543174
27787321
71942378
26207123
75713940
24689725
11039747
60120873
38494028
70049836
54708908
79807696
35740739
19845044
64069725
89559147
71049904
17521824
27103387
33074872
46121491
83946251
46382653
14172270
33186535
61306836
69590346
78702197
18247452
90157757
31392850
82794074
58068756
41456435
61389250
62984198
69112241
19567480
82568700
73026513
22537765
56360790
87443854
78207413
69817590
65686460
24013075
92919038
65546933
86457431
59173750
62904713
17032327
22710984
15375973
30314185
95824166
61418728
23545492
57127886
54833633
20274959
52735817
24512148
17869194
47738441
36550822
64063299
50403189
86821920
35750997
18678207
28518624
18825628
66907304
12285661
90730138
49027037
49663337
25910814
40268113
61601785
57045131
24077314
78961209
40269950
63172507
69620657
92673500
68955114
51071862
96756247
32866551
73276707
48520182
35107812
63837471
46414911
62094190
11319034
70358760
72415801
78316661
43346192
55783671
45857548
92500920
32325729
99197902
65235399
93854199
43363766
81318509
84249863
69119494
90508945
20173007
67221187
30907440
44649153
22703836
25766961
53827937
97662971
59308117
44761354
54334687
35535577
77111494
12058479
26178312
44731259
32139468
37395089
35209486
66093947
87227417
82763378
28210428
84544698
91011658
34113692
68108197
22235656
84835343
39545761
22122064
63991421
87334049
71415071
33260729
89904143
50497500
78426415
56382953
54003577
10398326
64445691
46027323
32252616
93410289
36002816
15117640
41387949
98573335
48694172
15724277
37184936
74944860
60953022
12657565
75663903
83781852
40066284
62803663
38743322
13379235
77336644
41916435
92359424
89223644
19788945
54345948
78708904
61191331
56950706
33932930
52059063
62352412
95752758
36079063
90985717
47326189
57747037
89544819
24813036
70361763
18193507
70314520
27255182
80690398
49717730
60563220
99080236
24024937
47320626
27706855
53000816
80670382
15643381
57378311
12919066
57731659
99237276
64849296
52044865
23135273
87855265
52594155
39385804
81476754
27924460
86468781
65310728
86167458
27609763
78404693
64109602
32760638
73582838
49603578
39581634
42287693
96666665
11058714
45825473
28272504
66927926
57536321
20265230
90448601
98653631
72454866
50970611
42768520
25770641
93779908
49274854
70343455
99753786
27395988
95155440
29478167
29349033
24420909
42403965
85385971
37426949
87421182
51094064
36570787
86220852
22126348
67913422
16672386
57977349
95845991
17087058
10226184
40081757
33117166
15970461
63675306
83192210
50550042
15929008
85670540
71064052
38986152
29260969
36998492
88711809
64641473
75522432
84011059
55820447
86182597
29071341
49742598
83120375
96342096
98056975
95983029
61233524
64329901
65675356
97751982
33501580
17301659
48346808
54792159
29420585
31632189
37304814
12688902
49114453
81930295
76350398
76364946
37321846
98347230
26099622
40998163
88044122
61656687
30825486
57905158
29595489
16131855
92079533
92510793
63286525
31053067
83468605
45011059
65607569
84373629
40153388
15720749
69643494
72105341
16259399
41433223
24209311
96517347
14204944
15054649
95314760
94818200
21081759
77495178
91030203
32723058
99520530
33842266
61480734
37909268
13365692
31459960
74939054
69145770
74404699
41287819
10776008
26357779
54372785
78866764
31757974
42932537
61815967
18318273
72172735
57024253
20805843
68775211
42219353
81498207
11461325
39612790
68077024
76097050
12768632
57461395
13911169
24039848
58428346
28707692
22190810
36172220
63086031
92359962
21834536
94261440
34185156
34270316
40057046
17105031
57982885
41775161
35474088
42707737
56858138
19326895
66129809
18664833
88395259
49211152
44377569
73782132
59016983
58094372
31252639
28074910
42665541
43204067
45242865
41215454
55776457
13665169
60715203
58604878
74257873
43113636
73691217
76521973
50873880
93108387
80617480
59158810
89753814
58757843
28026589
35372906
72830682
94234206
36511514
99985927
80880959
10502177
72029045
52771870
18091204
65874912
19154135
88206496
19570550
98640729
71410757
75251059
19287618
40832303
82188099
49806193
26412096
83024440
70302085
37583280
96700531
61751805
68714552
68230666
12780358
92393967
37083214
74358926
76180937
28277983
34906061
44586478
99756144
75659677
97424510
56914814
77481518
90319818
69031780
22132977
84033520
63532081
67271581
49384882
82730677
33908179
75244656
20842629
35917130
53725925
44061230
58147726
24337117
16078160
92306920
25372914
81824587
52912724
46437833
16549770
71331692
86831028
58087739
56275296
82047839
29338612
99635664
56883243
89970026
14211776
65477661
66187353
35627369
31376092
35637369
72659374
21010822
22880178
45140804
63948222
61139116
66620758
23289638
74237442
89539327
76558429
16968363
95185713
10790992
34470098
91963026
63609097
95460071
90173061
67742015
18724379
84775181
42877075
66585521
46003544
55345617
60436001
96616236
73944141
98439317
96284812
56012990
82043025
57292409
79935594
86931673
47151539
63004438
70987162
39825364
45044008
85662043
37139093
99821490
77169641
82633866
73054828
79723007
40883399
95909169
21946858
64090143
13928445
14772606
92153596
56081616
48596735
76062050
69074974
86502253
79620987
60703255
52981868
25569962
55991570
12262981
78684940
17322544
33459257
89675192
38928834
67415782
71628928
72845089
39265587
74380390
47014779
23186900
69694214
14835186
99296069
81842871
56659480
76353017
53953744
89158892
12028955
53316811
69413758
67543503
87514070
55138600
80486819
73580887
79255729
82761164
56866200
76968787
78043178
60845371
39308576
95151242
50118952
53281402
43817354
81272146
27306203
90423932
69147023
46875339
18468953
16249851
31194962
65979741
27516117
64097844
76919476
91810339
22099505
99871463
19492218
40796605
60628384
60598495
21618438
87312668
96369704
87310254
67087849
52443591
86740368
68474788
80768920
60943478
54110561
69598780
80067882
53076553
57009961
68727997
68363931
95646502
21131271
62953708
49651447
21692904
40671677
41856776
43458767
51553251
32818428
74421987
37080335
38069053
32048035
70362793
64264911
85713800
88687107
24069911
18214801
89116110
10238401
19428738
84217153
83075576
60581029
98323428
58871727
34491993
94554633
97792087
10084603
82487663
80847563
53658419
43506175
99468624
37244800
46394312
29781165
69264208
59558332
82502819
96328688
22751982
45409899
70435831
46595033
66539324
80409175
88074662
68130508
24338105
80735959
28000292
39696460
34811989
60108138
94692340
16231710
53218005
41986992
89888734
55332134
72884436
73471686
93702298
11444619
56254467
67042271
28781776
19284819
11085003
58222731
29842942
13334377
90696554
64624373
73735654
30880624
82913016
23402980
35898160
67930472
46045446
43718248
85282739
43655347
53187616
57118898
18272097
48483617
66239699
64235344
95472486
46898099
83690030
89893119
82137852
83425030
66010306
35822758
82640186
43161164
77031018
59282632
59113467
58981867
45497339
18495099
94481752
48381787
81214941
21840578
77437226
53427912
64555032
99289242
35975596
63071848
83670704
95604097
25772137
37783412
60088085
71174982
30676783
70484561
30738585
66367824
56130755
43034779
87824824
93062519
61699161
98208440
90242630
46382356
43622141
91482637
51804679
27319141
39698912
45015792
74796896
17679057
53830722
36686123
87629595
36667028
51754778
98084886
83246329
11994961
36878067
47494194
96844516
54560995
92169794
90457178
36775233
68481142
45684825
81851377
95465711
80665737
51540923
54613663
41124176
53313037
82829222
75255427
11239871
83270542
88282226
86315321
34490611
17323713
68493879
13324579
99874844
72970882
24022516
75501044
14010089
30010376
52885578
78528207
36034185
33275456
33477091
25789689
80202304
15404544
40383649
63371867
58853627
89714631
75234911
38176430
86443530
93302158
32819127
52968250
70652394
84129623
19888375
88971122
75854896
42734145
36064347
19786570
46340121
76268104
40985049
62112733
93670034
31342625
62266745
51338621
19321478
55728599
75209105
62616063
51220134
17160331
28929721
27963959
92052158
54333106
79107916
20616106
16055026
53207298
79647808
61797689
46493862
97452695
92149614
53210499
62890405
60817889
88672329
79243485
25916975
21733877
44123193
87962994
83069117
51035594
18354988
57732500
56754801
69117940
63763210
10665079
78490254
38441296
51514258
67041074
44434676
84386391
51143029
28758109
29864744
26492661
92752448
18922760
11896597
22021422
88366998
38130633
73418648
26524163
12146735
33154840
81655804
43716155
64814453
32250884
22887284
64980994
37991561
76461717
45756224
41355749
91215323
64428833
80553321
47595785
54415576
31991601
63401420
95078088
64658819
37546255
16288045
57098594
48709497
14869408
67606023
75569547
85314558
86218046
35200956
38955555
65299636
73163673
42680621
89624571
63963024
86585676
77042738
74056531
41723737
78150558
48896626
41208049
95667957
75529459
51293987
90357966
79458990
55692378
81800400
51214233
51129787
83898989
14646462
15032634
29866494
18225323
41450951
91308805
89166419
82903436
89016946
67434889
16856558
60567348
13845962
78575746
75907812
17149764
70212794
38218200
69421778
32860382
86345743
80513387
94697149
35065577
52300801
42537276
49991704
44653267
67030132
10437380
97607817
44338063
32305457
34523829
87672821
40699863
65508557
71538069
75629876
40578997
76207664
95416893
30986113
57284416
50294947
30780586
32397908
42814575
54970707
26041066
46535756
27126596
21299047
37903692
81311736
35434650
52122858
61372538
23221584
14686825
86530698
92950388
58821621
50649011
44474644
33692111
51101053
72175234
19815031
92381556
80045441
83003497
76158254
23185336
75314331
90615400
90778167
14581412
76492545
27739906
84496892
57711940
93614062
76913184
78242352
46779681
85342771
20692891
84702004
71458849
81380658
34521893
56881482
90766330
40624628
33053077
29264999
82166279
82161981
78588730
95692586
95900851
24257328
24695720
90933500
97588255
90147819
86998422
79291961
19398282
57760155
39399927
26110926
10544676
98992884
26894659
79158098
35451448
29226192
39263188
25691506
54993092
42029591
37077763
77222001
26818473
60837779
78441347
32069965
15097081
15269033
40716867
79760281
22771222
70867405
11410000
70478547
87569326
67318120
72174618
69987090
23669926
83191242
32733940
15508550
14026018
80023855
21198111
72143498
51196912
75421046
31953232
86030232
37529586
22172704
95721570
49429802
58727670
46481243
58436828
53623938
18940199
80173193
46986926
53037839
82651195
68183174
91940243
68686061
77665276
40140337
30252560
74072903
63599444
49526477
77698594
96367095
40954966
97030333
27332313
93376727
27368896
76553376
18624503
28197947
69372727
35917731
85394919
24071032
12122865
65219619
87918995
59581886
96746020
83122875
49201370
43111180
22170745
52144410
18446636
77609025
21119012
34809918
65907468
97972500
59627551
71626002
86300760
42967734
80437253
27930830
47663094
51367951
24176684
66706788
39489191
41860878
10640359
23141201
29889162
23177496
80410754
44679255
59189317
67183537
95982495
12758259
99031323
98864461
56484082
62762182
55843692
65421793
75577605
65707955
55201059
81519910
66485577
25563840
14763375
96523262
60398103
54086677
38516327
45513464
25935458
73905014
32727254
30050071
64429008
78159140
47217441
11117694
82448649
34994528
59774460
97369881
24048920
51821833
22162930
45907883
74803136
44567063
89517168
84939108
26599120
93296394
23781867
92586374
51918016
20795578
28444063
29830109
43063744
62469146
91047423
50518666
70236271
88019430
68999117
70939460
21816886
85755620
66153580
11638325
63337710
43033119
44413193
37400874
76073187
77758170
20553580
38325930
81136753
79898218
23731762
82130574
67385843
38208246
28116813
48522400
55760466
27504468
86651867
67178335
66183224
55515707
59117529
85527131
87026886
99847549
22022751
83838933
98671774
38142351
25245801
66902129
44174632
28865959
62149647
52991370
89333366
81632280
91136808
93825290
15030063
30978825
33925714
76815587
33564922
94285270
70293263
52104705
89469206
75197609
33756739
64263420
22713623
32873955
32715957
63897607
38679749
63509680
52847576
73380046
41857154
99778513
83363622
75769079
37537804
40293255
58062684
96904540
45967409
84401792
29848150
29072740
34467083
12433901
83164652
93675805
18710687
71514954
40861875
29563919
53169885
34357155
31096080
72663275
65963517
98581148
61533979
65153838
41429547
40848292
83622525
65170611
53719356
97688652
41056656
85299187
15550250
80079438
30061409
60223176
35737192
77832586
78307852
49609355
86310343
56651105
17428662
36186805
42062165
48991250
29925530
72992388
69692762
54118334
37152684
85884210
25836270
51661881
12127255
57854574
33171815
81773574
89946174
73022920
91085420
81104293
42196652
89569667
33544765
60130910
99171843
64830779
53539089
86723431
39159110
51083724
96030633
47298754
92941775
39169608
89935273
57734677
38478155
14430694
31281035
15973672
58752821
32086710
95574161
48216800
78256219
82490320
16734635
57109263
81138542
25486277
74868735
69115992
64242745
81129639
75536415
16582685
77630838
32094919
67876842
19925819
76356950
57787037
37744845
51988307
34577789
96101251
25535290
32253536
51283011
23569646
43028639
40682997
72952596
80986505
28728725
80374966
80137047
72583894
37419943
11484901
80242769
21017105
81659510
57909832
50336954
90735925
73270669
25701940
11698340
14621221
34383767
67507029
93220879
13283190
12431851
96096189
57011864
99244257
N: 6451571
