P: 917421927
168123
656562
583465
695916
767371
706979
181251
377412
654178
347511
925087
142203
382118
642418
780506
838329
959705
299479
412034
312551
926374
383060
324417
639704
566149
221192
792132
450031
310396
180416
242402
820308
958559
312732
536986
890679
788557
732392
730945
872423
789084
156146
617631
241075
305922
884815
417295
953918
451656
972013
241485
284799
861032
984612
730853
487220
265098
684957
615797
793553
747509
352393
790406
365083
394509
415263
163895
859293
348231
315339
919926
927863
499711
315075
790924
255977
771694
731235
665215
874404
325846
236817
736807
939171
313542
452275
632919
849171
852258
626649
338973
899995
578412
496617
200741
270777
535663
581949
751151
121106
819102
302935
594992
282086
930807
512184
501604
324704
382892
913732
721298
782564
718909
780154
629221
382983
271662
667068
776476
501308
854361
894076
341136
421940
219792
918938
399871
854037
975986
695876
180834
351723
919701
776048
800066
863912
765030
261413
311944
959975
377454
300875
648536
841413
817288
160755
185561
451901
184644
563163
104247
855428
359870
960491
249568
673208
270954
956850
223523
168237
518626
495218
828758
629196
153651
364948
475218
306121
418221
927265
513658
238632
903597
461855
201663
108512
904068
167439
162358
908505
445248
557561
420509
751776
640083
935429
458369
479764
699474
633013
284767
228732
271812
689063
305522
690304
548444
455408
379283
878156
756925
985668
835323
834927
324498
939012
182161
621610
285707
529683
438619
686347
634709
902561
691237
789010
200653
437540
753325
800699
776248
868502
858612
526085
922441
708008
920541
910143
386241
165811
592456
155602
649824
214242
158540
218426
305309
780502
178559
781503
278584
942111
131414
801186
613536
852453
189710
176596
976269
470061
684923
851480
298130
403180
426787
672146
407595
499457
374032
987060
221872
550951
260179
458976
N: 89758636
