P: 840947302
359074421
289482101
186446992
912942658
680770216
753079142
204201910
144276530
960817026
410473409
670350279
349966598
865976301
378511134
674222660
766844902
598658098
815737571
792916511
362097326
374303270
853780515
404673478
247878694
473861519
414318367
892001163
602968830
872368117
933104330
862230712
369440214
567804959
719527420
832010231
754562830
928768627
461312562
626064679
301294057
634726518
968861536
433138879
617138432
626957012
898495227
938018519
949939689
368071665
322070388
223206315
575633246
116879949
531983486
196452123
713540403
538283286
151364545
655207394
371352414
721954384
480784341
683941540
327108198
453635262
879820652
455773912
972627662
551850233
721412085
668964698
587087691
406845639
238889774
162035765
646042898
899202405
897724484
223920774
660848799
559751231
476469527
778925936
347147744
344351017
629909004
476689155
284629425
600351681
590061899
781857401
746283924
201180770
931386272
535069324
799650948
252376019
979050074
759897405
206699305
740262486
436501753
228216521
866721726
292519531
215641649
792460069
583235460
595680292
105378850
585771393
271338211
551248110
126488229
240232468
523170963
604946863
575585083
600908240
688469750
453131167
193502472
514901423
459236299
891086110
440946976
863169546
241978231
667118460
284384332
606107719
836699133
680292638
647053778
750912893
536276102
765036954
481860575
432344167
579019024
160033942
294678523
101660535
817167871
542370778
192665417
123019830
621339199
913490311
226795760
881985493
348790547
374324206
698927335
789075749
764638090
561112190
725042218
526796876
480728395
491096377
742663030
768277931
876431007
806550276
728215770
299190820
361114283
241787784
785847126
953353550
239699312
314637489
904753353
975666571
306367548
755834433
740192504
528532886
769480096
592778906
319482485
537065236
849443959
524199243
158577988
745357759
673717991
107035960
605940116
758012074
520186248
986642120
884386276
467142513
927682898
452415907
714448724
730923997
884279225
675255468
120823608
262749049
543204646
969297608
787840242
453025154
901118195
647383934
122251045
507611664
524512502
590147621
419521342
475585477
390597033
619733054
228384778
493899136
983044279
467823203
833214639
390052698
400692424
824294858
216316075
490533493
624271903
205044059
132349855
736931764
585057139
396620494
680555564
541297478
807574544
343302250
362164186
481176151
250340947
687179680
344782905
634388072
906290388
944786568
405327882
841163423
549875651
666383057
684859217
344834547
500798058
756756378
726100666
477295442
269847520
727734430
807375294
601925966
808580376
977109691
118153415
395962050
874903006
374389435
418855460
682956066
274726706
133287812
629155127
795051550
337606333
302227885
494792154
374381615
426835143
240000690
384413783
709756368
933266255
556075020
237670891
475397316
623802503
292580946
824727089
204559736
161279422
467944488
239216825
406870401
110152169
932815219
226209868
619835055
522471266
448102846
514273130
678812343
908375648
324136259
249047862
929748120
539805089
217980172
344117462
807895564
847679668
114653228
336482346
885401584
962817550
508400594
565382013
604213970
168695512
872067701
105058232
116929039
557283175
664938196
946791646
593727124
952539532
567637822
404665538
168479943
234728551
298682745
314196591
159410583
309926110
450879367
706092392
413766123
334173645
344439921
978824400
329246130
791751923
220184918
413561452
247591780
994598826
482305104
571113253
458111834
314713933
854250266
649565596
611468471
912993249
943953902
202548631
701848727
626607118
805428626
374970598
267938914
509617576
955270562
427491781
468692690
700281481
735416963
705295010
184899655
497500997
218029668
283706881
582379859
308439984
255116817
295330756
809260888
155349868
809958891
479764117
203835840
409297879
231738514
958261085
729855956
437803484
518959393
960656542
747545765
537801176
980413198
165971814
749661008
909515679
195542397
849748618
746425568
154745429
575546382
349806283
855409985
235295057
353472325
690359487
829495085
407401364
150858599
180087634
137769895
455393485
526139854
965537071
556359284
980885387
980124556
406887706
913671967
661551543
586162031
209328288
207455143
492889810
627201217
927128947
722625873
835628930
979851058
373016600
647277504
269532149
581818992
604255731
468398412
365044934
659045529
956929107
982346777
136190010
432038265
188844057
417718065
719437873
322846309
442394023
140264403
770633435
487438783
461114999
147295767
970917361
480543230
552932138
250185928
144619607
160836385
848053189
366192635
100991417
275797098
842047078
118344945
609357841
480733773
275695472
556816350
300896167
130022930
608135756
152941554
499577180
682134929
414969068
194695179
257851679
163160194
282020992
919349943
869981963
906548403
719784631
622120603
334380677
976820455
332274833
596377086
927150390
287140668
322760390
815527231
910739429
785918450
272787276
268943016
688389503
726926000
361772832
992506367
112969303
454455979
855139234
212721639
184485268
605856968
397566634
495147510
701425762
781285951
635365059
197101599
254841070
777699711
458312177
284346897
375149230
211107254
626007463
211916533
350290868
628996600
983461510
378694971
134056976
814710443
171482979
861917601
119463595
618445580
589986638
841457341
281509916
321110118
403873110
570794268
188880504
420242112
974489538
823218426
764340333
695709041
829875947
152922651
631871239
329832417
331356535
271438962
852884469
475243731
478188721
145197311
463097203
126342448
365526293
485981875
872554956
473582628
885510581
642496403
895779866
348107744
483961885
147573371
407442371
689734421
391821777
307543646
343305893
105152209
997826730
304236721
732094713
146790286
402956962
383087629
569093227
156978159
499447760
143283580
536463339
121168562
479329872
746599916
782596267
129315081
385038588
208188442
732977221
336404722
893662520
609662537
694700428
186279388
950823453
807707029
338902865
345025078
185299478
758528057
439418475
676397190
821280336
229227933
597140309
967962711
988465709
343347780
280400063
579171438
789005429
708226271
348687366
414249594
826174506
290295273
833294265
711802735
519099591
322885909
353979082
250123005
302658620
937831567
560399040
308520777
156838124
367677866
741228427
711024423
318085023
266352451
664613831
374716933
110980933
533010174
579959547
678730083
711356808
101467816
404796682
291782467
225980466
798085399
475333004
368103658
796385393
808500402
429356540
537707889
887966889
241385635
268480005
583277352
745474950
142750234
376180118
526962910
597986774
411036782
142585555
893030835
249178214
892267865
885599848
766298593
788340108
402493907
204620236
214509429
961328267
114283065
529837626
550787693
724422890
268536576
924033148
842970744
903283452
716332283
621255825
922324796
545037463
989094310
994555601
654879372
585722726
428152481
861688348
380497263
173897265
589072470
351528865
217111882
496889293
243647849
467331219
169520838
607661586
815539671
371642239
413036517
203797800
555791001
888117244
346835879
235022948
716105128
884014739
480709460
401022800
679443456
126109502
963043418
956461803
881295740
507212097
260115621
777907068
343974560
824284638
868953591
572438025
989696576
629638118
435183587
784007049
955706526
553405998
827916708
253699118
274339253
491612816
686438406
345958610
350460506
471993207
932019847
726634151
368966278
415752237
726345268
545514887
911852384
153959376
287035250
503860137
960533735
362073304
698785064
203926701
685300025
906203054
994972200
131216312
906384684
486294811
218200660
558492540
373402030
138433091
954603576
779177817
959674063
741103699
844957734
934976556
891196985
358591570
517660084
986122417
685609316
340098860
856675040
340154871
129339583
743018191
766034894
169755528
898982539
660417654
589360934
317368159
843697983
350961998
795184374
866691939
341282709
506857319
278702914
707347893
718559594
662431527
198604250
258595848
544906330
366064726
132633646
200588501
600904913
317038962
273928954
952646692
525344726
356830966
902042813
231934841
376299279
240981547
362781679
204452155
511682347
999983169
779774296
136088896
470536096
411449580
448055300
531098558
669373791
585026727
512963696
784093011
974098085
438786396
127140169
971440460
888316921
873045855
571947780
912916194
765489116
400212475
733923024
549996467
192223218
487186830
360495858
620450431
395361966
323789279
124446007
817707364
500442142
319853268
239861393
149896291
312475096
895923317
601631178
341948960
953750412
751335506
216803059
660797530
116812706
444518992
794051705
290948277
107978477
373721720
245449698
664826029
555212746
594741959
701335824
660255280
390394713
292522448
740530071
631538642
246606418
752110273
851760164
387513128
736905719
674267748
542850529
279570861
791918448
925530390
608080173
195359513
213871007
870920390
384922095
446456310
253384754
673656550
888701778
995432710
673009193
120826818
860503427
367516275
113665707
304260979
126779652
279248602
473047619
109316040
644551413
761446726
378277361
520108108
688642779
956328167
588405766
673216284
274297412
458019731
370305235
491142729
719680201
199804386
450683178
105804595
882738158
280535047
511533163
299482935
416069208
288997414
546603181
248526071
499685068
994711082
784451669
570011659
834853187
948377780
949388663
882360005
282529179
100046681
406359493
959109928
804169037
113787715
572843428
454329193
846437684
190147432
112711105
772660809
526298624
448402957
121431590
423896162
330863455
571268037
551792690
265537118
193333218
258094915
741198734
540608482
655589555
966748724
463090083
691456063
767110962
187130892
257493652
351006723
186277776
624064424
363515204
624761391
523770542
287094133
243562375
265169648
600020311
692323923
535924042
358867162
787785347
787256984
137493258
972746966
828606389
278091285
760559815
821915316
600926127
296876929
955295770
450501552
413873909
413713726
635068800
351343358
422107486
547621891
341995086
266486677
348811916
612426442
304498967
175000843
572661643
923525113
691780852
993030498
550617222
287400206
997691218
537183823
815039548
997933903
240319182
506881505
262213244
696960495
899792865
926897293
135233860
977890407
470681796
567093759
407550531
389468866
908681690
684880920
902663547
873896351
688588111
173049602
317479431
931039596
710569115
801279764
260270019
656794350
879472433
707570235
783033944
632501008
169291473
998623643
645016894
789811753
464189092
480231135
848745873
704993883
371969544
533348300
849783995
739127024
169532570
226484141
606438224
798934245
964820471
951927040
702772056
674815373
898503907
341307509
794187147
767091648
257434657
476655264
599926854
946698965
769340087
445356849
474232904
665253981
524338826
186905958
600263854
142374953
771541019
800766102
753448249
693528827
521243369
632195140
713726375
827922885
224784724
787822442
335588226
299568368
462384487
821401335
248214159
397368472
508500623
493560166
733670074
269556243
531705784
978669748
150063902
290538690
842060959
881697727
391936052
111440417
557238418
462318524
646809606
940846073
337787833
851867778
245305100
416212972
971222196
584288916
365376687
874977005
129724994
488099720
134736104
813333767
135623970
431798827
952510206
696468784
655650342
545558596
641222902
683921299
111741791
475684961
633233763
515660538
187332609
546665675
800231031
342628918
500053303
869241682
231843445
627665749
544137631
539118780
589540138
509677918
403457305
228898292
836422249
175893439
910399971
467965846
722813220
282570113
832312009
782180683
297395236
806937688
485868964
640514601
585761163
655009959
507142725
620415213
370395044
703082891
299405242
682068220
262165342
957656915
373990515
759035904
350133732
967508735
229589507
360788270
806688232
498233560
819026536
660181705
862853885
670810874
967338832
925930659
652163182
884430013
902366513
702289291
607640923
733922341
242454303
262091892
187546295
808133556
906620844
862418318
360893018
711739220
746951022
708871871
794440520
404277065
242162903
521788296
672023888
641534903
410230167
566517293
803765909
109280091
150177366
962440867
430065714
358758753
301525538
495049995
453323288
861290912
440011553
699985721
338124395
185093568
750435851
204866555
722701656
584896751
775309418
895833669
723331269
839804559
280532553
256573575
789630319
616796240
100321955
153542058
929770548
786737460
409687084
348939128
817362578
292355871
341861540
154252166
189453184
648945537
768435845
468496041
911903914
243052679
658256136
467040850
596756982
735362556
332064158
670106614
987456885
138656032
638630088
315935527
167821959
981045453
363821951
697707861
815660203
889896671
252645431
387171572
115376950
433411159
396454801
515828004
838513280
445149900
462541805
689055940
148591397
928350282
390994652
115698298
978380672
781119960
929594179
112275775
196903455
788843282
721263310
355825080
155931359
185440376
905213956
424692950
429896795
543934170
402746422
390818974
783523869
783087457
595065251
638473568
697309806
520799040
217306700
491386609
277205524
646605573
382714444
828389906
682681255
412135410
599965370
200723761
371619470
672594101
553793683
624824495
164272047
559160350
357672044
790178391
478049830
142154450
982633502
745121144
951748887
910366032
335667769
707893418
170575354
328537363
375431291
306276584
692533280
333040121
829188169
478621834
519764708
683774709
591988799
404931513
503767917
735246117
746641248
220778040
707962084
938933905
126699729
783358622
260066129
202068883
652193614
856876748
416240624
106191011
468378479
801789757
160600807
304901545
627680099
881088282
943030118
216206223
312809799
232712815
883356728
573841435
342596511
375996038
860125089
100750599
132642567
473074106
433851354
938802519
430477405
831030801
368632569
354626945
153570179
875653110
596884260
753028280
601580839
371645833
401878399
551777178
206793449
212406592
972772311
342643824
750681726
218305000
468278074
223411544
994541230
125929422
323007983
444773017
567448324
498512056
371546567
994216018
740312196
539077161
666283190
287086609
459015337
199993025
194167146
322109376
625746798
649730690
831182062
907368075
446280660
858602937
962424131
215599958
817004980
983540609
993415813
167306254
547386306
163597245
145783085
500871258
375677496
603101010
982937100
897335675
274306089
782727607
139630900
316082120
278990219
805033935
960663617
534009343
919443574
120495093
780496374
783732184
962417824
467998429
762999420
919341595
474254741
284975643
800552157
331145693
591828428
334868367
713607414
279139439
139523761
638718766
762580787
880645029
640823781
261108074
385340172
701930787
861618715
868423541
661926858
293496124
605164408
605635939
760860543
891361184
362499472
388879667
446355541
611374306
355593991
695177429
424286300
677029546
472744018
863745153
745147600
352595588
562768854
780695075
778423387
797766583
717691472
194498472
907452521
197410326
614949579
464237323
559104679
914438199
684077633
316995924
719233480
406584253
139447405
366506912
337987702
854393833
565170695
699050061
267961073
542358151
237675622
512198085
481222149
942105258
820043167
113658947
995981462
690902449
578203555
841610359
451104901
694236635
134535799
253400349
653724599
984982065
202265878
990500337
500744967
440176841
495715218
784416308
528882549
495145130
348500135
375524004
300750242
966431720
622849696
496644513
761430346
770234731
967534416
690599071
968381295
816441202
476914295
184115237
319325429
484028426
905815781
940989797
924117540
558422722
246751231
489809917
154186525
644976988
598394612
919243544
248469066
312000220
689661810
227556222
138152753
895359145
123989570
391024521
529708006
350663395
679782814
628090136
660960354
698097235
346907687
750232199
648707978
357169335
449451693
275459803
403836177
263064847
662841736
136556721
934319671
811114057
352513825
539928402
260736140
943234014
889384971
460293702
264320198
201746767
872127614
761231862
228791048
512871029
329302465
140550131
270319186
319315126
849700585
749382728
759384078
135934526
205635318
631081179
828632220
246143304
306916097
663059540
489184414
115723823
100332117
156444612
331607682
588051017
107291926
654494965
282208425
317848677
609230472
696612403
782373590
717058049
889402484
591476038
251318188
151680341
631960905
337116679
981923368
615190705
942870202
440096176
794812201
338346622
863307439
447235460
291751464
923267343
279207227
895274801
857886007
405895864
693121329
915010619
752806777
118247219
823360524
148431272
584975146
960968832
217704647
543992022
859245401
698797502
927347805
662413583
575381964
493956303
114653569
768081507
362803079
997038612
973496308
660923870
489516633
354594305
992398322
997409714
697800911
640593806
710901960
299722262
523368986
857607226
636366371
161612257
797161250
943134259
659704109
423628044
704498806
180839002
148932977
789965439
386610620
288580507
791018262
468589961
738355702
990673238
968501924
504281501
999019139
461789691
765685474
848407461
121418657
975830949
547920414
733393811
816274073
384501274
355325582
239015224
130812303
620449499
988590863
193942696
709353991
835238721
230336098
351265814
152301347
585155384
163732079
451589812
256569821
236382092
252048944
471482907
568239389
458700394
241141368
407576331
144617627
472092318
538732937
955172273
633530662
184057070
477349516
798265602
384930608
404547766
366709485
592747945
152420741
484816827
568327875
569900007
528166496
102345433
134645913
845084567
788220958
317671596
652727441
120516618
214262717
585642365
780153778
206524340
964725306
199781544
217898608
793077173
982338228
300058107
354343382
559880329
500344578
628854679
675215369
596798677
446847117
836201799
159839960
429100034
145034195
713919498
363537321
156486780
187036784
951740273
244499923
949004516
603004906
682325152
801311369
342669586
724615237
549668919
326529085
641916802
617531471
615461765
971295390
129361196
929392400
914642594
633477830
385414107
454885995
147744057
924764264
790007499
654952043
423997913
922180297
230392048
200466684
934356993
934193450
582447525
605390032
806343561
999812995
283793072
426101507
110436999
481715370
490480546
180447205
580598272
796126907
998346272
207232128
732264975
310893580
520639396
226897209
750191283
409934822
445547239
551393136
725719233
918038876
522472399
876727137
826753442
633918864
969395508
528703553
605269217
614796879
776615235
121922700
428813805
789363975
449876102
384416813
602076592
374298280
361009013
543780446
686679221
312839444
586308587
377469968
859775611
442271254
299207010
651714208
369433198
894783096
562889276
340176940
171067970
744876815
839882597
160730956
356616072
369882344
454076147
550893322
398200324
816939734
769562470
469625839
752239053
791194102
911873456
419116714
326979611
543213010
916086693
841256427
730964797
482715560
388030161
156917857
419128699
607732524
621500434
500231983
393378004
999910027
131024654
172386869
510041219
539060229
897649333
654876255
547165243
826192307
849036064
313006190
182185356
223947276
893266077
109762352
304735884
374954382
209120374
599123892
928109001
410620913
851938613
201657382
332898979
212789073
594423521
554941681
946215040
113688949
535034595
619801864
478959614
768923035
660165613
827511387
875954950
339212032
658010613
177127255
894714759
316040038
882631070
183592617
714831263
757975645
209300886
767223389
557474413
454902572
273399455
273105348
576353568
511411154
733900384
607603361
432674044
619817997
805651232
708857951
457367937
840246223
939329448
533145446
573085160
963658838
982808400
766952021
392437413
934630140
872991583
307924595
329031230
368868540
899243886
166152502
939919493
650478242
316889659
831145181
577102562
606827984
274965940
343722679
852356107
283231719
147988894
436511850
505364184
782463001
895108260
785090468
571713724
568147652
292665418
436607625
267742400
868105422
249390362
132640440
325408629
150731035
508373550
694054605
234507140
526010296
838628382
181102600
986329615
756415335
191950449
868851822
547068459
627139024
334787563
338989214
796303324
664903512
785732340
409789318
499080229
757611560
219041129
867293174
528329489
826324353
922969249
127477963
729393642
138440105
162267496
878683056
330828690
163994348
254880298
624132827
971216536
191830553
654645176
944152174
821958510
964996456
129126852
240615794
191698125
925774160
990249857
861520088
254493312
977629802
217696411
847878079
562431000
837181884
319476736
355073077
248367310
182086349
406312314
457153714
747100241
249973033
455182336
856700095
892330676
917934239
981721098
917183904
493734707
974681648
352832230
510930059
122558826
909101468
108835988
831477741
127485158
982639479
962022572
166824065
708306450
143128955
902465560
703537251
814669916
519661648
697247231
452012645
304815434
644275765
598716338
394165984
319858639
927501949
840417607
857999270
174410647
880059714
710486800
434149017
916476585
614641490
917361580
538906210
404700935
902892343
797349758
256820256
924656631
286737743
419383693
128718036
982463945
105453578
955070879
633968646
589908076
658119489
775500866
924404478
856492196
174779760
820801473
457876492
680270833
826537996
585968853
452265371
707916963
713131696
167540151
336598406
540436416
797479330
251532777
142800204
925875653
532280811
822188838
878361868
878417434
294528540
369714980
964435780
991548084
861755538
599930957
524505422
582971076
711844580
813513441
852974894
172347965
503038266
898655701
222360931
312382424
872819924
200639164
575401486
745063250
852381915
535271877
351843146
854711006
265105232
166971007
966567631
515869630
998226096
404529110
645908388
603235975
633828740
484634996
299677766
853654254
740059409
756011709
291013049
635649638
409659252
872094677
432664734
456965972
451881202
905897810
342427412
698151038
709044297
504440551
263009424
106920026
548240342
476541957
990600599
869486220
404329735
862623805
513073383
523074692
924409526
291990608
819075811
488979653
530932515
888010977
987366370
677239081
731379449
941795530
146446360
105399012
525283854
628062277
789295815
887405229
482702524
181455632
343767565
772655468
672245091
577546050
950827758
234398664
877629033
243554913
735205568
932540490
783536315
523607128
329520959
822239944
833073607
530331378
334305397
646276549
763138908
143848560
749921911
753304873
237945356
404235240
384958388
692842700
414516332
851206116
101518804
504338192
668061371
895230807
376585709
471959206
240132626
528630633
880624967
247121980
340110168
742575444
834930367
333782512
162019923
269624573
759119182
633047052
738034319
429868220
891616062
889497256
428838799
958916902
932693572
536273573
975681791
775735942
527556896
395444721
599292141
561663940
553581017
357489249
465150471
175685064
397227756
745725718
491520919
234496581
991442627
231213829
599682706
816629223
447477808
586357526
919405360
500905043
746260224
973285483
133205149
846788905
618964569
184344387
245269209
504223621
163361691
803062422
702180215
466286461
797573176
960155325
884280040
755410224
332863893
961588739
250061689
686659529
907895119
593901887
927981813
313102861
589783517
704016128
532743195
683056737
290066968
521459137
639194918
224415146
853384659
396546777
463928009
549604407
156245926
198613250
697255250
578177686
377525911
219676036
436048463
165472464
732155044
234270203
738050241
252881936
352242304
942564048
896479920
192158262
507432776
727183682
384849944
791050515
725308539
638755853
596545798
597114078
797968605
914488124
264204240
498739421
544158017
119312385
561529031
549819540
233290536
687644664
162523777
996296589
871380427
960871091
160110598
715950809
736639493
735177308
227287855
875024012
911029777
801777028
744603388
813947775
703754863
544217431
514862357
998731873
100462992
356106572
748000379
249242166
307525280
333655448
850507124
434659570
110584659
802049183
964392375
999764809
933831875
365740521
718652037
409861863
524263289
238210179
593818432
277011044
960194741
864442603
646114031
192342842
153740039
718248361
236488306
455804143
447559773
889754159
176117712
692203015
520855281
175860655
773062434
834524742
619447875
400519590
244563355
758605817
344175867
705468603
787592473
748803639
453393234
299295423
278229196
963491629
549624674
288509811
273772112
379387640
931089807
481178874
488906541
100281210
401869688
691661107
193139231
782336467
821924713
645736584
418689307
219443291
741663733
187380395
894747612
506881799
900536018
939308379
389550734
227205086
675277331
514532897
809494454
903985303
623436894
227483583
112795958
605890646
911330338
738172178
666199181
384149371
766505639
580295910
964660428
978684406
808400270
881600611
662134537
708068266
671820989
479399310
789319873
911037160
240073409
671321324
703233336
317901507
652928826
259284436
455342321
570881259
849714325
461636896
229212577
285813337
305284832
346710404
885649526
539745480
893772439
690875577
579201186
655105034
950618339
966714937
481033200
725000646
299069060
160434869
600563241
512946695
154545398
295023949
275302121
368966394
263107073
825720191
923388924
329681935
931539017
450107245
408406830
108482136
199880084
772220060
765469638
745202223
425632457
245186906
936416255
430900127
302540461
116062451
667834977
473018709
763159687
868773186
223051307
914745528
823324130
374794910
782841120
534049882
568825524
695637045
549142500
387038314
259921460
254243593
751241770
523757248
168145427
542022829
250579638
971994968
277637711
423179143
695390866
839253830
846802112
245756809
178562675
850622876
488408205
573006957
198642286
849417152
447644627
847032202
892421542
180636598
166465567
334994641
127984901
216004485
189203446
212500646
832511158
167054152
228995454
768569810
334050136
518271308
418312556
550791079
764286580
981732840
123794665
336287278
801725110
757633688
996954073
241253483
602890796
664147416
712291002
204170935
741163988
286786426
962128995
327332627
817784595
989267548
258832788
255749251
798087688
953796571
386814633
617949905
853587086
661223840
105620914
696724723
261819262
907737718
220512485
920702246
951604251
511321659
735789427
108733432
630634936
725789930
388454151
985084650
508218031
304892852
167126937
405491935
938420374
528282448
808439718
909821394
902577648
815671604
260577337
894517989
777147348
671163003
185675293
872703939
201798089
625361793
420596817
580237467
465733605
474429895
948626104
717037937
158617886
106541018
706262545
374901772
441675574
199752100
381182965
976854225
696954302
258936061
875842799
193697917
518981034
496448091
579744289
647005554
334265224
229136173
109596627
987349991
663165420
620815925
464769317
300980852
763556158
418768858
975325563
625904384
405849426
374993824
751520224
991532044
311517320
401340361
278471925
426075832
702328218
105798832
949062375
265126657
118335097
561829825
658099513
466514594
733164023
626545207
119598702
290734153
331419848
779205340
850564627
663003212
789688020
915317737
340147563
529486424
481950516
827022833
636273321
509099138
955013132
128569172
119333819
122268180
974771190
211880428
254280813
886964473
486470847
468718535
607458078
476906164
120030331
260987658
214739593
168217036
591506689
877083477
264331634
872625398
485470960
843041154
975626292
976543759
379982676
253109271
401018414
717553955
254506293
454872638
149005432
480148700
556767650
424338978
351082322
133987238
349827856
526549171
500303260
532055961
880417217
653889016
750616965
493896955
421227393
911857165
593302826
606081893
857857236
258911507
272829052
125097228
881382501
340122828
130599406
745905051
832521420
834294215
176143295
118350064
170420594
777109979
157223729
190112477
216253554
541213137
386483424
645453134
644335992
654401059
106372820
516059297
665086937
323595535
154588871
866184985
653807960
527556099
105630141
688010253
539508476
113706023
678132443
827734984
309668640
176405851
904822716
140946949
590746991
324811794
421445372
173747041
581567546
576036929
323920265
484871232
975494659
792499106
161008933
208761935
498965548
832244586
878308096
629326937
543310918
376345280
614843032
763172519
513224712
141551653
782253347
662563260
894570232
508462837
286516640
879987106
586248764
893417001
335352985
222947845
482752774
856385281
682852294
865596779
811344975
169980632
363971515
147100997
494444431
345296303
566920492
247679683
573718895
131260111
608702973
937554480
177389504
763676608
508726612
457457257
374321614
865794788
272132942
580309613
772462846
272004728
126916855
965162610
287416207
917959497
839042778
508057585
825951283
700004653
854088769
670543026
159560502
971746141
712170560
995871082
159507487
187068945
295698474
573700888
490724192
429435350
835644087
690913613
319480218
337272923
345879709
688832137
120145806
357873264
231575814
564884128
728392586
766461698
462699744
562775844
988818111
298983847
162546521
626248567
187563691
247535855
591998475
556501520
117619744
430069913
257968686
127136399
316928987
498459580
442345263
832592079
118351194
352311186
969762114
381830437
494819938
947616484
733028713
476584814
745265398
511739825
422219673
694837640
875942744
299039226
773490487
348558074
372052150
284126229
271169228
970199809
665294638
736384940
460025220
871251179
208136428
893256164
718662000
485446372
716651540
496071196
379771708
237614080
188379213
130679496
797245999
773558878
407547644
151615569
345063628
420047594
912613469
545923029
345104696
745477756
450920925
882060447
326190534
686428672
123870528
721543678
405114863
998591699
692887525
914286817
502134120
345263586
537822612
695262431
958797910
168000225
422806130
600056391
324808588
858100650
849271043
380976022
596076854
334098148
210340936
371279590
987622075
809919619
661707437
130115862
515719514
253520589
360013737
372122435
937990187
750175057
176363048
558769446
646547176
885868379
154312703
394031065
876929622
716008684
197401638
960006056
137285066
503765938
959449279
277273046
386533312
775522554
621574833
237692296
616022998
521282504
303208494
139717830
780129759
375580027
845874802
939595453
563119187
745756355
224288674
537768033
371985648
154069057
270982837
779024976
456943988
940225900
402397712
925656207
236709917
774864765
940668851
255426483
980492579
552165206
682487558
599756710
860224361
631885228
569958872
862882862
987753363
439740677
168969941
904578718
151905390
240030655
922334612
919027560
950648700
752999949
964853212
517718649
774313833
578459194
927766085
660307015
337422473
625585226
357852158
866897829
709747702
931146818
567463769
770075973
648169232
130668243
738751432
413186821
581522830
874983571
763633396
175886274
258351752
349631498
242627696
519370348
451610049
636262123
619562305
534243057
673670458
584644737
689035892
724838374
108889093
158308579
445981300
404692921
189972151
778329388
369775286
382490211
592578596
937661000
488812139
571574850
152679890
118931845
329148371
777083550
684474073
154965465
459201442
189477306
378014187
536864934
741250556
909621324
616639407
539610462
362465581
866713898
269582522
795864997
709714676
582494000
433457473
620870770
594625804
967658145
778401846
868742493
427301345
198007051
708855532
584073861
972937487
496483347
732194726
170330182
289940309
746419517
447507807
423622940
656675985
963855842
943866123
886178216
948872878
532916783
353556365
516720499
238349834
668836094
668244902
458727923
375142653
443899406
768051935
852104906
547096912
945452134
516258289
612112573
523574772
789686206
637002727
713974866
617403330
931786572
691129169
510793936
618049128
642896715
143381716
293155730
829785633
721891883
439406931
506692761
346407206
935693756
925317624
559179810
429490446
553049314
778293370
829822428
627894946
934031469
833016975
546031397
486126869
289676520
237764263
215138300
475884822
421332456
495756115
681074605
248224524
973170661
142691593
133076879
328353013
349070705
767235956
180518740
406335190
369456588
690100797
798117795
201929319
627060717
361698311
796860408
761872920
551513713
948660131
809674816
619446390
905155885
680264477
418491327
946000039
166912349
659905620
820925334
449868390
915135721
830887822
319210825
471146437
286224278
405162919
773702700
340126634
685635931
522555850
586634770
342532704
599358805
239314494
686629859
708094269
618024910
187291004
972837630
192796553
815468219
644987423
437518254
580608808
260357717
841078068
954668125
420906405
800737245
189114137
874290157
590750318
903309931
406186042
302600660
351904176
212920810
422382132
977978623
357372130
907340490
107363582
632666568
554309653
891310509
246798097
358467632
875313372
340522411
645586776
431151867
936945451
128844873
559524599
657309232
784290351
628746319
174624709
450587403
570854053
484999556
926578559
860495475
862509623
226190448
612639448
322863908
570343568
514444288
501538104
837249829
697883849
104704712
819521933
706353562
230205706
453257717
869309641
787247323
673774348
443502408
531572173
497995731
570245225
972347902
215625178
642352606
629563936
486372456
763263355
696443707
883736995
256332463
575188006
658995667
279999039
729658137
841460182
618875703
542062847
985894486
136589958
843264291
138716274
836334028
547261979
661036063
735102628
699400219
160145124
799022660
407621224
716042823
858483713
405280187
984138129
132726061
134266620
167498363
370283721
740678048
375676236
786521546
805001637
635846146
306429350
814316126
753328457
386873110
462080808
111407065
745792838
576390767
987861076
492205797
360267706
874004769
444277155
285791935
118786369
969771523
564880358
135956455
738164069
718419193
905198976
590898223
480236040
797772415
137406532
490049638
320389109
393452866
796693646
841882460
956016162
336336242
277417378
493892394
171826422
227725236
806449376
583773589
721638809
805756077
989672541
776264831
215089055
826678153
350320151
193463181
674499911
649753576
645425084
923111300
365679217
693033334
713110812
357587248
171706403
977175357
654890051
362175988
762025882
151979794
803948618
461345937
832174673
279108224
666706885
857695933
693121251
819156284
543313287
658839251
250432407
436739418
347050377
889884972
730290221
338952537
151876488
892361052
343240840
381857497
892927500
510958435
139202534
166463997
797298273
972926353
450042263
616137668
419493886
451790825
939297448
198384774
156461330
656058089
144823213
381964130
379634540
232311480
311895104
963893085
494467511
483568776
612742456
304486493
712166968
737506351
538998589
243945514
742315253
855555224
411835628
178629711
124684578
529266869
256375581
103241177
947552140
635124742
133766791
831194524
384326472
968957213
748013693
836168468
672847683
136347495
361779073
374341568
584275086
292362128
200709057
524980472
418447477
247194325
758561171
478028318
115602404
784420261
548518495
210048950
679293835
271213702
691526458
987948725
791314152
913555852
584199633
300712442
553989268
346183024
951354205
975879510
718576111
536276604
244027708
917892276
807498830
877049252
708059229
171287071
829495261
165892413
635838145
240133344
742446106
260088753
631679990
966269114
321560878
602326052
440657100
446967922
652320800
128331566
812322662
444549486
120341858
785525401
942447760
585815647
739499589
622311766
888121192
158403613
468508267
372966884
301654379
550121546
132511399
458300510
622557067
694983592
642364943
663494397
465588326
493274541
338480839
385373646
175443724
413567941
939974081
894109677
653886005
238129917
140365852
330553437
915978352
371844572
205941306
920174840
794234909
990540268
571630695
644780861
968721588
548120274
677098646
999857320
880571900
258968798
488636780
664720312
255951708
703643023
400213879
457527267
221272921
279453996
991034675
860035989
415439138
302719514
655414700
399065997
291709649
713632183
897088023
434563924
168983542
795183435
483841609
631938384
625087151
626388460
856963821
329548581
668362688
604952231
147607425
248514120
175624410
760247306
164453437
396574797
268026351
377364870
561708649
853700851
563540538
792416343
809907606
154467624
626931763
154513921
591347124
374890509
567446402
858229973
952855308
503980471
354268004
906091912
364883230
597262184
860302919
866367005
254327892
151517586
320490803
692766722
697884818
999126849
849996791
660028378
822355714
790023449
509837263
173134287
792639292
504357124
762748272
804953731
422519971
846920685
210731616
694146247
439316075
971243456
316406979
248589796
567406110
526709751
716075530
522132689
126333709
757348882
341253602
255025546
996025356
957817212
936618552
114635261
903344961
656223296
170896302
186874438
979820691
436915287
354981464
886506654
306008274
280320539
344080794
535721414
466672790
284536294
674016986
874794123
664148567
491753637
678359214
695585289
505731249
811232783
355585162
130021996
971879385
462054916
964942289
132526153
245888250
541739883
805325105
719254562
945766426
283862576
188468553
478964343
794376400
752193892
547836153
160840238
236876781
108021482
709378133
596145709
226251050
745104545
783894855
606958591
606194950
456583415
755243103
157535313
636573645
433453004
279242631
697391713
619328797
935509168
783152802
841416166
356118868
865142092
837180165
324816822
753214445
113647610
425082119
178846412
808858952
517352438
833005424
870500995
357242636
664564552
890703902
145324553
999699800
638448450
411697924
700753507
569851908
110178158
581628276
784615303
542299915
581775970
240384574
189753432
965440083
545137863
423380228
921557910
293783636
128171614
368761093
955125971
404913648
497001091
639397263
303770667
450327448
274053056
989885554
529768617
704362496
773154071
252813061
941312628
924468979
782060775
359749673
173430632
958813453
882960152
790111858
282115407
322859202
402106342
295367838
298316670
274556615
317362642
770822371
456524900
613534640
209503968
284042608
524407885
287663181
394962938
136892516
160068890
778436418
564638244
134299778
585515611
415632078
336151191
264760027
816820900
548879336
827795386
332726998
814715259
907237281
387446487
501458003
579620205
464016078
791769472
975628019
428047568
915694429
551647947
745549666
333016426
409099632
374990130
315064604
663107992
782216855
608082410
487017025
808681433
871681016
580128213
957506249
892235797
144102729
786100830
140080278
672250137
687325716
406347291
717214585
348863463
515156778
661784138
767026920
354392404
593939322
638736359
225207786
144026082
829382392
920091705
266068579
733274313
410055849
178980003
321376224
932408322
288200452
988004694
940523603
508080982
360828638
788498505
561492449
591390556
182159126
457534755
982824745
335168304
653773389
347412576
465918011
514592227
589225042
437806729
948250370
606908773
228768523
684489844
694755119
776960322
997321437
153073109
244465875
148460661
944425331
160990625
801382010
487055123
470597286
653724569
471434237
889375151
362517018
516139451
262264737
495114791
539758406
639052128
936788532
563263907
387732703
337119931
804446688
306143966
133010179
852622143
522130510
548998197
422653848
487042709
521125772
991012254
938211068
804739045
121177096
788013096
840485137
379484888
442120068
604229943
113687706
634513837
960575807
510129380
177345989
114726396
549430995
793511846
868077378
848761564
892777541
377001961
228227828
290689789
843617488
658229568
981751106
849069805
351062975
513417550
331163039
542855548
807538443
374038621
477122828
939895177
223809353
888746277
663117096
947395382
395358783
436102763
370530503
490873558
118961629
529921084
231306385
762119404
406463581
914949037
531712000
124930881
937156797
867693456
439109508
351512926
521195455
594804109
526255470
577084689
622329657
230252262
822605135
441827137
879014906
896972212
959446510
700913499
430913984
546224671
102303418
606400947
984736728
318867118
429127552
757001190
593104270
665628372
985204655
385446978
715874336
599416923
580372156
298077799
618485174
989974918
685476932
393791422
854061001
547735268
424259681
269808551
593365355
849941864
729648406
398133139
923354913
209617359
896841941
637244110
655017058
438967309
946567635
420460738
333949604
672814390
503503189
782454805
857840978
710518163
335133799
228510373
123052960
992591711
475947230
274374336
841730812
651332104
888205853
737953833
913641785
388727432
746884473
776315562
347089714
968763328
348286584
492632201
737741045
595706740
521549104
947748433
566176787
899438555
459596354
751332447
824785545
672126121
915942426
730636113
525856036
819249736
357097332
775732397
608616992
312568957
685130656
687315954
732584514
768842038
801359243
111581113
526825382
220855130
511128301
822468178
715432904
686292875
477253201
126044272
746334304
981224115
164523042
668711155
360176026
346670292
654072916
271836628
557161019
973420198
534441291
524885890
208087143
267586272
611083595
811824178
980632874
887200499
736779725
666787573
293804262
532626435
335205000
752510547
896768316
839889129
474312348
589792509
329333474
126818636
248250708
998389144
447368685
447007676
272396123
373416558
570113684
187051346
611732112
673413970
704398610
762353997
853936529
717345755
725233122
978606769
479929510
940316266
837856720
673583889
440284004
630739714
760766770
766813739
777861311
713821428
145720243
101548917
643897298
747346296
558901132
284868212
704995178
220447295
619042229
698880674
891648219
516536032
346565910
358308586
411868650
786243894
565651065
554859318
884378944
108517045
220855034
963621182
802922085
585646509
584060756
849942523
365335890
406671279
422865274
875665129
365615255
957648181
535232162
662729601
989376886
935576439
723277397
723201078
958606615
324213637
209124193
639764811
466422953
273059473
600117389
765960488
806463551
200070104
225157560
150855917
400732877
709662256
282713606
229837154
159441518
410323265
299182863
110396422
573975639
599903697
951657569
144918682
212204736
197336683
808774336
150067116
614796022
861663011
306280375
616062567
440425707
271037881
549234240
375671748
411800428
556073027
546169147
439726504
670854992
708241903
831453193
764069104
987601112
302138753
318761211
481033836
120272779
855162584
709429296
469527404
932271558
927156646
580330631
110101116
507788658
309621104
490276529
782805878
804561887
447463087
138203277
650375699
531354126
453688875
387187083
278975887
604005373
363995776
476353973
429351233
472120231
710590438
852905782
104834168
483435168
131827917
865442492
578462120
693359761
628619246
183637881
748591763
826198068
431135991
682924883
418436641
571117781
389621129
986620233
587049005
324918368
718917512
882953416
620376040
394554880
681361228
955075674
516969845
512853352
222208068
597189145
129245688
819059555
699232206
381303004
455920612
748825830
862661903
121824154
666090113
298584678
397390589
129996775
440579666
666447211
342959655
750192807
534451239
458810750
679452930
763597528
135805297
269850360
120048699
715895596
354775899
244367070
734130893
578303270
446564608
632606432
317653808
349903184
595733390
951632510
404458650
574026826
280396298
691100217
633803375
588560392
218037526
924451107
297899423
850529802
139540322
422929092
310401429
998963382
344194223
874040912
549342821
944131010
106671771
666420487
518727016
359137318
877470138
952633387
709828604
214974766
357799036
878898684
415316650
623623324
796699978
791388402
998877787
814449765
484995518
262566288
896999819
399978728
147543351
863296619
967916069
217516978
417481044
855935448
791746963
509831680
559778156
807932846
225595813
926270744
635936525
761155107
293354641
310833195
209598814
111439777
473908995
999662374
805169541
137429207
754088698
121126282
234923941
930753821
982590239
567070389
477695945
880447625
367773713
883030292
324536765
578025832
468431905
852173576
927336996
601275279
234761465
660765323
501854721
442993672
522290432
643621789
786617477
568497371
224970219
104744051
753831832
834593343
259796775
666096415
812219668
748575559
467564411
292906279
951980050
910287082
227174174
599343114
607136949
357074596
854828155
609335968
497856420
978495319
456968424
865648763
299746556
996114332
280606638
821287404
417975800
722472975
199792695
196139190
433984397
283412065
601258248
564952591
443554022
826281034
991421115
814324130
458315104
649007975
889382589
863181491
451077418
747113087
832502458
135743392
654674943
500147669
897104919
592999746
956941985
571803577
558994351
632605458
162755633
992026389
311257036
864401272
875466462
271893680
973037252
727343595
558988922
841728031
887617162
897741576
929930224
951176728
781799214
965954711
825146767
796975783
757007382
626973762
177370404
191442659
421850446
677621208
145751831
378058932
801584402
337326741
901908997
583026748
132384478
392317682
378722113
447290187
823079200
997926775
218402804
205542618
496480920
542145470
866635416
599587847
832150848
686263284
525698182
961988588
460995992
418437452
593617814
140992283
905290731
524262530
835121600
848252374
158830673
247265531
921406569
466079034
869718901
729211340
340427394
815074478
289654202
501078251
711215982
874262862
617539267
644619277
202319099
254523266
746445657
946112246
561744071
873092166
666532772
860090462
380222849
127319075
714535837
202922705
794232496
483924616
438062955
681825125
968670780
773756239
935265275
976270911
967276236
120668995
905471142
829621265
836104930
648054471
164528815
838729811
204328719
791688672
916457731
604808622
392681760
552852598
433083591
282687715
102331119
249076029
393666902
441938186
574007360
914914458
656447249
732705391
968412824
394819537
201660754
181973041
323131991
163445070
735966228
680083259
484336029
699218563
290587042
537284415
957444666
135336060
869059853
763234358
463346598
435654194
454128952
825596791
468743511
326239720
579999549
497602781
480941325
897461426
432399725
763080014
376246739
517221668
937084868
795407674
191026615
826861374
715934271
764059320
916812542
911147274
980716919
587052611
136473645
553498120
414912692
134540576
969889763
841736790
596572088
559845214
688675141
451390675
873708228
896961142
190936909
601367431
854475868
280614287
978915523
338715051
860854189
783993023
999695507
765662144
262431775
737718151
622339383
506832237
163255147
354253937
727997814
869611457
767947222
133003205
993831165
795583533
972807403
598541781
648053875
286435680
928520400
952277912
214378345
951746665
310445097
628187111
276300903
449706453
743363578
340327404
491346274
650411441
573969996
231543813
587316622
521588484
234620681
646978304
974448182
928872499
324894857
457442900
974903483
475706644
471780038
714749737
959914980
462307923
276786004
424104960
469478684
219964856
717754901
737948954
709745804
560988992
448934312
353829193
607323367
989280019
205023390
989421990
436809526
936174187
688347085
641168577
108050897
943788667
601026174
413337414
942973492
381763678
370720376
289534362
856625085
746880100
655217357
399320774
221356472
303658600
857811671
474058275
601515834
463203637
800455043
722347928
298067922
451524836
421748824
977456661
430751208
181945711
725686581
896723132
472082460
440451781
965565568
371933569
422751894
249564041
102998346
856240226
512588201
487681395
872015994
810011030
733524668
814423400
843273605
186484206
109135912
700760718
807007870
135944125
870651696
468875614
492300884
407856360
378974987
122075391
845135440
156888344
980869868
969378094
783800159
351045170
406073252
500505478
746135854
811532038
158697139
185193877
877121836
786538786
730944820
604710209
365767967
708412508
202303859
271627842
748261452
482933462
710315920
492655100
492058647
285508627
852705367
980954339
728549164
807120935
489554272
566536545
595165164
558339685
986995842
232415326
545276838
573024611
955667333
142440764
431959292
599315690
361935744
687752517
613380549
110193360
923095102
708177928
652402985
926384765
931726326
510254455
965109617
977253317
296373693
918808217
991056135
134704466
432130789
137027794
336591405
730830342
269849543
870101697
903039409
532519312
578218901
193255212
721494680
593760128
897516525
121056799
911675175
787946974
357620167
236129353
883409337
936000600
551055186
724043572
780437183
817800540
739690113
836829375
427857456
191814842
379436997
277026982
107524501
536238998
625541247
646113240
432615337
445317175
535113256
822437867
971277584
203994277
711087083
942390825
276346611
113701417
989027736
589289679
595132409
357186741
286571955
262168598
154716550
598498985
933696104
176394736
336058445
265023616
746554490
481789058
356496395
796450770
753664749
890560364
547903508
228011631
994913391
732037565
560058987
786297681
624572580
920658061
815736338
436614056
269061433
407037199
993075326
646508684
236705835
936759154
547127879
103925238
314245979
490333631
818459947
503369872
164615333
976410872
556494565
361044472
862786071
288600271
285709396
864398100
113027151
680383166
283875093
496333485
347316440
154670088
145195370
516759131
669455270
232781334
424677878
362339175
658576328
539420881
530070328
651413200
717266692
990842569
311703013
355881045
798721878
855980784
581006972
945978603
490133897
567776623
741806302
304399895
327701875
450503472
123157445
288249009
788232141
752262241
197037904
229215512
402348684
431851440
810935543
500155646
780429015
978577613
281155482
473160662
618464972
424523739
585500614
345091496
755567031
610901833
834842289
708194924
665724479
138680405
148693234
112844461
379771749
679030202
207602758
511720997
432282698
604764072
774068308
180696546
819259442
170600811
636422042
127045081
472654825
814571222
972554601
513131090
183976131
820221373
491774105
126208925
913030781
513948516
762551009
396824569
188186781
942427935
163118587
322709760
856055972
267211470
851205576
885365686
729436514
515306961
421289366
589706677
923975099
182557618
245511971
119590074
176023669
791030997
364682901
605872398
518588689
288594480
657403601
372009378
325848824
832488276
560843991
967741050
913885815
624758124
901818214
534049944
750418127
342650875
955858537
399039917
537356418
464259068
475555397
767152524
579640536
681609539
980474505
332676835
159255901
790106739
449355251
341236697
853747032
734728858
488646316
365591113
678796595
179806777
456123930
300258526
495639847
621628780
955054295
525737648
437304653
822915890
124580747
190094002
433393038
171078203
626121423
254823095
205813344
197092984
490723254
126088105
837779498
108064104
973488199
446592940
890042178
692363411
321849120
725920397
N: 94929450
