P: 352609938
266273
541005
784038
664115
254067
233505
638310
842682
400427
760746
290261
575469
534660
224322
613985
689954
598348
635887
847462
473804
918486
517315
852871
114654
864490
448332
496747
953729
857902
490274
813373
209755
260296
264664
585156
341957
807264
413092
425987
735415
579359
480034
267035
421818
122416
614289
476488
314432
716874
806087
633356
369440
941978
910180
178451
766970
766993
321868
522770
555474
590232
567392
613293
246708
280027
213611
236895
102149
257946
141802
263818
262861
867242
806085
819908
527914
177761
651129
328885
132887
397676
436750
462724
287940
213046
829655
785338
943401
758150
501706
585533
232185
669187
909243
891334
659629
641649
275529
452490
961208
602653
735386
583025
168584
553882
782934
150315
355316
590713
169653
577080
744162
635774
717056
802323
124097
747274
449144
536313
801640
743053
653566
778032
657546
413197
413846
373636
219766
574857
247701
265256
395279
102905
492723
450148
759644
980929
180746
621382
853265
555534
981650
544230
448818
123501
878145
889689
723128
521711
136293
781444
841566
801463
690536
445505
854733
176109
933177
175594
625697
280516
457578
319579
523385
990072
703222
859081
764450
361001
115520
884174
901172
721552
464550
413274
400269
251926
137576
572330
685014
506875
217393
313084
280527
859953
823236
510999
584712
987760
990630
582568
962940
573908
456676
712527
902578
601388
939388
797166
163978
963555
439309
251992
318098
766634
999065
105244
619001
713174
607579
932388
583335
687434
177898
830102
441754
212773
684627
151591
817614
699523
364646
940658
282827
761338
933655
709083
372897
453924
152726
386075
305815
966072
120443
532836
419626
811059
528429
937048
614182
442397
497534
597183
405473
808391
409442
774070
847070
209688
719665
827627
383992
794701
572966
565583
367753
718725
699474
429087
441357
860392
799049
338279
255759
380472
236537
582736
874459
284776
815936
595392
792406
147795
479287
407186
367915
315460
921786
716503
627238
145588
979766
890249
829441
714736
433350
495267
999713
N: 53129605
