P: 0
435372
489912
368048
251718
691106
316691
179146
670579
252034
973470
634789
497276
594949
913591
225615
159316
398978
933850
963014
926378
116989
532769
398188
540154
979686
123111
796371
361772
284489
610472
293795
839523
250770
348752
252961
372135
520592
399917
799911
177557
565706
894324
647859
809673
318573
931208
601923
594544
629754
477377
112134
245635
999940
997448
171226
205794
167903
171438
867978
759283
726373
525097
191230
474683
637519
622119
749431
846272
350974
138202
133841
898308
727725
697301
328059
522675
953343
306577
782417
408213
352373
963671
742422
393469
317353
931813
277088
636997
534038
934154
741251
559641
913251
527330
200908
876606
878984
250416
475105
135540
144020
691636
530541
434743
991251
344719
580254
750236
266884
419433
828162
494699
472546
112426
473709
533638
931114
666212
179071
401952
814143
662486
166319
683518
606111
693394
966813
145032
114366
556849
383255
308395
958025
103891
964834
328571
780612
486751
529071
392229
690513
416212
434286
680947
344945
363469
549504
333481
966762
728277
655797
604565
690659
629107
498856
154019
244616
804513
729859
299806
710885
303114
524351
303432
159996
561533
222567
118894
452664
260518
312913
945055
325013
721977
723742
581426
272449
978268
514079
859696
345960
454586
667234
951517
650393
571785
424058
706587
600090
216026
333397
908911
718963
801108
373713
556838
967933
241246
375215
992005
758965
312065
335078
233016
673079
512229
368059
637600
910002
798147
553678
676097
149919
749942
365368
586509
250505
873711
693651
246189
136558
258044
810771
910314
510160
692390
989633
360720
987579
599967
289574
498226
860861
569243
550810
651767
189818
452557
613679
737964
217680
479928
613063
825370
539558
980659
650627
210162
237699
248977
137255
692315
139289
685918
165309
510698
140369
451736
182308
759863
284169
464720
528113
201048
321516
944776
488982
173972
824937
542278
120454
605639
600908
965495
633475
207867
874343
371610
157648
602947
964673
535588
891844
370360
822177
195433
396409
742872
534708
479853
226747
122478
429948
886790
125195
172709
872817
540274
128261
N: 42632700
