P: 429043109
100216
754897
540807
849656
636760
790992
978822
841591
384948
553519
347658
260835
431365
922486
800243
899844
710269
358545
743480
912398
953469
893005
412958
776091
901155
385678
127645
203939
542863
662648
269459
688785
884030
211056
834251
159329
633601
859205
988251
228654
643269
921281
215451
960103
622156
921743
951503
480636
704080
346041
164357
285318
806824
848258
624736
465934
911612
864985
821678
340627
102979
942022
284421
521013
325133
633971
927395
846211
801821
869742
302006
640536
776689
819482
947561
167215
863795
532794
709087
112679
220690
754935
301557
935424
769201
353286
757247
295715
725939
234487
161691
141797
197736
126161
138985
445257
236441
102884
219639
397617
379392
142876
554467
315927
622026
948493
467483
211921
953076
204380
925970
574187
964543
109851
916643
938686
957237
998899
787760
172471
149118
572974
519252
875264
350534
905098
650634
847122
566574
353023
918971
927084
218880
672518
100472
515695
241865
182863
955143
930226
255945
743212
776310
361690
295732
860222
650094
980393
334683
288301
496442
370482
599819
899075
192332
834397
853362
898894
582222
444057
705062
352269
877057
358638
858064
426365
583930
836530
987593
436985
738505
479625
741071
596143
606700
432926
601671
622391
449771
576340
372999
372786
911305
277084
752555
855920
558269
454877
344990
107633
204297
828721
352362
307803
463384
626276
200153
326141
588297
186513
827750
522414
913185
501224
958679
148106
471633
181160
641416
805432
344950
502342
201997
253368
241645
743893
739194
494783
401534
311661
428842
848995
718258
589968
152806
956635
249423
295926
604447
957345
943242
824661
417907
473524
474599
492557
280723
610744
909276
614014
942440
857506
270941
653706
300540
255245
645223
589994
874216
100440
890067
268070
203663
325064
N: 0097675393
