P: 283313043
91629502
93436384
10216564
99226911
53927077
44071079
50279436
11865545
28761838
63961079
42986677
74377768
71037186
52773278
11116551
37891504
36772390
48360908
11483581
83423981
74586008
55256252
45191839
23813712
21006813
11195558
67868616
47914723
66355473
44215141
42911329
50227373
33392505
16378388
12123587
69398306
96824911
87922361
52959908
61008136
66209675
74637669
17396042
76282941
31356556
20698381
50535429
11371373
75503220
45388668
20700889
20397941
62611600
98730664
87726727
24849289
95385108
13432075
81800502
68101513
88899324
87457763
52359489
95431958
27904716
36121203
19666067
19096783
88778327
57792164
78329851
92365643
32503262
53206419
47470012
27778051
17466711
84250124
27019155
64265363
10629402
66990387
22514208
83444425
45089684
15373645
50374272
87775034
96470478
76981997
80483826
98950769
25078750
49800244
60001688
97703933
86370583
88001923
17116557
45607288
60600804
65969683
37917246
96059310
74714828
81423786
19012643
79806437
98409864
38857131
57405959
31575557
65515203
11815142
62360777
59934708
41611898
25177180
37725741
37612775
63252729
92083458
63954437
96084217
56877454
65057832
13824502
65641423
63891114
12669461
96779524
24732189
84252883
62047800
81484107
88394925
92689352
71786538
24317376
24070388
84230445
52141293
46174918
48794115
70481407
94732471
25813835
17008482
36172105
35321832
53709838
65370183
83926032
73772931
14436646
33129825
37814808
83405083
68815480
83065892
30294204
53514585
65788795
97229205
70123409
31807906
33294660
35445381
58829199
26220678
20264130
93897630
71984019
52961883
24837603
39195840
25644635
47278198
49848026
38308608
92510960
12027796
75207926
85138633
16506635
13617732
18211885
36441105
62100074
32940670
29757467
64636907
95233663
11447863
58781930
63890429
99539781
74425470
28226038
53707024
71694463
13250328
71258046
65779358
65723016
68477505
17112056
15211962
71589749
61390582
43804463
46732565
78228229
53614702
88916275
53467876
70080024
90491369
77731215
53430887
70707147
53819578
84597295
35045950
80954929
94069832
57091150
91577508
99588002
22189277
31326823
47265987
15547649
43332105
71688546
54958354
13602215
12497455
86320665
51656984
59389487
93724791
15506167
26267260
72726148
84327039
57336319
21986202
20236140
70538505
88983115
39911353
55932074
10067346
87210901
88809903
79182771
55209511
32763425
74143264
87085584
13255133
31761278
36981504
56575032
86614329
88785056
70813666
29678492
86532983
85240116
88264218
64421282
24179615
42733933
28298763
98337352
19106192
67982592
40500031
64500667
57151125
60416632
23782349
33053150
61709898
95329458
16485590
79718755
83725512
31371910
92372174
84712993
94702620
39449584
65151159
37519633
30643489
94097424
80602859
73768331
30965558
11408657
37033016
18854302
65800892
74368284
63246919
37538026
56967876
38440141
67439370
44296529
19627691
75212428
83390705
20611942
72541344
88310111
62729508
65804375
19252018
20340334
87676126
19758049
97035668
23403587
76833249
68786285
73618676
56458251
96316994
41660870
36223289
89641626
90042661
98855152
34958970
93801687
26003018
35410154
97538715
80468164
14858033
76875467
42893627
68405546
45387790
76369949
85459802
49697033
54466262
83773733
56979854
38266062
21174094
74508816
71554593
92748491
50792757
79324068
26400402
18695177
83302905
85971570
91410436
61982311
19144707
68428657
77473131
81707860
95956371
66630813
98973940
58615834
53210060
97203911
89545695
72416903
38687048
96168023
74545601
57301441
18911033
46895591
39397477
27999700
22382331
99162656
55133441
52064731
45537579
65103549
35072085
10894354
37080464
72897141
77975850
33092366
11228677
30115120
81671625
51979992
99538442
74407482
71423726
47284932
44928131
25501925
48605741
82360889
49372158
58629798
23390367
27859959
86909131
89883829
53603286
94483795
25090150
34666835
26391850
13999359
68946262
39037753
53201730
67595351
87312068
71906433
32554540
92612216
47689064
13476767
85912398
66217114
27239802
37353200
59662864
63820315
71298204
91342378
35414711
46704721
95374626
41940895
67695323
44658699
26531466
52335540
16336343
77963737
40437806
64100013
37982232
26294133
53208058
19843369
24803413
88305825
38625207
91242511
66985105
47758130
60762944
12510423
58788190
89209599
42120845
64422220
88009251
96907808
71389145
30390538
88833615
79301498
90289581
26432900
57299847
30684643
39667521
85993957
28237797
98405910
85811669
44362307
82416295
27494789
33658188
79783407
17381114
32063921
68039283
77882927
71252817
50549431
72935911
14275972
99734147
70618511
62268089
99781184
47316996
37685131
83800539
86244886
33736831
38698177
46312856
77182644
26622026
18762815
61733232
34323486
93404784
20272156
64885401
31444244
32288718
40322819
17761965
75680590
70167643
93354466
30917753
16432368
35473789
27540809
63387002
56065803
68114941
87621539
31245927
95163208
73293499
60902008
42591657
46552074
19913820
58289839
85174002
60671328
94734489
14075979
50011122
13218901
68011875
81589848
83716974
98351363
45245486
42231933
59949921
61064434
26361090
10870763
75557542
33339329
25158350
68734146
82360944
79928099
37274076
60546327
43332348
98345535
41126482
21551685
62391589
88204465
14620610
57057136
27545444
14900401
97467190
81406921
11713997
50407287
39784109
60040351
52342657
85621370
56659520
64294903
64407091
19376791
77076310
50182410
31982678
87361732
52265040
98048630
85872952
40279716
59564537
31625913
48167293
56891808
57457683
99233218
99744898
46297841
73283268
93605026
47891920
36766611
63653727
69058917
58918724
82641889
64987246
93972101
65665561
46207045
47091906
89762170
97866277
89702131
80066356
55211151
63565792
66024569
43456274
52181449
19884691
94212574
65352847
63316745
42845923
84973642
90963760
34093638
72029031
84793166
83051988
61595201
87745985
14140971
58534451
97242950
18320072
77285297
22911640
89769680
78365213
70818448
87593520
49397766
44211213
81162209
39780464
50755158
91287847
15389331
63079161
97298220
94040691
29382946
69945472
42762424
50933345
84248797
24500364
23566819
69817889
40507750
89789385
52790764
83842517
18708168
13296161
94435347
82779829
99394136
85900735
38411614
95321953
56388788
20037268
85978881
20997351
75412105
41622806
39889999
60568506
40257775
68348298
42879636
71952982
19351085
31499712
16919541
54642732
25268531
39805135
49944874
32744526
71903327
73527036
76591570
64540528
78623646
53026269
60180445
24400399
63692110
98846226
73806671
33881454
92072415
55777571
97436466
17686739
15302308
27991909
45589229
57233908
63834598
81277892
50018757
24886329
67032327
30321932
88605824
38045394
90087148
37288761
44978296
55018685
99505698
80256194
49545605
11285210
15891457
34904707
80540149
12310830
15128242
45510602
16857351
29772680
84417382
26375827
79536927
55758735
10232934
81515751
16482042
19584811
79702734
47975461
79351095
12413950
92149617
22973779
93960955
52838292
66673583
62122909
58317801
42406928
72478763
84972933
25330109
75461219
99737408
93997140
31068845
86555307
78553159
33424007
87239184
25586140
84901833
66915720
12211834
38176567
97329797
51081881
49837782
47376188
42354295
26108813
59540455
39954459
36360964
19333463
84233548
52665555
82001385
94431908
74902073
52925975
15258314
65172956
29927329
76645677
28170058
60798461
31848421
36552725
49326431
39233570
67027469
22540518
53554896
22323077
94800466
93733824
24793069
37138968
37522351
41756469
37911780
77717024
64823732
48989598
43366495
39141154
23351191
41179515
25572909
31487757
12719508
11624829
20991903
17082758
87719434
35436660
90893228
78176772
81679032
23513741
41917117
80405028
22469349
72188342
67591190
35516512
80236275
89540269
49750957
96971794
97095692
82354883
97059492
62637329
69244172
85616969
37077583
83318683
39865842
22583022
22803887
32374464
58925536
13200610
21031034
54399673
95304359
58951057
64013392
26418033
31905769
32892798
14462945
81274632
86516936
85967187
24928387
19170067
96011858
47457200
93915024
80205576
75745394
30202974
92942455
89473139
15174361
40921513
48172324
95764376
51199567
21604360
37291289
92497479
85847766
11261392
61226261
78613403
89593545
63738682
30418412
32752924
97834211
36452766
41720710
14444675
27890471
85165281
11556896
95219194
48406006
28721570
42889438
15220397
78108815
72492241
18697467
79481079
30082603
64089853
41504584
53690614
63705402
93345764
38407757
33766402
13446837
62580502
92153206
77532638
55193600
45614010
75669881
99526159
44988773
98887724
70504421
63365357
36220319
81432462
79962906
86679308
28345170
26496019
52246136
46302694
96993346
40743801
23040261
60636656
14875563
15174428
96616518
39894669
76067825
89263328
73873265
68277295
74476204
40378605
47626076
91415941
80568741
78241666
85893773
30056131
44676927
11376114
53034819
44058145
87091182
76815091
94437556
66092680
48472342
84079584
86815804
23385602
54856429
14769273
93523190
10779502
52277322
96989288
62435862
82192551
95893215
82142278
22581184
17212879
58519439
22469951
17369417
35897172
21041384
24574029
55567668
31439033
10369542
81107885
19808225
88319179
37793618
58400985
83512465
47547550
66778990
89651988
79765332
89396367
84165654
68115913
37399808
49316016
74078634
52695714
29323371
22670035
28834084
55408891
68246333
61333407
96764475
45079185
65619276
52021062
38798295
36118716
19587683
49562249
49672942
17858526
81114466
65281266
56212560
20816040
42238541
14390486
89073455
86347071
92098413
12250197
18171257
97833124
63366851
52342399
61101348
12352647
90076603
27524031
33279621
89221599
74283307
27621492
81977806
95636339
20593674
45886887
16516897
20882984
83050021
82820403
59673067
47228596
40316878
13261204
46445489
38363991
33354234
40625675
18339775
65328200
50071058
69226339
50918595
12726002
58314440
63044489
13173573
91152398
40491558
75078315
22894618
53084406
15583350
20557579
66044604
29659359
38160362
90941248
52241253
55758153
23129102
25902745
28193901
57928506
54843354
53801313
26484612
80299816
49616729
57755560
62093198
89957387
36276004
26052254
89593758
87561242
12145587
48056601
60530161
40627356
25102319
98898335
89985111
73515167
57523335
40300768
86634675
10923749
72444220
70947155
30006162
30410380
71267337
81882109
14729517
98607114
34180918
49406574
47147528
58409532
59213027
42472891
78567874
28978069
74504339
48697600
96206248
85293736
80820799
75034495
56800248
50179797
65848270
83197828
76675645
50319908
35116604
70856417
41422795
79170820
80221658
59228535
38009269
90848482
99635776
35498295
86796194
13297587
11941781
62611613
65220173
19206942
49165654
53504502
23056310
29481093
44243269
93795032
62422148
70742787
78258939
53371764
25527629
53771462
60167341
59560402
65665538
83714369
46147019
61422719
40291482
57537084
35120141
94301377
38364610
36506786
12714712
69022352
98255837
86077646
34297551
92642631
84283624
11611963
96499270
16600851
28091373
68062581
64927615
67924286
76270046
72664735
96082231
67258885
93839218
62961282
28722882
39815980
44639864
87113794
78937666
25433204
83851193
72102224
88437216
15163775
16373035
67147639
24407944
52628602
94873577
96179338
11881343
59832514
78749196
20153632
46571496
99752855
10093837
83366072
81508012
44300429
43596753
36238585
93174876
26541798
70421467
50168804
45553336
19920393
14033940
32113950
12226231
36165219
47105620
43297037
33954759
28899042
30977252
50087820
84719510
49679879
54383044
76266407
30159137
31450406
59851900
60552032
57607715
74094673
93224584
37907733
N: 84687616
