P: 861448556
5248928
2407882
4626972
8058223
9820732
5603809
3639953
2219399
8007696
7899003
5052550
9882678
2516157
9826767
4436638
1172744
3579469
9508458
7376055
6039955
5135153
9303652
3471010
4388146
8912795
1353778
1950520
3493080
9543043
2936144
2450797
3291752
4506604
8442721
6414318
8465324
4448915
6366565
7650037
2996529
7997107
1766463
6215196
3639467
6176208
5538581
5129719
9839607
1598522
7536759
2973801
9222009
7194729
4383396
9210678
8397137
9328274
2661128
7947511
2230745
5263548
2786347
6009518
8937492
6083369
6964098
3628034
1578215
1375876
4323149
5490363
3096789
7190250
5685520
4343222
8627437
6370762
4176288
8082295
5502900
1992865
6025519
9582800
7397789
9748340
6439258
3232338
6723960
6699773
3851453
9261220
7139015
2589368
7621178
8901816
7300190
7552716
2710903
9394248
6336836
3820353
9056513
2663784
1972604
2032523
9150864
1532781
5280677
3856837
1051948
2541288
8402684
8864092
9054409
7908113
8437637
1539648
6572186
6862097
6976365
4947833
4953093
8513023
8517492
9969759
2043281
4105430
3623981
9711438
5872666
1128758
4652696
1791947
7163856
2410559
3848812
3572439
3520726
4487561
7164076
2938798
3601918
2515602
5664970
6341623
6316223
2186729
2332656
9655591
5254540
7620568
1794717
6526180
4145460
9525953
7640058
7321813
3662370
9793101
1242346
5998217
6255980
5704362
6957468
2277939
2392243
2044078
6876517
6164131
2644667
5962311
4938627
8359286
5106625
6284858
1717698
3764321
5480764
4300031
4216222
8229863
9382885
6311479
7177389
5659534
2885173
3150767
7770868
7648740
1778390
2627194
6536307
8485343
2400395
5844957
8443488
2633657
5402183
8548557
3407993
7888495
5293457
4185624
2348133
8187037
8544754
8228222
4807410
5566757
1721919
2619047
2729811
9332349
4872554
4465937
4326663
1406878
2169593
1764231
5667094
6661699
7338237
8471489
2481616
3233763
5620174
1939462
4727369
6633408
6566157
1287415
1755302
3486891
1234481
6523775
9464386
1119297
3763403
7270019
3608026
2421862
9849820
3914969
4081688
9241437
3983086
8957665
5877302
3737342
5301630
6415532
5554613
6672631
2715957
5739652
6829029
2909343
6160208
5623077
2066283
5819265
2553360
2971492
3507445
2703161
5705948
4035567
6656042
4501328
3219061
2895948
5385316
6910223
8168193
2188174
8132534
5967801
7248439
4248838
5442374
8861462
8498173
4281031
2389474
3657083
8315884
7726666
2668071
4866612
6598621
4691671
8568608
3669315
1086797
6269325
6865180
7272705
4769369
8266570
3116181
8261684
8120807
3701222
9182712
4394578
6306661
8321976
4826240
6032043
7100667
6114732
9473919
5996929
6959643
6134691
2986083
9148284
6562483
6118208
9544666
6792672
7301190
8808869
5664071
8702032
8939052
9840012
4443113
5227057
6031456
3216016
5339705
4661585
5065448
2454747
7245135
8811252
4926580
4923069
5155844
4181845
2618680
1774624
1803467
5922817
9150507
6975100
3684896
5598200
3244252
3224470
2150080
5233736
3555642
4143633
5459205
7243126
2945185
6190576
8745402
3454941
5235923
6568395
9212404
8561472
9798836
6417088
5982847
8771980
6225305
9934764
8072413
2457386
1400197
2956038
4655711
4109688
9934307
3436354
1891689
4019308
1641318
9137062
7322779
9416543
1742827
8845069
6722553
6762766
2648572
2959351
7019166
6790407
5641979
1801454
4963584
9749430
8161704
7045554
5215257
2678871
4133402
2055161
4261084
1913668
3490273
8192993
2186348
7239330
4655072
6297874
4622382
6322811
6788756
6974886
7591730
2605241
5349105
4078536
4675079
6567639
9648626
5711737
2315171
3733852
5427586
2856000
8716949
6653072
9281717
6755282
8736590
2653365
6276658
8548797
5569581
7770739
1507186
4051291
3142786
8867212
4151099
1987974
6900660
1643515
4467507
4188772
7297738
1384647
8220200
8403809
9899859
5685776
2012499
7276331
3170996
3256799
9177737
4582320
9245358
8259174
9457741
7608632
4785023
1649280
4704258
5220206
8535921
1771102
8024323
3433508
3629722
3628015
8779283
8733581
3971737
2257556
8375870
1670141
6943033
6184508
N: 91207147
