P: 576448647
7145837
4413090
4388441
3331322
3077894
5617467
9617122
2053355
2517217
8778243
4129583
6519445
8146371
9235429
7153857
5324250
4295674
7078170
6362389
8308805
9884429
8864351
1180766
9469622
5157937
9394345
5312056
5791214
6449356
7712472
5772741
6215916
8080682
7630550
9196220
1772916
7718560
6059815
7761964
6121359
6944813
9925354
1721549
5439773
5937747
1842994
7910242
9517774
3660490
9895194
1654045
3896033
4162732
8360876
6321297
7010061
4510811
7781524
5383890
3030745
3297798
4478455
9160356
2247023
2004135
2293812
3320296
3240838
7194171
2071067
2729328
7738040
2852816
3103204
7210419
8379530
9780019
9950105
1579563
4714216
5826668
2489941
4372230
3720185
1222776
6038545
4933915
5036793
3450688
1843643
4907011
4149190
8027208
6123847
6884464
7912520
9712114
3427061
2659883
1589547
2900713
9609714
3123747
1697530
1096886
7394616
8904865
4433735
6862742
5586333
7888368
2319853
3588360
6533104
9306023
1872762
6463600
9618896
8437327
5633502
9297915
6818317
7274399
1137772
6504673
9593104
8013384
1852467
1625824
4917860
4052482
9887522
2389648
4141560
6853067
5262328
8800654
8016551
2827001
4348019
1306936
4003232
6544720
2554284
2532673
3871021
6606550
3324921
8387206
4621516
4102898
7674462
8460994
2334657
4073519
3984388
1617518
8111380
1635404
7962353
7162902
3017871
5719939
7413760
8408033
6012816
6154593
1597084
4815583
5893109
1787731
4002001
4860297
9295408
3540030
9332094
5025338
6433926
8034783
9756551
8774090
8955689
5154221
6137316
4327492
3521094
6645212
8897138
4813507
2652393
1037920
1260328
7602184
3032307
9234017
9693360
2500324
2836953
5646881
4530362
2083102
3035644
1024859
6822894
7376106
5005496
6458175
9128810
2175953
7215747
6860501
9325740
6546957
9099990
4350190
7879897
5529436
2517648
9248375
8921086
8698189
3754576
1597596
1908505
4068048
4120637
1817549
1342550
6998367
9856419
2050612
2735910
7896800
6005419
7809968
4463322
7628598
8136677
9383396
5886318
1743289
6647713
4461611
4154411
8493782
3762526
6098720
7965853
9092442
4179451
4345406
1730474
5732933
8439322
3103394
7915250
3296165
2571069
3677157
1881026
9564769
9531630
7930039
9955121
4513230
6453868
3242685
2438234
6064747
3247784
4803651
1757265
1863997
3629637
3187807
8579277
4571830
7477394
4080589
5019437
3652261
4160984
4240583
5383020
5895164
5677108
1062956
8343492
7672095
5720607
5290389
9607952
1572137
4912050
6264801
8048038
5153513
1947703
2137293
9799528
8167116
5572140
7841318
3277390
4358806
5192362
4459442
4741637
8095138
5896343
9028301
6965750
5822304
9529663
9008237
8885361
4701338
2203361
7876409
4154498
8884958
3232527
5340772
5636713
4901982
6540599
5642044
9172820
5539957
1057042
4702516
1751721
7493158
6770748
5496754
9628387
9006308
4269777
5471103
3192283
6433066
8825796
1611529
2150287
9826315
N: 23587885
