P: 301708122
58640960
32687763
62993722
72436480
15924841
58303067
87674508
97882160
28731937
20536201
76890341
23823735
88877429
66616541
39250607
98885927
94310449
96005662
19593961
36051772
45452938
85228802
67431819
14419755
31557842
69670536
28893372
36238596
85205631
54780931
27604129
40000953
70087675
57603385
25651594
54419013
39645424
80805452
49497452
60504232
36696579
30995862
61464784
63169315
14881642
14012480
88133086
48345615
26396832
91045865
69460226
62107152
13238460
54700982
96812350
57902182
90591089
40401212
74032915
36341902
36781174
99620869
41226861
97212134
31902918
62044245
14543419
10197703
94660207
56258400
99155511
66066711
70412604
44346090
99871741
14188699
30590222
51395768
64509875
72955717
63596168
95151201
86742782
76392595
87780246
56553317
33132863
47847755
32356146
78235776
92684732
60561087
93567733
30074754
44764186
99113289
64164370
12954705
42651111
82621478
27410914
85713955
97555727
12512253
60969005
53885821
83590125
71770304
83716490
11422552
26049714
14534127
95502232
54494729
18529652
11753965
65217767
17418678
86391832
66393996
99034317
69573367
89422299
13431632
77390858
83231516
36907091
57111686
37409226
34922857
65020230
37825892
23923771
96072228
61929812
84632403
54442820
79214716
40061343
20727112
93481959
91158892
91813240
66593807
98633709
74025073
20430381
65775238
31523142
52317510
40899281
61277938
38999360
19942240
39383068
13743880
68280424
87851272
55011779
31286520
32065369
56143007
45456928
70157161
18830453
62728063
21942968
87055944
61846729
46158010
95364984
97149160
75373886
26986769
17607894
61007421
40243924
81977109
74743018
66784864
78004169
92396892
87463996
74808496
57715608
39791973
36969173
25516601
73365265
72176374
30668960
46181230
35173810
40024443
27462954
90276770
28277428
74797771
17151147
61565611
19641311
87537227
21776135
63603303
97546974
89160777
78370838
62282423
22409344
88447581
42223589
49383754
11717533
36412276
39605045
75874916
73966416
32792614
13595916
90486921
14969816
61702499
15731375
19418225
82489776
50311912
61898578
26774755
33258350
52973459
29304539
77910739
53771178
75729751
68201084
95385814
24018415
28055112
38651305
77472406
62840636
35332969
29260839
12811855
76254750
88594137
84490493
70739788
56886147
66269848
66979188
60636097
42333867
56156527
14882175
39607462
93262944
88326170
21158928
72960699
25456584
82233719
55004197
20614980
10253251
30083490
80367091
49414983
97245344
52921020
64754007
68393115
32367993
65556702
53498201
88217554
65145216
38872356
74490275
87402209
65148797
45655930
97312672
28834276
39896885
64155916
54017381
90942762
16369142
69299244
46618040
25225280
14434174
67192643
72490870
29950303
82497589
37060078
45615338
48888419
30453620
60792574
27609713
26946920
11376034
39075884
59712458
87664094
82785110
58727516
89705484
48601331
65569697
41586595
15510092
61639504
19555567
54719339
24156829
12069459
68438159
95620683
45906117
81635162
82926960
93967201
36889749
46172108
30617975
13140788
16828210
29864810
96318239
69349975
97201749
92362677
65604369
41959206
38158615
10326871
24111136
65811443
57314273
76857887
25436852
86376951
77777601
31151785
86920829
45428054
97665633
36467974
16253975
62438314
59907822
94781212
41585754
83561164
42156327
85698715
74038052
94920330
87826069
99922916
31304239
21553104
87923156
43822567
98361616
84042169
82282148
38421273
47627946
12999243
69826859
47253535
49415010
39642950
20232947
59821859
57894434
76035907
53223276
46210697
97863706
44014588
25801981
48902304
76014388
90882079
74462995
59927366
44472099
72175846
24651877
48763398
87086088
76058088
41678991
18871452
27975971
73404312
72178664
55648115
39635726
10645070
50491156
34063970
91129253
38203342
56444608
65821899
56189131
36898640
77850739
86564589
16428303
19234701
85726881
83373301
33996621
32307309
72958054
11401047
62238342
65407137
37929519
52844259
90239683
17951097
53933761
17571997
65782739
75679567
88071603
47192788
88231555
96656625
41833944
33258584
41042422
28729215
25617855
40639792
79504996
34167727
63981465
49063522
58759616
70996935
80276129
90142698
74016078
29008682
38130061
47266652
37889139
55357834
48052543
96788641
99691111
60203020
44774293
11395524
75295664
78222487
67685430
98093727
89040584
51849129
67291653
24875239
75233886
10340451
91765445
19523230
40187067
21423112
27852655
36322342
68896732
56261738
68302434
19474820
86350558
95039710
77860924
22710590
84457458
70114804
92986186
98850018
77932930
20182054
55388550
47475772
60241268
89592687
16990940
45441202
96492293
39215601
95636503
89302248
65031364
26936217
36731362
82448117
87621616
96953894
58755674
37837316
22831438
86325906
19773020
77496759
50758492
66866391
67280636
10775536
74288356
87402043
54279707
43543747
65841537
17932344
60310948
45583721
44061232
70308416
13051638
90099027
44074826
98373747
82239771
14294202
81604823
63267226
25995615
67689692
43177830
82545517
21681775
98961112
97397069
44873435
13880425
19546144
31429845
90719185
17019671
43393464
41930004
28916640
42466026
96063549
30456840
61389341
85466383
83307659
74498449
84184910
61005278
65376879
85457074
35809906
35036341
87722743
89349027
62186300
69980335
99036475
49660355
63924668
62480993
98826497
17074824
89390891
23465158
33813054
94385845
27353574
56130925
67460377
52751667
49088572
12202961
24893101
41297046
68163308
44546171
32696150
15347062
70906353
50085906
39495953
82189630
51330585
18826536
95550502
32096813
52723629
39511363
29545151
37792333
66333763
69512756
46628440
52944501
15451906
66749000
94880463
86875586
84851957
24232871
63887145
89115708
76616754
54269071
48075766
47337688
61288147
92147292
80378870
88714766
63042583
97077045
34531260
47012333
56285128
15086202
54489056
15360017
66562420
23445059
89651049
32460490
42235149
60448158
82499133
70516800
41300066
74952119
26760226
26751414
92465947
61530575
22606822
34155396
88181413
66777977
93668046
33053604
18558355
28805496
88715262
66221113
16039214
70345499
65010414
55059305
52028216
36039960
35181195
45858431
51874686
71933725
40844416
13091822
88985961
22913171
38630361
22650134
54396214
68173084
71230383
25255794
46705112
97020800
47650603
61398854
15278258
80778630
99235918
40847273
17755158
80072572
68676132
46630703
92813653
76222117
48143650
62208386
47589759
97208787
48962729
56619496
44936490
59327967
83855823
20245000
80929329
80722522
24724541
86194619
81595532
75641062
72443323
14778445
73106928
86788506
90272052
41871410
95379751
55259677
16908647
52466227
89975146
80885545
49670457
47120420
10689652
75261758
70474312
49383721
54311428
78024878
79010729
78686938
16983113
82508926
29419355
32058214
84911192
21380350
20722670
63649508
24487195
40811861
49809408
12062067
73998400
39834927
80273965
85055806
80187141
48969315
60250234
12987478
20731938
31817544
82773078
77464983
27676625
94645011
87931288
85569916
46294470
59737311
39175597
21474768
37748294
21429584
46171197
17077097
84116984
42017810
24844332
28162278
82558665
57001619
74065177
53769746
97116545
53132116
56996948
82862444
32841960
84826767
39156255
61074116
27207969
22917938
36181027
35842939
36579161
89504942
11739296
60330529
10055783
23952597
36808287
51348096
59498705
10328777
26211954
11435891
75336416
10920217
17919368
18784293
90087407
40809736
30604170
45873125
70133388
34591640
98974641
60134401
41393248
20709530
72183462
97651923
63952677
85549359
54341485
59204577
21207308
76863141
59911049
78103857
44943301
85040801
35809130
42513311
23060255
78289756
67645492
87971587
69688732
50892210
68012713
80427309
49840925
26612722
87975989
80107507
94541264
23874539
71812595
72395914
44763833
40053938
71023474
61722462
32091977
67336173
47281327
50598030
27766498
81120562
13134342
12037612
30455946
78835783
12686700
67620129
24911418
10877711
96789606
55416900
16846221
67290288
38460937
23380948
94908974
74988606
81865967
64040870
99451724
32188705
22976668
84762771
89429385
88238958
13664748
75653826
40467477
37972037
19497715
26316360
60294747
53790927
36266331
53024518
35439976
76973263
57076705
51697877
25384244
96565911
40737286
12678515
51484216
99617796
88687876
85829920
49218110
24964922
95418523
56037626
98096543
40099102
27332652
90002736
20904381
51207000
75358895
97060166
37564621
31707031
61967863
89694077
90402530
73345045
61439096
69715833
20437244
39482990
30492467
87389865
98245910
70896748
74361225
56865971
56126838
58437981
25642447
12633909
11045205
42076223
40412684
25428650
99653910
22364078
15846405
12637182
38254473
92488273
36273107
68997696
36483884
88942461
49194812
77070149
27929726
50050996
43210954
43775014
30981523
66929029
33592023
39769419
52710101
60079426
56831990
16520394
90971775
89149672
52542104
92982458
27886353
64151364
60563419
80243922
91224869
64530240
34493639
29397599
76355674
72491233
84823460
41693884
89948802
24540865
40885859
62789200
54962965
25761949
37510586
31350182
52205578
25516814
51809044
92681752
53478345
92928930
63969901
86990381
35851753
42030631
43786941
72079791
90970107
50426488
44397918
71725325
55837585
42361492
91829352
37097757
51609107
22488567
62505571
95874585
31082713
35954233
32061420
32883857
85143054
33928338
25789337
10101757
75902496
30671631
30455593
61107414
27675552
47823042
25474325
93938383
17890783
93395209
10920359
40749543
17772148
87484720
72444141
18422899
70861259
87080177
23404086
36435640
27192087
11431350
40343710
63701108
39714189
85029646
48972239
34023813
75656045
56041861
17668077
46144386
15974950
52304426
97448688
16045179
82939607
36558204
93744994
31974339
20742056
75139079
50529640
92453998
49614163
97304606
79317970
66470794
75887923
95322675
40189176
64069919
11695544
90528959
11232690
83160763
38202295
67821000
44889198
27822376
54112228
83376023
96376541
17534567
98864317
25648249
26650804
31457588
99673871
12796587
78807878
29719409
57645221
12595454
50275120
54225311
30299588
27454598
83921151
36049007
52339096
86105360
16624995
91671044
83019896
76110204
28389899
17947888
64758759
43165896
23016025
81929303
62964735
39902990
98931107
38711205
79670742
82345660
93650104
83003989
61429964
46404504
17510823
95342941
94059572
22044534
15509483
16982446
13145815
55439122
73529265
57533396
17700203
41492783
81767487
52916240
45807523
16820847
72385124
60392421
79010186
97538215
22210580
31440029
88462244
10747099
17978297
88906762
37109385
46376242
89231066
66244843
91439624
78374814
73445793
49263329
53785947
48372847
12720589
89765895
54328206
22791847
29482073
39660117
80886822
58394382
31381309
61962113
21910791
57214010
70717440
26478348
78421433
73083492
70421959
69145849
36337294
99715919
99206763
92713495
73048292
91055237
53636180
50044302
26753365
10571109
41192927
99719889
84633781
36752321
88179414
26674779
34570183
51000916
16842234
73102873
56761795
57570771
10998038
57465046
83162340
26750272
53049254
22619238
70033657
20594233
66622413
26222005
19121591
91768806
58471124
44631674
95809389
69936449
75784126
37881569
11958604
33362460
16469404
16808087
44094741
42593108
61688787
63761224
51814616
58588489
65307127
98671675
87782401
93354217
18613704
68919216
53734003
24557705
35692596
27581112
90693142
54756709
26421635
76952125
21404196
10930343
12041529
58868700
66014847
73127799
29249475
86739959
16148185
52882664
85901088
20081299
19884586
44718663
68739540
14275497
40761557
75376250
20794863
66224098
65571797
75989339
96469051
51210361
98962288
46879590
10362695
41677371
33073696
33090042
88745512
19483687
79771785
42125656
23650566
19588341
13680599
85832873
39987318
97396060
19207927
28887608
51163853
46092409
54360728
80518888
50069911
22205237
31182928
42888328
91204653
16801041
68482420
96933792
15494455
89725287
68239602
42087798
81393652
53777607
17851708
71698313
78688807
45123959
87799126
85256237
97633664
67865603
54041340
90376287
35767066
14981595
30685362
49856263
24876034
34325581
79599732
61887558
62773259
86263994
87076421
57169661
16020715
97233248
50532487
88936144
36910590
28626994
55754614
34237064
63182098
92811164
75350128
39586562
18143404
15164311
62039300
47345147
55830682
14976159
56815966
43369826
76487665
59283334
50727000
53077665
92864622
56712183
23985046
12829821
85290490
20548476
63392966
12832474
89309757
38587795
37344231
37472596
77259629
27157635
18880511
35280040
94069299
17248983
81009718
63145184
14545616
65405969
33351928
70514249
34699220
95849665
44104617
86287925
64643781
66960564
67896366
49795424
93744058
70108123
88307725
38878926
70751303
92489229
59980497
77425304
34212002
79597024
47178236
23796765
82839637
70753404
73198183
34404478
89794320
41947014
99962050
60991677
54469664
21243063
75842458
22150938
32277485
39718200
87887535
80131896
45117371
33069290
77599721
71431622
52896547
28433919
22609505
64748277
52432245
48357528
92008336
44097283
56082346
53657563
79046010
93863066
47844571
90255571
47762325
52608350
97550390
12997789
47387911
47641244
70894665
36318381
75978001
70489005
64002404
98284735
95078217
19949206
53179109
16207203
42731820
36217542
92191635
73162461
82599563
70544727
62187588
83855130
81365038
43594575
13151398
82983444
47467396
11971527
88423644
69233290
94725575
91878671
21920155
42949229
78809435
18781928
23559918
76753106
65005231
93402798
25942704
99097621
68704224
15755628
80004689
84923163
72875975
36973899
23325651
97961347
10138967
54362777
56787861
50201274
59873225
50278783
30913976
10984762
93129939
32531460
15196500
13533472
20232681
94353994
82053030
24937017
74475711
39999829
28688398
67813311
14974847
93089389
77591591
96790043
57973886
73275181
57854178
97614298
82189299
69112356
94893012
35378668
88975230
76464070
93424167
18437543
82429352
68893901
57649706
14578868
34835607
81912736
62616241
76539505
31335313
43328662
39727615
10050130
37171672
49981990
41514943
74605191
70871459
85868602
83913393
39945939
39212628
96929037
53297498
94779815
75843101
79564056
30584077
55753813
81366371
61350758
84664064
96112061
63516575
34547442
19185397
30221214
14086471
32198165
44845862
35362668
24300152
57542147
31493029
84791385
46210749
47094264
81822583
13522739
83313894
59119878
32835809
42546488
23777255
48240793
88814528
39827302
93185037
14346852
57009497
84773194
79521151
91323334
52115196
99123602
27667802
29944663
47340213
38947357
71515270
67888238
57893945
54377722
93696242
61789784
55455688
22893203
85172738
58639277
44704292
27939788
76677118
25467850
92842902
73605817
57631793
26193262
22119821
12833643
69600570
15154419
59492565
14482267
93207481
25545912
53703782
62787201
25262952
88579159
92603199
66297060
47262546
79453393
46168943
30529250
57481027
58538266
99609939
96354999
33524668
81615866
94093232
27069317
54691005
73398428
16444350
22475312
82924488
35895761
52456060
67007927
28199248
14477826
77177627
72658834
98773330
44322293
64994190
83454787
31787591
40149169
27599260
27557501
37214792
26627825
52977386
19671362
91952914
91154638
84002415
52161372
96230457
18485380
40304149
12230103
64140647
18052786
71124420
42426953
42982613
21270427
35808348
74028729
98407965
90243504
67269825
53969866
62878413
34160927
40010832
88738888
26937600
24149634
33753403
74314820
86995177
94444331
81274803
52580643
25069155
26015093
15392383
45196025
59710972
32624488
93856630
53355875
37901175
46328218
77760583
21386079
38204424
21837789
90650983
54616255
85418530
52751555
20497502
75019338
15784462
31716196
24219258
86501118
63275739
44043549
52771840
67911242
44883399
18392308
87318078
47869164
62696358
71462393
94468288
32622858
12756504
14878570
81140736
80279737
77659250
29505391
24718182
90185776
44218369
82440166
82490768
29341148
20733678
83914553
10945649
86235905
70131813
57811523
44102486
54889663
29493924
63420331
75929357
54160927
93417762
87530604
28246943
38638583
63760001
22602498
37622312
80609206
21141518
48850929
84359195
25794729
87111449
59706597
93251716
11197015
79242830
37425163
58382214
10877167
56962922
69971341
28852086
68792918
33014946
55660902
56542996
56838998
43072824
91150738
59896419
86066073
14060601
95854192
47619516
58361580
78846470
28559650
79256138
72103719
61053710
95483231
72655503
28652385
67738201
71076086
80768861
82782422
98686649
53537121
97191544
75458111
48920695
87477928
95223366
87626110
12072147
77574832
12957961
65871603
91912325
50073416
60076258
43840821
49504356
24515580
57447885
93654320
16910559
80322376
97609172
84381616
59319649
14014212
18180250
31514734
87470498
48985049
95126659
97852562
40937300
42867091
84498169
49946756
22034315
37089738
98886267
15804608
16575849
28495614
23933521
84374311
42988690
75825728
59243321
84548685
98489932
59401963
57974596
26304516
73977447
38712838
54128618
17072252
30351665
21835712
45266946
96273559
54521269
60411755
66129210
28334380
67839213
76311680
29473567
71043930
92580912
95763681
41528441
76716152
13189090
96742048
13873918
21831863
65988302
95560088
25265553
37741177
21465539
12073160
43134002
85253433
94340583
69633000
39860890
25476380
83825074
47721888
19011717
21983710
40366183
63876983
82002380
59847351
61409680
75372093
27427992
38602604
96472364
23925745
22026417
69297692
23969390
37294605
30832931
60778374
54368249
12942412
41654353
12096893
45147592
65848549
57243910
24772833
81577359
13186551
90491736
49274144
76129960
41481491
68008421
40411010
82314627
75022993
70278056
31393778
54928428
78740548
66135244
10869831
43246806
21187279
59401766
36018289
88065392
46382970
22053749
86019859
36852771
87995676
23241058
81269312
56249821
62297377
32950033
90683634
59777253
58832102
92841114
16742929
27202500
36589537
40265595
58856045
92059157
61900069
48814353
55611364
91318597
45239695
72286490
N: 77394745
