P: 901939383
30894896
35337817
65445153
85537281
33740902
51180131
18047542
54078510
52278653
27008137
12645993
75441347
52304550
59709802
38843784
81916169
39187508
74520239
90484890
48147072
94372884
57173461
61859279
13689052
72807209
27179829
14670124
50003875
44883757
97022683
62129408
71348939
41141069
87944430
52348626
11733012
30304854
31587924
75978982
63553678
43432972
62483711
33473340
30808090
27760002
67776593
31507762
63703216
25154242
45418569
55109853
56940758
73580526
90832737
65688881
76320998
90774101
85844526
10727966
67299509
63804030
10497834
85380522
69776810
16333654
69481153
34869861
71104201
93888384
84810359
48069473
65803724
85626819
54270139
27148524
40309707
94398874
30632469
20502761
53505418
17167813
31016159
15652067
50632532
80707852
50356854
33797789
45106904
11014812
49977585
39754108
77686727
13408984
26737557
55301893
27622244
93338500
75754785
18223875
32193662
34221860
26816263
21595972
62196757
21297335
88129139
27262823
30189226
34017144
98067201
60383064
85166679
67848875
86372326
82794710
97085661
93955721
90351252
65818724
98448263
14023745
93264277
77765301
64275776
89575043
44268166
32682212
17355587
55488732
75338609
50902094
54935763
53029686
46413160
32301081
59772947
21844216
69547942
14234397
40123242
20238032
31295001
74555003
96036773
11871177
84451865
86625135
55031060
93279794
50818505
43530250
22808454
12809351
97314946
66588868
22876921
19077663
96844742
74081222
30821544
77463888
17059898
87639352
29272744
34427911
33493826
56312640
75009898
14104774
87620961
61539476
46550415
34381013
58081798
12780959
87364720
25268479
82087066
12094674
52462764
20613236
95165883
46970151
47765243
74179304
89099168
11512101
76757459
88426591
31533541
55804753
48382380
95710270
72345378
83281776
24619493
71625713
49483694
11155361
97870059
80751197
64437303
34510287
43213000
30417396
61177453
72095696
16619241
22953107
79235853
89164332
45872270
51193267
69425625
10664159
94671208
53045346
75007901
29768378
94987322
75572186
92892770
90863032
84885445
46578692
18288781
87106053
63513512
29769993
15711343
57216864
80788821
34007448
34243684
11924094
39523524
78731919
46755667
75842453
27721610
66319611
88848224
78273146
72344218
83593238
94852065
31493132
37009618
13730623
35143797
51866599
98146661
26703338
86204016
59459263
52328109
66581224
17861480
48628212
84769885
21798033
93734770
45231007
15298364
52221468
96860062
67837251
49595620
58338670
67308480
12498715
21577958
52992252
15020866
96792149
60069111
79473609
89660800
19126712
63048374
80482780
62322861
59671624
18138861
62844635
52549280
64034758
90884170
10434124
28487435
22681410
84116891
88356937
64927058
71456314
53395842
91738227
98035300
20409381
87471298
29615540
85671476
18698326
27779731
25442825
74928735
72498235
42429540
99136183
80923133
22560460
31166856
48102390
61166996
97952758
80006244
21078974
44169571
40285673
43640116
88248373
61624288
15922455
91998452
67471732
45455092
18365599
91313953
13230807
48313100
24778140
45707917
71756961
71235016
23047058
75845082
66745101
96371283
96955722
93760528
37645596
72897817
38206996
49113241
38162701
43869578
39848796
93493191
11114464
27519854
47694513
17467453
79204669
63911963
74534284
15919551
43487513
22888144
71585984
61599256
20951834
21375884
40764676
49079794
70833088
68163499
33421714
30589805
72146165
17205116
46479539
77012320
55436476
23397267
65428043
16862508
95672057
15169026
90805244
18334401
61918112
81525214
40613960
53363412
56846968
75677564
60974880
22818704
72263834
19696108
43529610
73938405
75637363
34961099
11879188
50575068
28830392
50476495
49244532
61590919
59974218
88913561
38657846
78080794
33145853
83843509
71355646
66177535
27722320
91591533
24592965
23383875
29594529
43155829
34166430
67542785
41248028
41483394
10766540
46490196
14075376
77913754
87229835
13105543
20099652
11895454
86216502
96523291
33515146
72464968
10562199
73779308
82736986
10388921
87058538
15833065
98727775
27788739
44855174
17601218
29514714
99119952
37490946
60422899
76348630
11526726
87194880
13371032
49649197
74497818
38878347
85521366
74155279
59982284
23833854
81766232
28724242
20740530
88969926
51091463
20344593
15504663
73811926
27951088
56776733
93883477
24434148
33870540
72861480
24505296
88172967
82766095
73468216
59405693
74985510
83231009
42385288
70675826
61882284
30650614
35945223
31615168
35283582
44787000
66602184
87661529
37288085
73563527
20115584
37257914
12024862
30121871
91703665
79534604
42082424
83926613
71960321
19492534
28232885
21586959
43876235
50167012
67855175
15345220
64911365
14399248
27989153
85905318
54569694
95681581
70216221
53151182
67015344
53402157
74451961
55676797
65882002
65390886
25913266
95394981
42848175
36448491
33888446
22466825
95611026
27794650
53454236
48720776
33828367
47688376
72942061
84731859
21712828
85148352
46668600
72822966
67680554
51765643
16899962
74206862
35251209
24877474
47090471
50373008
65550139
16882383
30367587
47339905
54225870
87324548
87775809
55526766
20043416
16977818
17674975
60412809
22392357
63489079
47436080
56818249
31868487
84778007
67997874
35373682
18357080
41020419
66449343
75956906
59945928
50100366
52745227
77979751
45159776
58769469
58127425
96838171
12893050
74821928
39270341
28595219
36724026
85947378
87407549
21734757
43575096
33442841
94411717
22764461
48952827
26061284
80660833
82798807
25154019
61864970
79270172
34567211
36583243
77499789
83064442
29889577
79213884
42915855
21176025
33203316
45123417
28596483
43935233
75147443
72315249
16163188
24142115
33312270
27997112
76438203
99484818
90126044
16113230
57569384
91855565
14572524
75769815
16945630
51135204
57019009
39233210
67598539
19624183
36044122
83770890
15768622
53529596
82977709
45818967
44557116
66358944
76046132
94020721
57219577
88959291
29600091
59435345
54376497
73204436
57453850
66756493
48274653
61639151
91627406
23602260
74271597
92992891
69045316
60972069
41410729
20321171
36424015
71782146
60405987
55957686
85615765
69653888
23534570
95855258
21745415
57792437
35210649
78130775
93167628
40239531
68506910
11249752
85271291
49655950
21578827
42795849
61997376
10691856
62122703
84351116
24564704
28188072
55302089
10147167
90843065
93337203
66646838
22369794
18962442
31284164
38946277
62960921
26872824
48948878
72932533
73787171
50861334
11963467
32736923
58347786
83990701
55978448
49377213
68310912
56609846
69041363
99846492
42497407
11237798
25549675
17118123
33725333
11370505
48351007
39444219
38226345
82916040
30030214
57631925
96752982
80855862
11363333
29632594
69184254
85747190
78577607
28188537
25466913
86323926
61591936
14665055
94111818
65096587
45691673
87208687
47919690
42208403
75003710
51751826
84523848
80222720
72574281
90069985
14506224
15269280
75964890
33391698
56812516
62320979
27206103
64906209
60364463
73629174
91440922
50065118
86025543
72747598
29018876
71061338
36227168
27737284
48043185
46668692
27327406
23489623
76019793
49067571
39052402
56854348
93379023
76375038
75636899
26846025
26832841
17555510
96586659
49915922
32985879
14059332
78447211
58261825
83267723
19379434
18515234
31224790
89294024
85239816
70308219
40067670
76769657
40231659
77073661
38209157
82623717
77515083
93157994
77718756
43372098
65954053
51560580
86578527
99404999
58193960
63874676
69365469
74425545
56695925
90389228
71444750
88361979
60154516
94626155
76580734
25349540
71831375
10584203
56082599
55842173
41629302
81140043
18811764
53327482
34645912
47558764
45475116
84516455
65766819
49272249
30663916
41898985
89025119
47263938
42478980
71938259
41399559
74685691
19891942
48552574
77953383
16682444
11400984
95650469
16886105
56298515
52431397
72905234
89702259
32835389
44407896
67891144
70608299
54090529
31527585
74797195
93355579
39526025
46320833
75106949
23822243
79745753
47517715
40026562
73435790
39886966
95827060
25209169
80831546
51155275
39314184
71503778
10982872
46462757
94536274
82687849
61216930
81134222
85500562
62117555
39555150
75061879
54718018
60692928
53525524
28823955
98323134
60259976
97650272
43761732
74010762
14969092
39783927
36645068
98317515
37339105
73674194
96800710
88624440
92135239
14039704
13437389
64643120
27582405
14983582
97480132
57721791
40547084
49467486
34222648
93321461
85437327
60959631
45011514
33870487
21285276
45431468
71417265
53220031
32855863
49010044
87896445
57330919
87125280
82920598
90649093
99293254
35393865
22614780
95198722
63603776
98374064
16604135
31979467
18825059
79661743
14049067
15617611
46312392
46234680
98901332
27994695
63631551
54024516
19083969
95806142
11227379
67039279
33010905
22871625
62703258
64336834
25343845
65039571
43419407
47617088
87929493
35743119
93005582
95772820
74255044
40344532
99374799
33008761
44707772
40916298
87155242
46882357
30688938
56318577
90767875
68436324
20649570
80177896
90128667
96862692
34466858
72504530
38902365
85862644
12034964
62762016
69498813
50032680
31579496
20476506
34911666
89018784
58079779
23439161
32316792
59392226
71082699
58275466
94222916
21705837
38214259
37204935
78606764
19985777
59234244
55568544
83886071
64764731
33288353
79599997
24170395
94290475
91794715
89617465
81857862
55076633
98703728
98612988
67676140
24090145
83136454
33864592
22091913
69425676
24905590
70524313
72692013
94939619
63013607
89808910
43145196
50939366
51588112
48636575
94989802
76221503
90903025
89068539
20707634
14879933
77701623
56853609
51754422
58984308
76223948
44505649
24461101
98812190
64877695
92877473
98816066
30931508
19902208
88437198
55631718
30112579
27085615
79114323
70198696
25414027
66469481
42196272
47731617
77825590
18618436
85378400
93714756
98869860
47124509
82624058
59994898
32268273
24923432
60505445
93998273
42398767
33422651
48295277
44579411
47614780
11904130
70499277
65168659
46336591
46643314
35225506
38463580
28020019
56756324
65935124
84166929
28683080
97111764
45359807
16832295
25180900
62934421
22701073
69258310
63158177
73114541
70143842
17606867
49756075
76055560
43741475
84919428
59637672
51298638
72294126
76786328
50885214
21266430
89714352
89966022
56887763
43176964
23562803
18658516
15052985
23911559
52961869
98075668
39864318
50377234
53573440
75914590
13832980
13627728
78383692
10259119
60991569
14788482
42283884
73061112
52857813
18737942
78174604
49533003
60268425
25296701
60990057
72727735
71263798
98328097
17231992
36524360
51552514
26040581
72192262
44505717
13069925
42312283
11455389
46643142
47306851
24579372
18814118
86726852
45933858
33008512
15066852
94919335
82797201
44272097
78415073
77863578
57299980
30366121
25236769
82714926
72650344
73284555
15735751
76342907
93472730
16025914
90010437
81686869
26500836
94716049
82044194
99332839
36445363
11804673
64763755
44868320
68737910
39405477
79551382
75714148
95972002
16749929
42822298
47407067
11495029
30410190
82516750
80488029
91662892
80839135
95374111
76831406
87987822
63931212
90994134
80136069
27251550
57177909
47918304
85438762
61208020
89919899
85086833
95201421
37318422
76324338
26344348
75036475
44906633
97079304
10166544
74179962
76433374
50420513
24614588
84183915
21301112
67647108
76333000
89569781
28533378
44127677
39764931
78181599
33991385
82373411
50001040
99144722
59566756
74570936
15483569
42491152
66389117
52819019
93856995
31187619
60874029
77990326
93282195
84967972
35838698
61746141
36730126
92893694
84348708
97695798
18223564
51191954
19704823
98441990
51498270
69944188
54871283
10781882
70362024
14808267
93750531
70563922
26514136
88785835
11765016
10513870
21385233
81160879
50024094
85457805
53669174
14241714
55104129
65752406
92275466
99429284
37268727
41300055
11362292
98222494
99278344
98763188
99468014
32462394
36869514
69902031
51016075
95191836
95924585
44456592
22758217
14433012
37213307
81750922
47976763
98813850
84202468
19228785
21387853
62617886
90755776
77513383
60503195
94758928
64009589
67649242
94401404
33211416
90068557
47623580
15848956
90180268
70959302
25992918
97223612
22116635
75582457
67165873
73177236
40896444
59230150
41732423
51834925
97829158
71151971
47070951
49395566
33203265
78786322
31018476
60993094
26133022
46741428
84247821
83946204
56208107
94188619
47750573
78208412
58702144
83134813
42941977
46402879
47682339
40277643
83950903
28694142
71352048
45598180
45158344
82173682
60136638
54724742
28830223
41288869
44969313
93224353
35759305
36597288
78400011
11951262
31512973
87985604
97142470
35304129
82428932
72164038
40207911
67739997
46899719
36506008
92271976
86881206
90441841
70683343
73020565
27339617
62603902
11448600
57770100
27908675
98924317
77342956
60024928
44933680
19489966
14714365
49895439
29391224
27445329
92587595
16627496
32350742
98422593
87406461
91031138
16350493
23504031
45948235
68022085
33170259
14973374
34875897
84448602
57726890
34074489
52347951
79674163
38484764
18406630
54940600
40543233
38784872
36352527
94798412
98912218
16610055
44424620
34286660
31758175
96565613
51867565
24566447
44711409
18781671
13617361
22376705
78905890
68984532
13706959
74927645
61681804
28678533
76699181
43787425
21649390
51787296
34115824
60110707
98972716
99388193
69737861
66637573
14698837
48756382
86642548
23152562
46820312
11288588
32808354
94355567
25847766
88269735
30669748
20276615
20069857
91615931
71085344
89158985
18625045
85706856
60311733
36324552
57079191
44767996
84446350
57695196
11160124
14425839
42025639
52653640
67665431
21599263
39397122
67246836
92135143
48222304
78754369
14938292
66567990
97479280
12067919
70658047
33532734
53981929
34082469
54917118
98989701
14557523
99143891
87716154
33327346
27504261
51296386
62328125
78387885
13586022
81795773
32587398
59077461
79079048
74056694
78754287
67364417
23967412
97094374
51007569
51785147
12190643
92823000
81267754
74251041
31178314
76597189
54716477
11863982
49821112
52538277
84945054
37278796
79880769
60666407
16021244
14951059
44732466
92898603
53867745
80717720
64924108
60960328
38525947
66145718
66516720
82218760
74264490
74105196
73395256
95750876
67706440
87295443
10332334
51540409
99524332
62068412
41398595
61442000
46054391
60254631
24083172
47037146
56860896
37863510
31441176
92310298
15646596
32165485
53401672
76779667
35097679
43845614
27406947
52238215
59065816
96263166
87336831
31727337
86354501
40617539
29256630
15754077
99151433
33180450
27305287
78013965
31167444
43214142
47668929
32013251
74864558
90176977
30748931
19678445
23313868
81506210
39887836
12467886
43255278
71012204
15076619
22473581
32942724
50445238
85909049
42422113
55215127
64386425
12151504
63108428
98648116
80455868
92777979
79747482
58362161
22376057
77692444
17635386
37234992
12647593
12058219
47973623
41746656
43596717
79167709
77335242
88949514
37236645
35996481
54838419
34834108
24089882
12603528
50493109
83024086
74137020
99280137
73213861
25947422
42446509
60346464
42454846
75306830
96048715
54832640
98702967
23230539
90426263
79813290
95125418
66676228
17264068
46684889
33809931
15075892
10498315
56857327
27788612
30308076
58797320
77429238
58940070
48112538
96927899
15889569
89376323
64132890
14742463
41930347
67614156
24652551
53411572
70191425
98275977
93628169
86748361
47949581
69251146
62681104
15065453
97007986
28414109
60242799
91045668
49807859
85074648
90555204
89153998
70939498
45586467
23833082
74146444
32691033
88538247
49635801
45878913
60449728
90326912
98078900
50213443
57277104
69122908
49609424
38087207
85755914
84988815
55016970
78516090
98342459
60850469
62151813
65865181
50985915
70720849
90618955
38461050
71935566
55432479
46558959
39801898
18737730
23269315
36935204
23137698
85333130
54013651
36383182
58938992
61251986
81557156
65743523
96565229
24244439
59619703
84041954
37653524
74320407
37705175
36472456
51770357
51764292
25297861
32206695
88904232
17801902
99182079
93633812
17822119
99963517
32561140
65800561
19499670
67378848
41829416
56635721
58580593
24266316
38988303
39775759
21475861
35861247
74017231
44220374
34374844
68952011
99053176
N: 48723340
