P: 359842500
67020656
97067796
62118953
95322745
94856724
40042189
84462031
18175716
49712595
78819942
49798869
24098019
60532818
59078357
60367960
95268215
65387702
75775445
28162031
95907580
57084056
86318214
94106192
97006161
84399692
11084095
31337431
60845148
99286675
52797049
36743245
24218954
53171014
95413642
26909829
85862836
68586814
60676579
52843802
28375056
49641959
42182864
80531480
16535867
25579008
74346021
74019609
82282527
64383910
77031101
21931333
32383197
79338416
68718119
87775999
98662844
87319167
92394526
60247465
27014848
17188083
55338467
12154767
26076811
53641824
97513871
33720722
65110261
71226635
14365350
53161469
97303979
40462339
46067406
70922714
77032215
35984286
47366490
42980799
79582773
70641471
79163312
78544344
88473922
23962332
45023455
99872603
49486732
95132085
20273444
29060736
99046684
34768886
16628003
37054477
63513037
87811023
23523516
63796635
28325073
53885066
22916066
26854875
26968642
34726256
41999590
83003704
90147918
15617525
78838597
59956302
80650472
36889052
98083520
67483027
31936035
44027582
62219236
74271737
66393084
83544353
26969089
37930259
75085398
63017982
80066370
86884975
86165535
38631761
59278812
60615653
50815791
11747823
90131195
32169606
39475328
75669275
27173876
31648848
61710916
30475908
90926744
42249180
93330027
21518659
42945150
66274272
59950807
51267629
52232080
67515721
38102146
38515256
60382532
86562554
79829744
96157772
56800050
20212464
76527824
46018756
83837004
32666306
93094265
63702465
31292185
91801329
90040512
53635906
19186380
72179292
68879417
62040402
43011060
47841120
31097768
62174950
39767298
75446462
26882825
91347207
48048390
33726631
43582200
18964477
79120474
78799207
32307161
84633776
54594438
53670339
82248004
62920147
77237112
34074858
56695270
27749848
83965967
21480847
14105828
77942686
96561482
50845197
16952966
97447117
33055508
15957344
10341491
27352180
71582273
99712083
12627921
35587630
15766047
55350730
21466761
59496436
32824662
37834542
12839728
63478292
93342175
51654192
36073104
83632723
76701423
73643049
92502025
20358049
25247881
27457475
70535317
29713392
61464313
85366212
91671123
90236847
10259322
64081696
49014445
48958358
57415636
73811231
44720125
43012273
55200105
17752912
44947991
44660215
25067994
23621601
35530330
96067073
43198783
92483400
38768158
89226598
67430546
33515147
56279771
49475966
18000562
18049424
25966851
92312077
65806242
75957004
54573790
47962477
24944906
18041320
48782888
64264955
27818043
34430343
14643183
57065627
37135098
95657247
11093021
45385404
23897910
96012068
30626807
59909313
98663262
63806498
61457030
29145773
28714402
56067761
85150969
19109625
90431965
26355365
43702979
23814707
62293034
37714349
94373160
31388317
15115662
22576017
42009039
49979292
26298311
77838830
62985449
22997880
80797439
21119643
56587497
94296215
52998379
91302665
94390952
67091910
50328986
76793315
87307463
30306339
72657238
62639690
98120912
74348969
84685657
87826632
60149062
38350313
70991824
96775854
82570945
62897613
85709902
33833989
86504575
29555228
48619827
33422189
69083144
16015215
31353089
95005037
13921507
27095571
64155889
67514605
59483441
19877344
82616572
45306386
84598714
89999366
78263330
37580991
80703066
52060269
94767615
42423265
50403723
56480299
97777446
25113455
57800535
92274500
79658708
79828798
64673391
52304112
73514445
32196946
50809191
53191302
35995634
66701222
10288946
11515606
31935578
32366204
74432269
91999093
89876036
43929307
24082682
72705926
90875678
45839769
19404675
97615647
70906174
66547242
65837119
78381121
91236826
83191795
95905193
42940036
13921540
97833291
86905087
40828597
64590047
89818568
89016332
86835433
67496851
65353555
49722685
22239491
12300589
61645742
18089874
21449948
21632878
77179802
35264091
82348066
95299885
57682737
40401741
29497742
54869957
41046505
89893037
94519367
67658220
30974125
43939773
20716083
57663857
57736671
80363581
76167843
70038969
75023249
50349519
75203873
47667033
75192717
13199609
78531880
14279503
50405975
88935481
88082264
47321486
60432558
53976791
82310566
54252555
27465497
16161708
95162856
57612838
83506750
36211975
64005665
31444300
46098316
25331946
76593467
74803537
21179822
31655988
86243371
27900796
35769126
48272883
48419967
67135655
31011954
68027001
57874335
29452258
88355041
12908181
32696706
94930085
84389198
88571420
83326009
23061064
51092364
27636270
76221557
94379329
34867095
72661625
74018679
80622982
10881936
17382125
23984840
15403569
60733660
69958304
42758256
80962869
36673599
87857492
97300139
53392206
85459527
55915467
18715796
36684765
38928385
83036851
13504456
26944806
35463148
79991331
74587741
42211373
95046610
87460559
85780410
89419127
63085243
87259651
30211539
14585505
19703503
71313886
54105653
78139868
98957883
50689659
26039024
74349972
75592978
99395054
14808283
61306349
50289501
16194756
60562596
75433815
40897111
21345358
85976623
70749244
10218311
89747732
81533091
70874219
71245741
71193273
65871107
54140661
47118892
64068860
90987456
39188016
49406954
49228003
25891342
46317825
68673416
58483783
90900600
12012818
86621998
60200013
20725930
30815928
60014349
27707517
55416456
35180143
49080186
96772725
63030245
98908231
29263745
84211179
86217473
65196591
39448321
15537005
16707059
19818175
82781295
49801685
33932079
69944795
89287387
37253331
41241750
77473340
67977406
94649409
92780322
31590318
14470540
96164854
17689788
95729339
92749733
97489806
71300484
12927682
95275675
13003090
95288332
70533045
37305361
31099789
95862404
75406264
10063325
57914910
23796989
23269279
35442807
85677961
10800947
94810958
98239051
38747072
65202797
12450184
21883030
36762520
15370962
75368819
78365836
98665742
62522823
53886266
66674337
95063798
69648281
10789853
38201180
75445416
64894176
16192997
26865633
67478166
71833865
95258605
64733067
98396142
49233340
72907593
29220668
87781858
50307878
40655989
97128883
86338654
54304633
95511916
31538396
87352802
44753400
13453537
31909544
67773316
94298104
72002585
72924981
30984605
84098272
39177705
41464207
71264305
67661027
80192374
25050663
77522704
76562988
60702324
26523672
57574514
46586088
58309715
12971666
42821633
36568230
31104484
36596350
12466689
20718614
50697415
83293744
85708142
67380881
92060225
37397477
31529672
15638636
75733703
72066463
10059020
55268788
90401729
10360911
97850312
76750822
49446174
24023544
12182577
39224644
11752161
55934795
93381834
94626150
92067939
54386626
65243578
51530610
77842328
49653862
12866026
77647831
13345835
36601802
98653599
51513538
38871013
47291535
18958614
73594600
23778171
23429895
93036276
38867060
38172670
79274706
62754274
91012015
41852175
79030085
18952801
84548026
43260885
91913676
23333990
51056219
93397947
74264857
91797935
56419469
96877353
86472419
87069744
42413355
63006846
86074884
28160992
83097976
79088993
38705737
69178018
17419111
86418783
38159470
43588541
59152579
82301865
88022878
13982528
48511817
50034225
31645099
15475670
68302136
29464107
27336257
47031740
80989747
68699267
48545839
74590764
72216317
53493915
86906552
43383673
77378987
57340430
25367210
19037763
37148657
58423202
89550448
90785599
41305181
55036125
37102612
85136636
44523604
16110721
93673783
13270842
10897815
96622680
57827044
46606584
91704056
68523913
26909546
42189385
73363890
76992557
41590425
99182312
31775262
13385986
36743858
80063035
13775086
23794023
34503614
20810765
79329794
28952664
13437996
70409455
42362226
88786989
49514875
94926299
76243046
94239905
54676495
85155696
21126925
58640363
73364665
85901708
34324074
31233350
63529964
56501518
33089519
39243702
76165834
66508277
31075672
40395288
42072517
32230542
94982658
23350989
22088953
69451664
11914235
20906873
28468345
11145152
36335001
89221487
75169199
36436713
96964937
20363165
47042096
74843054
63529128
29251576
26635600
86332900
81398700
78317228
41942647
44347404
34979859
35215361
60637172
40946252
58646254
53775955
81258710
45941435
68627740
40072765
68606191
44057358
72077351
91881588
81832288
19394310
11826756
59757487
70496243
55857265
19277263
40386427
48978617
81113437
68852496
74029137
36850343
50055205
67467805
47100058
89517051
66261908
75749529
55632822
31678638
91742108
83440544
17661385
41272443
20445758
78864963
49851205
68566416
11078996
39292922
92615218
18465204
68494950
89803484
39099860
60606323
53767915
60035641
38745065
66985109
85132770
26468672
31802909
27797336
64859616
97465562
72772859
79667756
48080771
23249520
10822718
54214841
18744501
62205034
95882531
55365924
67175006
47686868
31144221
80127574
38861276
30898532
73017821
86545460
39144987
24772948
43814133
34906596
26949071
21405507
20804933
73910056
60677640
28618461
11187155
66948371
25057927
11426804
11676259
33250362
36868599
58953476
75727506
52307380
90014556
32202860
78788076
20660656
51235560
72268334
36146055
58516542
64903049
73955600
67795967
35244603
18830212
11326539
26821576
18892586
88274246
41988693
29853721
80482834
32325575
38039473
98071893
67918221
34008759
92582400
49633125
35778201
89805055
13405817
26314819
50846910
79652923
77869196
96700419
43214252
32714297
41441503
80029185
23711808
30826167
48013353
12659552
46897681
33384739
45962902
71774777
93443141
71523436
61958214
12995961
68104617
97795473
36219287
25182858
39292846
97505857
22198282
58356678
55177803
24212783
14604083
67468900
82383892
13901979
91285109
13305730
36524760
57806623
27207614
98350728
30720102
24531663
18835771
79281108
90854778
88720116
73336392
61832399
41580864
13315907
91046094
52568740
44198391
81759811
56118864
84946491
69488241
87752288
98434336
98451858
83572963
52269177
25401706
92568661
68314350
95589292
41194029
29045085
14395217
19470834
70251821
59340867
46146427
30975478
44192338
57357947
13744829
70212136
94174601
87105255
78408281
36045645
24611799
95148724
87208712
49830607
14377097
79368922
80875616
45241224
93518104
98427735
62837654
89911904
24219706
87083495
56148705
91082503
32243012
69943897
95641842
95796037
99729099
82262225
52455434
48159453
82196539
99748932
39385033
29916767
68094829
82340749
48090731
22745803
17455285
12898901
75157561
34146388
93291207
51445598
87480985
32075276
83652045
48529327
79468721
28381030
89444037
62388567
71870609
32444828
68952275
61910517
81350384
94589050
17450983
23550838
19146274
95043583
99527669
36012034
46154782
79066950
64654631
87641770
19908657
72676931
77022532
86719760
22786904
95800593
85025621
26785485
57573345
56102740
65106546
16280973
14323402
61731135
84099808
99905638
57772181
32296932
47758130
70556652
87030947
66578131
24149690
11944049
22325405
38674060
95351297
10525293
19199072
93902089
98728582
90181332
96393176
73747736
74025592
98135339
68171899
N: 98353508
