P: 774732804
305681500
156524931
158249424
366281552
584966883
531762537
557844999
754012625
720806985
836659705
258201134
202845588
800487817
487820714
861783125
371960511
401550988
155554787
290759279
737558506
702673129
368263162
195741354
109381105
406299215
854521003
880683728
423844748
777299517
265941931
489237583
440703351
841654840
113984625
595100440
684731726
923922075
184727350
155998757
246056869
667026556
343616653
148397312
244197725
231251510
420409575
138657816
500036724
817141479
272778689
842316647
896882428
135120376
879417735
950290702
847442046
368438497
750247022
172482103
204804490
131293378
324334374
266253466
706642691
512616530
180529938
845449983
550497392
709243907
190612423
843621030
448027192
447446139
780413589
369022421
677358665
313491737
842105346
334977866
346993098
181832261
273211794
558447042
628978102
752342187
675364700
163974364
114252178
924594781
115023013
598853931
421239335
538636743
614837500
130652492
742184239
536273431
928251487
991256043
585900816
903968586
757525679
239287200
791988073
939027285
903515060
402761814
657343797
951594271
863403390
485369581
631617797
678287076
266288412
280814018
231110326
972372443
540466579
198988211
693122233
141467750
424807885
571883425
724730868
434675167
954989526
677622378
183131320
591757931
997493082
166017914
514551417
702295340
862261003
810501044
592700260
546459341
582640892
464386691
356858890
451475323
970737320
690584954
157420303
239074311
709494687
423204495
674124134
590043023
282377847
123568370
564109788
459830296
207136487
683841713
862635233
117598551
702723047
722726457
148894195
512523991
916595034
850161264
794651554
817398127
792852351
248724998
901351324
312826561
563627637
277414178
401976041
400507545
364673606
811316247
576461682
205808194
648503000
846272515
635718957
525600624
314424739
701876915
387795265
603396660
797513270
820630063
837304847
897394136
281228297
615787135
662034770
682925852
608978990
104082095
660834308
190856581
239681001
802523707
709817035
348701111
689079831
867279472
892902216
871434210
785643140
655101591
474880540
462736581
707779094
194491878
279269541
912322622
807867992
782000720
736322261
309173719
574143782
743982583
219466084
327721301
232527708
694646703
564824668
475129542
900302215
409582628
123274573
919434238
275574828
574337261
262197795
721024040
721731372
748594522
914171611
868501856
443445183
490689191
392146347
239759041
424219354
125199162
805383056
543182664
435939083
266363135
432102170
723958810
109335109
329266289
255846180
334173590
313517169
536422266
518574526
133284074
766132518
798582660
658642413
265390023
360607921
743975810
887233328
936075376
153837589
710353246
278756483
899906387
568687027
100140732
146773274
639908217
921997090
342122514
225535808
301184859
388499473
244041308
726716842
329850953
237697631
551482547
184546987
584056352
408352667
266699141
146915732
309659430
632108260
168533662
738566464
249119244
940045258
230826221
863026325
762233862
960034157
645887931
268951581
926502609
483461916
500193517
143020300
329711682
715086462
814150850
997547309
329768186
793984708
602218072
100051376
899127503
558082070
621066732
958602503
621098953
867944575
721195362
901458793
596883777
429640320
854474432
239307735
884310586
161424036
932757967
582172903
326015834
939345621
245940468
804592251
251430818
275853136
979716030
263092284
571983233
519476168
651139359
296752801
148225330
421876046
728945657
831923270
719303570
967265478
619788196
706602161
190276198
459530336
440667838
445356032
438224490
689917924
450824064
246720772
665782946
782929790
825070773
891675951
364596004
453978673
228290846
786599106
600517868
244521941
500075473
577138600
236823435
855348352
162783367
825201265
941434677
136567307
182570536
306618802
646934084
451518120
426827119
364524781
462722371
297465637
673514995
233281770
502657145
889448518
588655661
689425370
838348815
302686473
307297502
589442485
204070835
573640452
642103704
887846086
816400161
668356642
199389866
958743793
214384355
816460874
423478393
345188594
190177967
709704480
157905466
880537905
572773523
817289474
948940938
676306184
509452947
101649833
525812199
327254870
770806427
503383441
893446276
256225751
686153073
578823952
871991545
785462511
927357204
136156238
517030155
908336701
413960106
753092631
919618674
175928243
806922928
749988731
480541807
307950134
539935168
548057911
738981433
773096370
965974425
135131382
554601737
791048716
257182376
690343871
280366818
877609373
809439833
763852387
507977274
651829994
395632524
395898077
323997764
538237850
591732426
765404103
467610282
152253135
398067251
622520034
516908907
389772117
901597302
333905027
584793925
485330010
464774792
525810553
734986840
148612595
227150621
224361189
117816245
602236320
843942710
736928527
688044249
809833828
685337587
896573542
438405581
248838684
988749122
496157292
865660364
545968150
437630877
917256345
606885196
444368558
323090362
424074003
599402227
657518320
871442305
938592715
843539511
978567004
170041352
418290284
265965166
891345212
699202710
608652051
992664836
179562364
268606497
331707284
965807177
674212983
198214457
172998998
507059539
884673775
187891902
369856350
449015712
617826207
365746240
399408227
806990014
354646921
457358879
399007936
289566423
595847176
173129882
673555540
294253379
400647633
903917154
587566591
592619000
749838741
148674563
403243567
743730803
580438712
335423943
132021127
861347416
929751110
604128919
520224661
921623706
521840285
797971902
889393016
277327519
367400378
554796318
737398420
849739764
704101719
308760020
800286980
863908820
419750230
465041280
764857714
698345107
691036781
995782329
881641670
337456168
797914865
411668156
109987341
478939603
906788869
172023881
791248738
642730196
777614138
744131289
756679532
950193809
425541570
431401301
103324240
943759326
749264348
895186547
685082056
638222673
770914352
523253688
736068941
322699173
640130399
769258580
402617953
918622127
468698472
304214159
498723184
358918528
864855587
775926220
584562457
584335218
604217938
303615533
841648368
512267748
979566209
540300870
504910696
214583142
463233924
253630131
785780808
238047116
509692997
801894653
779074701
543103250
743475881
562361546
775806232
987756693
431916255
416663034
901164513
340211063
214491201
112722252
620717360
751374177
150471509
931448119
997281292
727140313
801945046
263541458
526026819
393675225
142331243
928455599
609924244
938552995
315947725
684370718
505383284
820560337
765634499
655323709
984747623
824578570
500033250
341679307
557628250
363841147
337709637
440548136
431721858
116711203
899257489
754634352
561725633
768738388
853364272
867480118
905846162
420377181
310655828
747745406
635367380
283201159
130956102
487864591
436899268
620741574
851944995
347648257
769920209
184072618
336155738
738648053
658424752
573333988
351800925
128193275
471318679
133929245
777790370
486256414
834902140
867511496
707766039
636335383
403028372
628628385
739221268
732361078
785056632
570077739
891233677
491353771
120614817
374175186
489320896
170297461
392987185
442939896
754037437
320146791
604876985
145947919
269332377
662286202
592690461
600746190
479387115
146021624
409274217
139203013
249008698
789748810
126997289
980279265
129368151
608923972
307349724
411648476
509521821
760248697
115709627
446247667
251917277
368222655
546364843
515324283
291152406
738206925
277097271
285779448
719199919
809561887
845468861
498586602
639104787
299777043
726053746
672766547
487560558
492552678
878239567
949759487
602904063
881876298
894875773
133311674
932366768
489747227
849996817
982191429
860838506
308477042
311794355
221308954
539225842
762384922
159083344
479516555
830034087
249461517
376526222
456266251
300315753
656909511
893284692
109204459
373571256
903959380
853641224
783972610
819310714
483483828
677178310
783706411
517685067
918376849
730295934
253702610
415937429
366377099
940145678
893949955
997955727
400596571
359959428
802206840
618821948
681780614
505635429
265919927
206383884
125917361
401319152
937191894
177198504
101869909
790529200
561492474
168439516
421638894
835828591
929717383
649745311
548697440
748851876
665304819
404896995
461406397
368759195
367530426
516808104
278400062
710998396
510977933
937118623
926700859
883391167
208741673
279940180
931658244
868061879
550613994
183357538
778425680
558884244
355332626
899990478
793362737
792512219
240138354
694248851
891935134
328930446
824571976
876747009
577725582
187865979
325442792
957529855
772093420
845072818
963359979
355956611
759749589
923572020
894322497
744350202
223214883
512970143
186118776
607909612
123117251
589255235
812502757
642056837
775753535
681151623
844666358
837447350
389629687
558605826
164419908
574467454
760372682
140091574
405076470
408060398
142238735
728960676
411136341
436845725
188562468
981686756
968199746
469277332
107056591
134284493
896414810
149556215
650810359
591686055
110390697
250828724
409656653
175379341
860724898
127086418
556031486
258466745
913806916
874250789
116557048
372961132
697204259
790569559
997530555
886468052
776264769
930975110
945135342
656821645
232548568
821742113
430748788
654254061
356608433
791320101
893048730
399469559
118564382
401766588
253793888
517522278
957170834
173614724
963410050
771757716
163270085
194020338
979481066
187907222
417229095
828831518
180220164
710564120
924040938
681011568
515075462
344851916
549955575
160168429
300697885
880094916
203079191
124021624
341344155
807953775
375420264
814668764
447476856
697210929
456766344
929712694
608594588
557590747
635263948
894120301
637134952
343815457
566415322
392034448
238691394
213854881
141394401
302810215
440834626
200294090
974773358
421116684
299621832
771005317
956305678
197945267
115744049
501405333
625407113
992668024
662814146
612173860
587698316
534368957
721951750
843931091
710575930
776660464
996399973
615520256
197112114
689306401
236503788
986044408
642006863
608502817
842980501
953573127
161659656
949102138
812884485
176988346
472799155
924463513
305864218
858536349
835549132
480695614
321508432
748905288
999740399
508006054
149610843
115385955
589662500
792183749
664502744
576855617
712315588
613373298
142998699
705081406
723468762
371773377
627929641
587065222
590412843
600130970
727742160
872200585
779296595
847803634
390232467
115998395
862473230
192911986
469018009
375734088
262554134
759038113
242705466
863933774
812959556
173124716
704546903
137269178
239739866
443363640
465268881
743121134
796363285
665083896
491674733
843261047
609514555
314255586
863420678
937484001
160347187
166605313
291887452
516701688
350425306
519493563
656858669
355119467
395287250
137078980
762487182
265415272
221789588
692896374
829039070
752249329
325589769
598429493
217666591
392323889
726151986
509960676
664934177
408205107
804232463
528329241
984338976
961027570
123796211
744043490
678931979
752463384
530372561
446357955
827278287
453306923
325527081
410688467
266936497
921834433
943773231
229680692
827410647
704677115
249684801
825801402
667822648
247405533
110017447
352078003
895730602
208952696
148141598
301864083
376652854
508369959
605338510
876227689
428002010
971980090
327660789
686175188
771221119
184881390
773270763
239373898
247339846
150026701
723713338
291944425
316905287
301622939
946475236
683041088
157750549
393251353
195921903
885870023
506799097
719551136
568811012
541178272
361085469
729711774
399985269
194677664
819135351
963823181
662234379
381456110
912027585
257313583
545649862
424317333
627482810
247838322
395301399
663621588
844430146
301283138
603983585
881692089
786336595
993717984
608302290
707838815
471020999
232463796
876122775
498491436
968733136
174644796
453876950
481119773
411230317
288021406
390050876
584320077
626025200
810676859
380777088
807254595
761219506
452771159
151756163
134081711
759218739
791511352
568081122
558827682
491904180
400878547
306290635
406851803
382590317
721139936
268222500
422977513
939345514
875622492
482426022
603409450
726267690
130810918
804774761
477049234
898549298
517989374
769943287
412446655
880317454
116995150
870317581
675178831
859433012
482124262
715546715
498896956
295313482
759982094
302246036
324372815
436452517
660422025
913206482
543689418
782106693
421558171
601517127
462854379
508516598
859097496
184144717
468762060
939658792
647085415
955778816
227173797
579625933
917716130
236505583
973469490
450523956
866514940
366069340
177223777
319402172
980976256
826830432
488339240
862946620
350076497
595700158
662419838
871642322
911909570
982849976
194266806
582524497
612405686
556249779
396087355
797093708
854718824
965516493
797746952
494112053
648856611
723611315
721036671
967492224
160040593
441904669
123796293
864217175
679381883
134075478
169384016
730843852
156428536
117516458
950868266
139080037
440100978
850530806
304530904
921428067
963540448
757733516
976236050
488219239
347086999
691694849
823799921
731830022
138981351
307106933
802977889
435228668
979111231
726874561
176331176
419903449
323329530
465372008
950004397
221473224
919375984
331778420
631961606
392346682
251650245
255663762
855409150
167297443
422924122
556595069
564177281
551589200
351551685
868303749
521758747
120511124
922529833
762621493
684262969
339304364
448960274
301966189
773304488
345776194
667034877
134940559
524862658
325812368
112626796
326768084
601760547
368528977
959031665
763016632
489334908
709877609
834257494
584400915
626492972
665954142
722352719
506594857
658426405
898693089
873552509
770038598
254476145
504318904
272232336
647520870
285813641
101065020
490965425
982869426
267219312
442826911
741191863
688324005
699622801
623666116
483543326
105156869
516143585
505638147
633580032
450127944
939604068
598810611
135091338
145999535
101562386
758363000
393683326
581506301
449991003
285704205
427069333
372320107
383982546
555750078
979934512
368302462
485237666
384682270
825055470
706967677
482753114
334032401
630625087
330311592
806922417
275631625
953049452
172719507
117219118
469187334
874331143
812803590
223203649
174152200
836563887
716966729
735476608
485983918
850807423
192111581
337231268
345434526
893094710
728672892
280704576
619713474
370701485
765044842
195948699
851563031
380650676
653726510
243984334
516629907
220462479
192189596
138433619
707691119
980048979
155090862
837846408
429597352
110014912
286898745
522822411
324088233
958137541
525261431
780627952
113671425
184062982
109675323
415282267
620909488
363562661
312454642
291355544
639844124
735310961
445461208
826991445
472407587
839143573
885693665
273576460
841010481
651228253
333084979
549308990
207807454
977312915
441664035
392454103
904737134
161175918
418708919
861949932
553150802
154011327
547240544
472197228
461197448
756987007
182349809
525069419
166694739
330678851
286179105
201594688
803578684
917080178
170053693
347212736
695957647
795928023
897076040
725471477
922699935
206689191
257273384
344214742
270277318
907588624
925002467
387003079
348441111
345275115
199195343
380514261
722274625
549562877
514021780
768563976
812973110
830361229
639877530
168824370
346299056
923598143
691892409
642872285
486459256
428045670
384580594
862500011
397233643
965020177
350227236
416827581
932159741
995309290
811417746
124815392
597486860
180376900
420823228
779422140
196157677
632666678
553014369
252936598
651026204
216473254
114066226
135797790
462565090
375714575
380685569
470434722
509493307
183610066
983339312
890891255
269885813
870235723
563681948
611409769
875935917
555054545
218358522
955273497
376344714
486072701
853454371
490519447
859766467
838117638
795487956
510266240
831129855
986946251
197239254
608915962
452533246
480523867
829155295
528110768
206420633
758192570
764755647
752951374
561156063
708581518
825367216
497506800
288586475
851040346
733136135
914890841
160277210
863893320
119892818
372246027
488673281
330909477
834730536
886626647
692151676
152831247
374686336
255777096
658681278
251781501
732526916
190465799
671737003
850337908
999341605
446719887
134057737
418951417
143403964
576634245
248859533
771686726
534870203
500558459
838090046
508234184
249635803
898308653
964709127
793110322
529209633
431333718
268052764
656467479
572311658
407466585
773914163
459486981
684982345
734869923
559044846
964177384
463735748
211670848
541161176
797419616
787473926
786223639
195911802
411750688
480054647
647397980
848537081
329669710
168872958
967664803
530520317
414134202
759568723
752481232
859998459
850269896
865517956
479406429
440619309
460286911
896509719
625892284
872031752
236954607
207350673
673860790
950442450
433767277
991726896
624509658
138289924
116675099
797698152
523855717
689761952
859264789
908529754
767510323
344328266
818568385
582948919
984821768
166872684
431339504
803573116
810483045
675812981
929518762
964961512
566522796
776610765
367054815
194275667
218750628
542225613
375716925
353730294
192225595
918766081
195102065
856450526
801139519
661100464
193060873
724455447
475782455
385309761
502053924
654006445
795886455
617378716
832064608
771239004
607051903
451321286
196261344
312785228
488704812
551722382
212128243
825016750
483082791
889509412
172690753
305613400
827966487
640974374
634417800
816549479
898966157
159621906
470615923
760920617
939412387
889411344
470037935
702863245
822485672
908019096
661113227
302694909
787484563
298194916
704158918
469412997
163762571
358664672
766509273
616036873
347087776
580223623
303353741
946226905
149059713
739409728
519376976
752842372
306813219
340820527
909213505
955600563
880817822
428641294
961524677
511256118
885954517
535531194
182074065
872919589
167646788
195841740
745594825
934829629
568311084
910185538
832316888
930112993
674483695
775844909
581353684
474809703
727567901
800204067
316684690
626603984
301009553
467808328
685943573
427294733
992558274
573688214
299908569
574081984
843028654
171667193
661529779
684956272
178879838
644887150
766812477
855504928
300050901
635817116
762495698
544739604
376394092
155577403
969612518
698510296
953556910
785119338
226923760
683060230
953255023
663318470
672090569
753707770
454591581
103017328
858045732
476388294
450933548
244434555
104572914
336747417
853344087
986172470
620614856
426671435
254467582
123334391
825668076
856763940
942565119
384104121
409008382
752927622
943489823
347914012
113364700
373270941
716284695
776738905
164662416
423665776
971018141
238118929
116271460
751034305
894274115
898722331
245286556
225368996
933361968
236518032
372183496
601632089
858454485
678043294
503352766
700436171
797381228
878020688
856423098
515058334
987251025
933601687
985831312
896427235
992915520
284425983
117093160
507341944
636233358
911207206
701112044
290768988
242566187
964056778
844408112
310183872
717588273
421687678
336569761
887771358
372977839
347581662
306133552
567062060
863580620
681438279
939079014
381803841
760135672
462609015
760885077
695303247
487320241
855620991
429874416
234101465
456461666
824153682
315670717
327134091
875460143
737752510
709653531
158076409
981973814
712932967
508430960
701624618
597360398
599705073
952417372
260949968
393332616
514248832
902173639
952157273
233181359
515490318
946292434
166838308
718273864
700588378
913784245
746629926
746897284
864919307
481637927
458457979
661176118
697377758
644750492
906817128
615322165
413510556
885482335
396834521
310669525
282125960
999021419
199721213
455579130
527263374
676898342
579009355
314379259
740836692
169395040
820834052
459338036
173387422
554565120
563256235
729816990
394038710
133593498
661254832
708956370
214869699
909459112
323179933
220580188
435041425
204004409
650872917
210831884
119447194
955314743
270930878
199114466
384529594
937839561
739566903
767514525
821717905
570686309
423495473
846251449
897254709
868076141
861322245
406409659
399362939
124551700
252355492
207910591
185840619
705139811
378757172
441959213
120938087
407719071
413476748
866357553
139465738
435409350
362498300
195846437
449719209
828142731
998263236
423519305
144034393
914503943
496068181
829128914
791564431
885716220
648414407
204128019
173636372
616761443
615596340
380525847
691984064
412956060
251904847
877179487
232524322
326029845
329887106
453165687
299097696
602107046
970537583
564957185
272116667
638794056
966813282
227100311
666171951
690423489
482265995
542126802
903142804
527153848
431434829
601435586
367301377
796314508
118463727
986700681
736520211
900323946
256970113
695347510
549466498
975868943
819418169
416295760
471200110
503694459
883225363
338655857
142507104
803272963
989071489
584250101
998934085
461339395
978922567
299987122
805448474
742639614
751007786
587059863
866237129
639821889
438135513
407385689
924272130
281002187
164141603
599105982
805682766
957415579
412110270
750782011
433276753
359407936
909876409
157995340
222592240
494688619
419037166
833097512
887679392
844558614
977903837
332659541
380488591
553744964
811457890
956691472
457933406
309057350
129556330
319560579
436571614
125758169
936838021
704582146
381132029
437827379
316460554
333793303
255489379
990387239
128032576
357353438
386590904
148765510
945868189
232374963
262730002
411374795
776731851
425216123
332820865
117375263
237613177
139740260
993194394
549720458
373701246
813059388
678951737
718348094
882702393
926470547
452781702
396495667
930316016
465377171
407265475
730211108
583133844
772496085
865166664
581292803
717829579
438360195
197236047
471256934
419747716
749623596
844138930
337399808
632404868
403251528
686637286
770522682
363582638
355481174
964085747
397352267
760410344
211472247
307542664
225108633
787670813
760103470
808906747
112566311
449103058
441586350
946671622
763703760
473649253
775634955
588012910
441835709
198603718
560502473
197565012
466167580
665150958
731217416
960836261
293053594
388779176
229278831
144330156
120245034
802205093
317102707
542779551
724379440
249992051
185244840
651944176
873798434
995817932
460047538
116743144
639474319
970889947
880169703
676798261
312906086
847042305
645476484
355762307
492389039
122790544
684119792
554071737
579993180
869284483
737278995
225000636
925363153
128430812
972744591
931009101
922414713
147260139
362477252
528654719
403769398
939992600
829315821
603901492
194171136
683682912
869031731
751237889
593155546
447434639
939289509
963280541
900813933
551740495
601173851
968200737
443822834
637109748
111715082
570598645
907824385
214681704
142953891
446891238
181424165
944791780
604875499
181843237
588538932
589005878
613599121
574838283
282892577
606026322
322905097
367905283
134779921
377436462
685709103
250040893
627202466
346683351
895111466
687386551
161000197
503477553
627571994
452149724
690587401
132031505
758276833
584766095
223533434
796578257
255043177
439060437
991863042
179805428
473215725
834841529
856701265
933407863
458892573
649305412
710604846
182850024
657734459
914060070
957021840
362727542
648740266
697332620
878259424
568669675
216845950
474025531
520284313
928640804
846277627
473149118
216901103
272626363
810773429
249117831
347562318
399139983
910945073
649516546
482895511
609980701
219991978
276859796
812934792
793550182
173691768
375657023
107166631
760431200
451695199
711604912
264376927
769505374
411113281
175898525
989387481
838883222
726710056
763072963
727872131
600690196
754325196
846706097
881720698
779087330
543677469
320850047
516694243
944924190
818998935
374967335
431139085
620165871
905488732
890860622
103985631
285115779
234503027
519278915
754418373
568280983
964399462
904102259
944368515
670543719
808394648
806433935
987556314
381534919
110571382
978785227
974072788
515687167
755090644
795516017
277616545
914171540
333987697
263794321
550066454
591447532
463257652
823843338
122309253
955140779
894238105
593523835
196584994
908800442
718212935
243883206
816517825
567714891
529114388
635463602
748349392
392224280
762346705
890080194
448376454
967112713
391068267
854842315
124861173
497946943
933065036
951801753
332669666
795477930
954258146
521668629
838181790
263153607
559905862
100803524
372527263
711448466
531158551
388062727
667263452
292551585
543660793
657770862
796132964
864332437
211438926
574816961
974839803
588000480
803223773
609965606
700133440
479500778
433002291
797747156
955395755
619309799
120462095
571452244
919926991
870343939
390265519
728493266
767889331
224487040
256186235
523802894
119364414
529170191
901032096
384605856
424862543
894980774
205693188
337915541
667297534
402046817
576450186
460543540
174140970
448701608
190233330
946448380
578237048
603823857
583332539
114219048
340007461
537481427
200320556
330664616
194575188
434717877
496527930
388003240
549828874
547222779
192617566
930376097
523240833
919556323
408337457
765949228
501256448
607413027
511730000
365943589
971734531
375761556
984350409
600490045
312610519
741860021
664609978
112089014
558211138
166094892
193823147
878428956
405012621
676753544
287193717
388777460
228522982
229033337
873683808
204648909
851529723
559286625
118766631
977181425
558463378
119049819
451990738
184971093
379959795
842789430
613727676
426799682
691251307
372704091
586495154
487648867
215246764
894303996
109918288
379371581
555870734
440192781
813329165
286834659
487959724
286483507
429634597
913756389
938609136
410913744
846384915
845211597
613703950
472779345
120783373
967822912
957485353
775552282
525850096
289942735
879680170
616044361
223325012
405794731
301379162
300431772
829977778
791092477
939206395
159006284
920260651
608593057
934227810
457471386
243451491
591143084
626089244
803185187
424949086
512342135
176229604
287449209
405163177
596343074
834111617
947866685
321129313
526162647
590969532
663986905
114422980
856845612
818909679
671990055
519409791
860352318
769265645
793113305
414035423
357196814
645870998
741184007
937435708
883104995
117455307
307113911
882150461
457043208
923315349
662132207
597053392
598946712
681274747
610558738
812926169
542121336
434985024
689951055
584835486
418686165
863143215
524384973
684427921
556132443
928332966
566205388
721140130
659846378
640411905
859307911
421599082
951554230
685562928
566630354
374160361
888530348
494598773
407688889
922726198
973278477
993739902
473843708
968259429
565851251
715798439
160520926
851372907
570189313
115937872
182219132
770210475
929044939
506827461
381824454
499445011
916487977
530762914
477552690
181081254
787945967
938843998
222259952
199774050
857126914
630190774
773623774
175451992
995149292
678260884
367108051
361107592
531743390
771866401
549956499
945578266
368371225
585961401
823432421
207026980
738604441
727364606
304326907
515925591
306705703
486815495
363809313
186632928
667963091
724176487
239919296
983158479
169018922
824036513
297850643
238096420
195568105
765086038
576054037
390512073
800048549
862713843
674787466
279543783
286075570
143242583
118423443
912260225
277531854
783198328
108433028
560600743
597024101
153570360
604966456
653936025
785262171
929015572
137528159
593697503
704904497
586356032
472402665
203877791
960355436
114257956
170203573
988835943
164905702
516409425
696216535
219780059
956890393
163707418
326557877
756936182
650271737
382564366
413806519
454760756
432309412
159979063
237004336
782196775
148099969
777432542
993861410
235979498
490269095
175617873
646283953
709342944
280297593
611516946
840250204
477066122
383426618
106186715
515013529
920556466
874657324
561693340
406789808
284397869
518328318
841628698
268292488
113243419
970836138
347911656
424431653
687859163
417223262
377653428
501363077
601595756
253883649
951050872
756449517
172998761
415328811
679765679
193558730
602326944
543940822
749124744
705347630
977162736
303720927
799156437
646253681
403426177
963113270
427390334
842139207
646908408
192559608
899195333
433945627
997322285
767589719
251922699
249848348
443778783
610558208
782682415
371609837
186362590
849802402
948404443
801755072
355325178
186494955
365015814
607147915
507371922
720008787
661094681
653661559
275575957
942347176
548371212
185010067
941287647
444712980
248039793
519823568
957781393
643443580
238216857
682900995
112423978
574968213
870404159
480756553
998350390
153464989
193575273
328227900
739933500
683498202
523059873
772143575
773231709
246892059
282977210
776562337
117059350
628096971
436799749
408182467
111186433
132593076
460381203
828434304
646554770
887855244
143167832
179275805
408115892
629137762
651706261
123434961
468967881
483029940
420086917
911845125
154036939
994020824
431884078
984496797
586102850
422147762
861214182
733154942
856349560
388264616
564427742
383136529
517889404
832737009
282362859
808793593
571790794
813186232
598247762
331714707
522276276
119197776
400291923
211690306
979654502
407529869
247867757
803476831
248534044
915740368
821307252
467994536
702122859
227583794
142129347
450713375
398991933
808078491
286210656
751061538
987185245
569143153
628169510
711708271
634969459
725464019
178288996
561844096
974632376
588498458
134641498
227255679
320335373
412645333
150892153
606625245
329287162
890520789
194303214
796122990
508382425
164681042
954381868
911916602
449750171
979253170
304415767
296185706
282636933
730196981
788563531
767775338
184265258
729842248
783344252
246986275
607394389
362023372
698153617
133021685
742263632
685805864
323016805
425966313
376843296
973385840
707716095
996222327
622946069
146571378
200794784
779732981
329713678
865718477
401052111
734683129
978981892
702027126
804975078
787208260
522698038
986793905
332434150
368231423
281644188
570002721
883829149
900320352
345854827
462650192
196652733
872767258
986453157
935804849
785708794
548099393
833976293
589081075
146972352
435062442
468255927
104262466
628571261
612349215
885166565
603708938
221456298
829507423
381581975
629180656
716198988
358547303
585745399
517308958
947504210
647399456
629543524
222485810
583090553
925970408
601241030
315530619
509734144
527576395
727470065
709416910
132572603
187459309
441862517
570200912
719332915
515603516
292635996
828788681
420851052
114740143
823834990
544409948
828272164
156464517
949205816
267297685
246368859
326943686
930770488
360984742
918050527
107653760
286539601
559809839
270326919
260562408
969092007
908403350
581273346
147253626
223426322
972473088
201980567
284089647
887750587
890911824
591025726
760976245
546016130
546182320
174226903
867485863
412986220
288489460
682870518
623870534
103355198
423701656
963012555
539047914
676161484
557073778
933343296
786972572
889518618
807302061
947641196
980805070
594490086
521007409
928381963
855646926
373896196
414699566
655378308
624152907
128855047
652928643
667634618
132874772
418989733
448868644
786208155
678321091
242211665
361881526
196402327
182522882
575880808
337117563
258376521
809128245
575792545
761065292
516814942
820320824
612202789
541859747
449147163
659823699
894521594
544241735
677738754
768663191
289916595
696949494
955456762
756023045
174185976
368822578
709140113
367186826
448167151
803422336
241693279
188918649
422056969
619071575
549450945
368811763
154552045
642539467
421154794
899441746
783242754
906360136
557845280
138262324
863960654
419821657
401124623
963851229
457026022
107361296
656544012
621431517
699088991
202660933
681082455
606309614
110385904
679886495
513709519
283973487
551239574
917003771
183360791
890836840
711812970
539868803
473425373
147296186
628021506
889083205
909807125
603514031
916180308
263952125
437410632
986628681
780380580
119460420
418565630
343802821
900867772
524391044
764412297
189562342
346493458
605453569
686768590
223596671
941917887
824421388
608286010
702994544
539330554
174476720
129678368
616628704
633153514
994895491
857359710
519861620
473808324
664181980
133941537
486470193
568089995
779096080
508569453
154012282
301152868
382747417
204947573
295940494
949462430
886878142
325015734
733329557
171424623
370873446
921044829
831645779
738766129
826136662
262692915
344143536
846421943
911310534
554176466
642833627
713198812
299217011
490940256
280821864
385592845
650497166
938411868
802816614
585298917
996503515
534225450
226377316
275697190
287786229
335932579
851835108
604711566
542921597
220744999
673996317
849216727
400878575
229087389
109468840
884436613
555354697
121294498
484846248
535783937
112997587
786779574
487602137
593422116
941703127
969447528
746995269
856959122
415381942
979390277
350589755
705122413
387828234
601642402
510320085
752791972
856086943
806304145
638495529
234859768
448383233
320291114
146193755
781830578
607598586
134820919
739843783
688462055
313283411
475146298
358824206
666080530
179282859
353467301
393074790
954423178
165852184
648211623
358116082
526666618
456794127
594436620
725607277
133181831
489738495
276864104
752111599
168501124
243629970
104198287
284675513
693686790
900203646
116612549
138837915
207501455
699904519
714173834
706750340
858635226
248557885
136457655
526572262
748761335
781071682
714596564
390412414
108258655
805254502
505798396
806340691
300488475
735651176
934745287
757807238
583573784
807917531
777718570
527644418
869588821
203260379
622924628
210325646
840899504
467583706
961194018
973943582
227560587
450478540
209799764
968049676
372880488
579981953
238828416
523822877
686599292
107191042
154845532
266980415
284384855
430209831
773414765
869138127
429971151
639027288
330796833
950306510
935114981
204853385
899573553
570816791
791586416
725204280
343143496
192053394
145924691
448448400
911027510
779278969
419525119
636399895
928730563
439002341
116462318
929844135
622349968
602561372
665316861
495385662
647068232
147603147
142086790
686262435
188543294
502943119
879198507
247050560
810044946
457685553
545131869
520974199
331061830
710031571
813207901
784006628
833381487
766019908
601439141
615067525
608861446
102762851
984963824
769581341
320827514
462450084
482603738
259648656
683260461
746020852
981301128
825609950
467665700
379867701
154286743
961796373
277286195
588694059
460884861
614736238
808630151
449996745
184346544
940568119
122423586
686507091
365373993
259224571
479151276
629853067
308045388
249321940
386334484
468605001
852897228
934458253
459601849
341156814
842455628
736061067
529094230
140865464
439439375
525001167
494256470
635943128
518498991
955408529
508131805
461351256
448426187
447265093
679531140
173363395
165204046
153451203
938958129
272239134
303370034
120953427
830770853
922274913
558068745
432539123
844717319
404247383
945100357
793355785
582563963
844446561
470718729
717833110
972367870
515395719
600214121
351039232
526392271
193875970
396107057
287955036
793551965
983119733
965518368
636551032
694983559
907378014
504228696
385856716
617738536
432777259
457723652
613738279
220940780
125854385
440226276
907790041
311859092
823995295
183578826
664654165
429107206
925820139
620029943
489714969
963380876
626033205
354804643
445262411
529481087
649218457
837911378
730335779
331603097
404532362
525383509
401463525
871477390
409499590
646723280
754765316
545096285
780368660
228686474
320757490
606369168
516994943
595177015
290703418
195829813
693276880
162293109
883666783
749225779
124818864
387414141
805486083
190449171
954565948
515496492
361727936
246547248
715729549
189112031
928249716
949878443
311856561
851822675
240760613
596771970
756722446
554054776
111072229
717068340
786387268
105593858
686784876
594859856
980169741
756328571
161929282
524578459
582325896
435629332
364115041
466056664
384817961
132754547
836066384
139329799
612279201
904321003
999436723
173628252
459074656
701193135
803035371
274201829
471663289
254534671
831297845
553458918
487286730
917734361
556660024
121584497
915833929
477330320
901820616
426325143
647116985
504055777
231614499
788733463
760598398
585921490
458094393
878573269
260979108
939502827
560437240
422427810
672867613
303744972
497018370
655166185
851389808
816088798
852170446
493136711
725964897
936193079
658716122
869819413
459757520
589293267
566367356
798994900
590041817
236793868
957167699
179943185
754079371
588505207
358393964
498551820
460676245
439322856
533304752
465788171
752609266
498598741
509217089
518954520
905854993
169081247
748519701
301085221
329274700
324002220
735459024
697957648
909716053
117100911
767941168
786441616
771230831
445949997
430180377
167683413
766725780
892446841
671366832
863566797
845179025
124553887
134969390
848771620
637568317
506212458
409936561
914990891
461438082
622020352
661437096
576402025
923026465
479378506
723365777
530445410
942458177
459495656
356524226
410454391
753724127
950232918
884618356
241113468
470085893
604260946
551434690
531537018
160761800
739571781
929384430
681440433
822250007
549467734
331220950
317191879
469227205
159696349
409509120
390923160
650927481
656797846
721252539
273218617
886024506
661847941
282588699
724805449
911647778
133014085
189524790
566461528
118466431
496535119
836265757
256713360
704580178
818639455
858695651
451206946
543189557
623451439
694435443
542344206
463773880
525555676
511022191
718117291
969100961
542857059
565783047
312480289
346858878
995450530
794310286
321497491
666220952
167474555
556688467
627666186
989205602
706084535
553911582
318539510
859972854
799563195
643232191
973158977
220131950
556100197
521959715
192846221
730991349
493497929
512342959
837616450
702815271
477737518
337428763
552318930
793092227
593998462
959819056
250471214
686678621
251973176
803739975
817052676
218810062
804972200
291288869
136254841
354912770
452452363
593071171
231493681
970404253
290853322
128227292
672968016
214585477
428775867
568833386
315513021
148723034
689123399
700357925
381706265
424012846
914999812
920750548
502179731
715030115
742150922
155096364
409336385
292826448
910937885
502579906
701726757
374453591
562290784
226597623
956926448
328738642
244261327
975002088
128487406
734955116
790384554
681755605
626672900
955788821
117054155
669757199
270113346
779693057
594513005
408862379
330569004
997083576
392646119
777547638
782040499
920537580
799985834
317303786
471453107
597416927
866885227
831729443
114238114
555798820
458200524
988100119
996176950
782572560
602376300
602736135
305533540
920370544
350791708
704427225
133757268
995347938
137384497
786358382
148824582
331167516
782632247
873452495
322321349
678270409
580055664
686940801
548816511
296772104
583475464
154245727
206434238
345644576
339099922
763104899
509746060
261150443
682544777
195322858
694072850
889541645
558869255
480821267
695969308
880517762
239296219
958795715
281358159
397396325
725942652
684215414
950094560
632785373
936357495
467968932
960380880
654104972
437951236
286597585
409290856
798022429
605862206
903293786
684490797
970522722
646023498
458586922
347272647
734788450
349577123
688019480
711373133
316665435
822602545
762549062
458080116
654995160
394682011
993531662
155830415
744816508
317127636
464498700
724916100
987034242
802335265
198013458
358579363
883352928
850817645
363402218
935608412
450868885
599923591
667021168
733681273
805514159
482035791
743198281
937409810
429512610
556760513
573015434
488322452
448396563
754600540
339719466
344920724
405465153
958336379
624229092
185156164
792956135
590643096
873300633
474437976
651496399
393511819
806463032
944941305
151848229
524442022
135173789
879510219
955273452
954608335
232704072
282634928
496429169
286857466
402925683
866303859
259542162
743445629
867196676
885661390
586383543
906756101
521552437
507929192
563079120
876998918
167074237
630569780
286254698
529782913
612534759
548427957
334799322
731745545
457775878
619491032
656923381
967671447
909248986
409855697
290344206
125617553
813999429
194477901
868840088
926083707
291275818
854509465
952677472
669739018
740229811
325987424
647879377
492052006
177065560
427038342
899405971
504710285
607154135
704592857
578270689
131695744
645497674
393068871
237996372
939133233
216589082
276302996
450278280
804196762
624571934
296312926
168280852
753821016
500756771
569990089
196752638
511276695
876127740
186107236
960957860
233271580
605247936
863274330
466280880
454366316
690213359
911905378
237119528
314955992
118571065
564074569
972740680
826309718
195782695
820613806
697555432
814610297
573313086
284712377
912233262
816220914
455306541
460646362
745354749
120273491
352454411
408810330
799907600
336071022
391003046
529394212
326814142
822624409
914738435
601675087
337666305
404726015
606774241
108845589
350240178
165320083
669543087
440885357
795049038
534706943
533296619
996117189
693056455
255650324
583817782
521182757
962782750
688290406
383743992
410249749
101572521
554746774
203754359
356278842
537446402
278147178
456799788
692406171
111784265
985234175
315742046
244428547
966585945
443368072
837143085
285849166
875713646
960665503
269475375
821306965
992597754
602375905
320174918
947085809
677956739
673718786
560129026
292577233
811299430
451451609
559072687
326394645
100503169
340513914
157699992
944919877
796603389
381601045
359254111
494687979
586138462
604863904
237482295
612796855
807489168
409056084
165072510
118639351
291793480
194831191
911068967
997278532
355992411
122178983
146771596
984157091
122599805
948514829
478930487
321521269
872565736
251705352
505434144
879777493
302083762
636984167
597513523
917893109
954476820
514163295
330105206
471628561
592887829
409292297
554012362
948279659
337024077
143892361
135945375
121786570
218412710
696742582
136646166
924898726
378512635
637071410
272324427
254733923
858815352
539744357
750946264
916758508
475940586
666114358
144193129
912871975
733078181
725824148
384973980
176764461
856961103
863365471
955270505
620913923
683734285
368565496
944855159
299843255
315844177
266968627
232695291
476642794
526690059
478587083
374617126
447170681
268463553
564306673
964598362
687195145
580141579
459299853
665778969
450358287
507410045
196332614
937947949
957419873
103162352
310697324
737999535
118425484
879027348
550841881
375339441
812934080
558776548
994805861
850672372
628632809
579188737
472108519
908985027
305919120
470015937
682770169
401939889
722095484
841284104
419710825
318602573
370875632
563943801
261324498
708384582
404829809
187388013
936093931
131204036
363426587
436425064
923494820
955993634
571495514
148016853
255467580
424545931
608565716
497871520
224132357
791505850
381008098
193637128
100892689
269063621
520747924
331028828
474206054
553606619
239002011
816493714
840580098
496005814
712930212
948155636
735463404
480190505
803816149
902737903
143820010
647411396
441088714
367466031
217899916
849149685
442606301
957574480
302822430
179139375
737434488
447316847
924716713
605339480
277056929
553044882
739001030
542059164
416821995
102695623
951609375
233033442
209531038
507613647
447937607
210883543
852221369
733255051
568549999
919618181
169232696
795226041
653032983
574146980
101369959
660826067
746026464
652481211
519284933
322169191
219294601
485212059
108911516
513793726
295742741
386755697
418250620
700032358
824012228
209014612
871717434
923474709
692806855
539963508
741158969
798753493
990095814
573745889
246789449
557260784
150814620
438302950
571398872
812121737
686481869
285066468
216108880
902463181
129209100
450349325
531403460
346809965
155363125
386650735
373176416
660306261
612382958
959014925
622480422
575540174
571534572
801667296
141516033
258537112
456190557
484800753
697810414
706001453
909998541
778030607
315052931
488136974
105314911
486316894
874737140
190730149
563008111
229527929
968101078
757778558
112935262
966733039
762829868
642492767
530045744
313646169
928991138
200029877
552289759
820066362
848952718
423332282
747610169
662412909
553419149
320016203
280750623
412717495
968075009
746691092
457644926
720089407
102765738
932758825
853180067
698386836
944126339
178401499
174870248
384344044
231795317
418495555
455926766
242509567
775512598
627826967
934355205
342078017
967119187
392493501
473524804
859171465
966127982
234443017
275208075
548392572
332278970
870926885
964681261
576141803
712784456
206358942
422463827
935722046
511785236
981605031
435634778
767317022
433772355
272911081
658222385
130959591
230332097
178097202
345715185
983802941
412057463
557502098
967764271
217314845
788913367
724792142
784669497
213886974
470108819
680397732
282257649
730911618
940163419
520211555
506356215
527716556
453670039
664699648
308925891
765804352
192423772
281100248
844135780
972704007
556268529
608681724
305586970
707729346
760478109
949485477
183244501
955672451
296287694
616698626
178214536
255204348
107874705
549790431
638489947
268551721
501780268
594342266
999183462
204958039
108816879
793899647
130826590
603780419
361130849
197561557
348260188
172129745
622641887
575853042
821302045
925755395
839896740
298274924
762487898
753314880
372113070
751910167
920555287
656062035
810293801
563438604
276769676
849056941
335270834
854583132
853532536
642748732
902541919
989215793
741365634
231378655
918098282
630964500
290714655
260720778
533837089
958558911
546461871
982586660
203756865
100097675
297384151
266129809
905722567
404641160
246164793
164139910
298987207
874043917
420987098
145578880
229604771
472730478
291064577
477711859
790089163
681176311
148374068
163453587
288262911
794614653
651194789
429188006
137654762
842926576
399080925
576444295
734337478
517111714
939073455
619938688
505997912
724423515
895520991
211732036
200505896
716257169
497572908
707061683
958854323
504826923
610917456
862120404
500854301
825454159
905095536
382371041
629685584
482338295
584912009
654161925
673619882
297441529
258787462
695745082
866311163
558963100
173091306
163456917
781560623
851745215
344130963
747994054
581083691
499993367
887319275
741837116
882297040
221655021
345376854
759467121
973499957
316536087
249208590
127144006
262780213
934364491
602576702
907663858
631670045
257201962
417795104
156841665
386844690
490807242
503348073
922022766
168556596
721403519
989217938
128037734
737630473
764616685
240736878
327520138
739073085
882558050
186799009
281627822
680142304
347301863
166196069
669813344
715657660
179945965
299037590
367179174
117058376
760613917
574888748
306905807
318795892
199733459
952622334
867755082
105867852
663633819
689898725
141799560
590767412
140544114
295047164
772570196
567311448
728471233
451439570
148867349
103259576
951395766
843165049
289321621
384010160
618976882
811529119
770675106
304486575
672551651
583904943
822227018
896155489
826288571
203895906
478481772
353724951
164217466
610834053
703412307
724998479
363448106
548677170
408913817
686253824
289444584
316359673
660623298
627917685
965320974
148836735
425931168
307576641
127066565
385441891
333063637
233026906
403843915
574054546
675973050
281155733
613847874
260254617
312200300
748820039
617612967
700001497
837150689
153611496
834552827
962205773
599098054
715762531
181251638
422107308
340519176
639465721
423975592
271941244
358599266
220328138
342274149
825458836
240714716
687807523
847090089
239037419
558084528
994242982
641018767
406133633
386938636
864327667
155342741
980107593
186104505
970135163
669101963
228778845
171093045
218643934
420255038
502698222
848405821
999481108
203239368
279161939
637663764
192809832
540759266
310078570
311004919
716090079
133465246
679621203
803901107
321068457
944894566
844264921
903946158
611836953
727341119
295749982
153016205
639278652
718065459
593717724
157861935
817289069
285649723
195993252
378953087
297773700
216776796
193573801
829450211
951118549
664217669
903283425
526389198
432239107
593968573
106244988
753162470
877960690
734127408
577726823
255008149
748216443
123751600
682308390
738612233
613003657
497268989
133332838
130866791
553473302
366958067
267366574
182126087
169994640
702410833
532258469
831171227
176549793
897351322
320011622
198373488
416774162
737487093
963506704
825326932
273472933
697627298
415426381
498796423
714270775
916328217
850920179
799900272
206240722
285968401
987494915
473992610
936117800
631753948
214213732
209761109
930237153
476741950
763035933
884997224
372707575
704113648
418451295
456686891
127761402
792830617
606039519
953977726
357649442
581267062
707239206
709231192
442971757
631058966
845440538
461717448
828547173
176911535
461876262
760413446
566883377
689154184
446684855
297830709
527977405
972459142
124941249
636635018
744879555
439228101
354506081
894504107
533749425
880337873
648712600
487704679
591394421
226779474
699111140
736959244
123881972
766273100
492821361
686902472
939611741
827657727
205700105
925752109
604773330
623119026
460839342
328921629
875246867
173789214
545734179
614950964
799770197
513024787
413734100
615496887
611999261
666688885
663169945
855103333
877126334
404498549
563152548
188709667
509638304
153153565
422272120
422608093
328630977
831876486
964606226
864729348
577373792
454965646
939274462
966221405
843663340
847635345
534662089
987945944
396300774
565287366
787457662
977443427
933864439
468387708
210361656
385863223
305093197
252813201
682762950
132104076
676874390
189447889
888212019
460994283
488763373
153896537
118609156
345279443
142926704
639915581
427534965
300339946
957057593
330567240
917343045
820655724
330009985
581614801
504555478
342179827
189701051
800093912
213297707
493815040
651386611
265206457
740520620
293264529
722019575
138689165
606617222
998914065
215603527
259422240
759987377
453777845
382468878
266534248
794346989
802881441
341348140
401189052
954564251
620032490
852547242
351019051
979021553
862799306
741097020
183333589
181186755
853037730
308763559
953970411
536683758
109770886
407619960
176811807
884149517
115274656
818689744
896278453
649951055
792742261
480876291
421681598
298475116
180522357
948617119
258353617
146861314
924374349
493148922
183530192
558069240
608040192
646378263
977943463
626568834
767617819
848038730
614611236
584861210
589582136
780722180
313471651
188971617
465647204
385721625
616863807
777249730
185503514
548433810
563387427
777464415
385445728
557775596
273415415
698735019
615252246
832435976
207880162
315742067
982478702
973110273
675967793
165096131
999865145
996791060
855539132
888412669
600315742
495735677
977155837
893491884
387526864
431756387
481918313
564356622
672706312
467902927
178219364
938366876
111006554
378964219
951778572
912694454
728363081
295932604
348489124
693190098
341864844
343818458
456351119
N: 899205482
 