P: 602159144
616333
290437
137280
636182
394832
334705
431901
310393
183709
346180
520314
918155
827797
957183
196196
703928
430509
535829
810029
785846
591831
976036
643200
532151
896003
474477
494046
615816
746580
158988
711532
620896
525394
781572
427837
516911
670185
384757
792759
627833
511206
882412
913316
669158
806460
250961
117403
393797
563000
216865
656729
609688
211348
227381
587513
453708
168272
571868
230180
799581
412539
889117
630543
152145
224280
196755
293859
856385
664976
978490
639866
641588
257184
990242
821942
938786
422032
100769
148119
864705
796285
667769
961158
981129
483705
567605
556258
326096
165694
293620
707615
568862
371849
415845
813288
110023
794427
904110
139674
734309
254974
181758
417247
311998
376659
425630
905328
965345
131881
640380
130465
724745
843181
601600
764937
452404
281944
370813
463338
160785
565934
251635
222898
929745
931358
173003
329348
830706
595520
825015
400620
581502
350104
458370
196038
525556
438341
995337
434227
288534
837990
590258
228248
366748
926962
311014
253240
725922
312339
796214
846085
284884
252789
655248
426951
676929
972145
706028
600378
232628
283099
828044
114936
824094
982354
539003
316033
934629
387587
970591
192321
611153
922594
654782
774695
875567
166385
421213
587690
589061
249598
120706
624025
125136
455878
788610
225148
874146
585459
707802
564082
459592
961175
862940
136960
930656
214829
871403
119893
917501
903832
595554
389570
111619
545212
485451
761525
851929
103616
133914
290829
100203
765359
353070
429897
708049
606596
486155
385041
181281
866154
281155
795052
773439
944255
513922
884021
316802
679659
389163
872437
317873
581808
487657
776148
456049
380379
359468
424643
566905
602742
812525
516684
787025
673983
711321
726448
552014
273758
266716
618872
N: 40134610
